==========================================================
 ANALYSIS REPORT: Week 9
==========================================================

1. Performance Metrics
----------------------
  Objective Value : 3,179,300.00
  RMP Relaxed Value (Root): 1,680,550.03
  Integrality Gap       : 89.1821 %
  Execution Time  : 99.3939 sec
  Iterations      : 168
  RMP Time  : 56.3572 s
  MIP Time  : 6.8010 s
  Pool Search Time: 3.4326 s
  Graph Search Time: 32.6048 s
  MIP Decision Variables: 945 (Columns used in Final MIP)
  MIP Filtered Columns  : 0 (Removed before MIP)

2. Column Generation & Pool Statistics
--------------------------------------
  Total Columns Generated (History) : 1715
  Pool Hits (Reused from History)   : 230
  Graph Gen (Newly Created)         : 705
  Pool Hit Rate                     : 24.6%

3. Shift Pattern Diversity (Unique Patterns)
------------------------------------------
  Type: TypeA  | Unique Patterns:  345 / Total Gen:  345
       -> Avg Length of Unique Patterns: 46.3 hours
  Type: TypeB  | Unique Patterns:  324 / Total Gen:  648
       -> Avg Length of Unique Patterns: 36.9 hours
  Type: TypeC  | Unique Patterns:  359 / Total Gen:  717
       -> Avg Length of Unique Patterns: 24.1 hours

4. Final Schedule Assignment Breakdown
--------------------------------------
  Emp 0  (TypeA): 44 hours worked
  Emp 1  (TypeB): 34 hours worked
  Emp 2  (TypeB): 38 hours worked
  Emp 3  (TypeC): 24 hours worked
  Emp 4  (TypeC): 27 hours worked

5. Iteration History (Convergence Log)
--------------------------------------
Iter  | RMP Obj Value   | Pool Hits  | Graph Gen 
--------------------------------------------------
1     | 102,012,000.00  | 10         | 0         
2     | 72,052,400.00   | 10         | 0         
3     | 37,144,200.00   | 10         | 0         
4     | 23,692,400.00   | 10         | 0         
5     | 19,169,400.00   | 10         | 0         
6     | 17,291,688.90   | 10         | 0         
7     | 14,183,200.00   | 10         | 0         
8     | 13,079,174.58   | 10         | 0         
9     | 12,522,659.97   | 10         | 0         
10    | 12,066,487.50   | 10         | 0         
11    | 11,943,664.35   | 10         | 0         
12    | 11,842,005.34   | 8          | 0         
13    | 11,792,240.00   | 8          | 0         
14    | 11,792,240.00   | 3          | 5         
15    | 8,198,545.46    | 10         | 0         
16    | 7,914,364.26    | 10         | 0         
17    | 7,756,187.70    | 10         | 0         
18    | 7,722,972.33    | 5          | 5         
19    | 6,517,573.62    | 5          | 5         
20    | 6,131,587.33    | 10         | 0         
21    | 6,112,140.87    | 1          | 5         
22    | 5,407,558.08    | 6          | 0         
23    | 5,400,887.49    | 0          | 5         
24    | 4,692,714.82    | 7          | 0         
25    | 4,682,926.44    | 0          | 5         
26    | 4,354,494.13    | 2          | 5         
27    | 3,881,934.41    | 2          | 5         
28    | 3,362,317.79    | 4          | 5         
29    | 3,024,625.98    | 2          | 5         
30    | 2,831,809.61    | 10         | 0         
31    | 2,807,891.66    | 2          | 5         
32    | 2,683,396.82    | 0          | 5         
33    | 2,511,509.12    | 0          | 5         
34    | 2,435,494.86    | 4          | 5         
35    | 2,400,270.46    | 1          | 5         
36    | 2,318,001.54    | 0          | 5         
37    | 2,139,140.90    | 0          | 5         
38    | 2,100,551.36    | 6          | 0         
39    | 2,100,418.73    | 2          | 5         
40    | 2,012,183.95    | 0          | 5         
41    | 1,912,342.63    | 0          | 5         
42    | 1,904,240.02    | 2          | 5         
43    | 1,870,064.38    | 0          | 5         
44    | 1,828,171.77    | 0          | 5         
45    | 1,791,161.83    | 0          | 5         
46    | 1,772,793.55    | 0          | 5         
47    | 1,742,060.72    | 0          | 5         
48    | 1,742,024.08    | 0          | 5         
49    | 1,735,106.79    | 0          | 5         
50    | 1,735,106.79    | 0          | 5         
51    | 1,713,367.93    | 0          | 5         
52    | 1,696,839.64    | 0          | 5         
53    | 1,696,382.82    | 0          | 5         
54    | 1,695,492.68    | 0          | 5         
55    | 1,695,071.12    | 0          | 5         
56    | 1,694,168.24    | 0          | 5         
57    | 1,694,168.24    | 0          | 5         
58    | 1,694,168.24    | 0          | 5         
59    | 1,693,585.42    | 0          | 5         
60    | 1,693,200.74    | 0          | 5         
61    | 1,692,554.12    | 0          | 5         
62    | 1,692,383.22    | 0          | 5         
63    | 1,690,865.61    | 0          | 5         
64    | 1,690,261.09    | 0          | 5         
65    | 1,689,857.00    | 0          | 5         
66    | 1,689,421.48    | 0          | 5         
67    | 1,688,825.95    | 0          | 5         
68    | 1,688,557.44    | 0          | 5         
69    | 1,688,460.83    | 0          | 5         
70    | 1,688,305.97    | 0          | 5         
71    | 1,686,682.44    | 0          | 5         
72    | 1,686,565.62    | 0          | 5         
73    | 1,686,062.24    | 0          | 5         
74    | 1,686,062.24    | 0          | 5         
75    | 1,686,062.24    | 0          | 5         
76    | 1,685,988.83    | 0          | 5         
77    | 1,685,774.08    | 0          | 5         
78    | 1,685,541.28    | 0          | 5         
79    | 1,685,462.70    | 0          | 5         
80    | 1,685,412.46    | 0          | 5         
81    | 1,685,412.46    | 0          | 5         
82    | 1,685,392.33    | 0          | 5         
83    | 1,685,166.21    | 0          | 5         
84    | 1,685,166.21    | 0          | 5         
85    | 1,685,148.13    | 0          | 5         
86    | 1,685,148.13    | 0          | 5         
87    | 1,685,148.13    | 0          | 5         
88    | 1,684,934.85    | 0          | 5         
89    | 1,684,859.25    | 0          | 5         
90    | 1,684,740.41    | 0          | 5         
91    | 1,684,676.46    | 0          | 5         
92    | 1,684,609.76    | 0          | 5         
93    | 1,684,530.06    | 0          | 5         
94    | 1,684,088.61    | 0          | 5         
95    | 1,684,088.61    | 0          | 5         
96    | 1,683,827.92    | 0          | 5         
97    | 1,683,492.19    | 0          | 5         
98    | 1,683,492.19    | 0          | 5         
99    | 1,683,233.94    | 0          | 5         
100   | 1,683,188.96    | 0          | 5         
101   | 1,683,188.96    | 0          | 5         
102   | 1,682,939.77    | 0          | 5         
103   | 1,682,916.34    | 0          | 5         
104   | 1,682,896.35    | 0          | 5         
105   | 1,682,690.14    | 0          | 5         
106   | 1,682,690.14    | 0          | 5         
107   | 1,682,690.14    | 0          | 5         
108   | 1,682,671.24    | 0          | 5         
109   | 1,682,369.93    | 0          | 5         
110   | 1,682,267.25    | 0          | 5         
111   | 1,682,267.25    | 0          | 5         
112   | 1,681,961.79    | 0          | 5         
113   | 1,681,843.63    | 0          | 5         
114   | 1,681,761.65    | 0          | 5         
115   | 1,681,737.24    | 0          | 5         
116   | 1,681,737.24    | 0          | 5         
117   | 1,681,737.24    | 0          | 5         
118   | 1,681,737.24    | 0          | 5         
119   | 1,681,639.96    | 0          | 5         
120   | 1,681,639.96    | 0          | 5         
121   | 1,681,627.14    | 0          | 5         
122   | 1,681,627.14    | 0          | 5         
123   | 1,681,621.13    | 0          | 5         
124   | 1,681,499.54    | 0          | 5         
125   | 1,681,477.22    | 0          | 5         
126   | 1,681,419.82    | 0          | 5         
127   | 1,681,419.82    | 0          | 5         
128   | 1,681,356.78    | 0          | 5         
129   | 1,681,355.67    | 0          | 5         
130   | 1,681,355.67    | 0          | 5         
131   | 1,681,346.54    | 0          | 5         
132   | 1,681,239.68    | 0          | 5         
133   | 1,681,239.68    | 0          | 5         
134   | 1,681,141.33    | 0          | 5         
135   | 1,681,141.33    | 0          | 5         
136   | 1,681,141.33    | 0          | 5         
137   | 1,681,135.13    | 0          | 5         
138   | 1,681,122.87    | 0          | 5         
139   | 1,680,894.25    | 0          | 5         
140   | 1,680,673.41    | 0          | 5         
141   | 1,680,622.97    | 0          | 5         
142   | 1,680,622.97    | 0          | 5         
143   | 1,680,622.97    | 0          | 5         
144   | 1,680,608.73    | 0          | 5         
145   | 1,680,601.63    | 0          | 5         
146   | 1,680,601.63    | 0          | 5         
147   | 1,680,601.19    | 0          | 4         
148   | 1,680,588.72    | 0          | 5         
149   | 1,680,588.72    | 0          | 5         
150   | 1,680,571.78    | 0          | 5         
151   | 1,680,571.78    | 0          | 5         
152   | 1,680,571.78    | 0          | 4         
153   | 1,680,559.04    | 0          | 5         
154   | 1,680,559.04    | 0          | 4         
155   | 1,680,556.85    | 0          | 5         
156   | 1,680,556.85    | 0          | 5         
157   | 1,680,556.85    | 0          | 4         
158   | 1,680,550.03    | 0          | 2         
159   | 1,680,550.03    | 0          | 2         
160   | 1,680,550.03    | 0          | 2         
161   | 1,680,550.03    | 0          | 5         
162   | 1,680,550.03    | 0          | 2         
163   | 1,680,550.03    | 0          | 3         
164   | 1,680,550.03    | 0          | 4         
165   | 1,680,550.03    | 0          | 3         
166   | 1,680,550.03    | 0          | 2         
167   | 1,680,550.03    | 0          | 2         
168   | 1,680,550.03    | 0          | 2         
