==========================================================
 ANALYSIS REPORT: Week 13
==========================================================

1. Performance Metrics
----------------------
  Objective Value : 1,184,300.00
  RMP Relaxed Value (Root): 681,970.16
  Integrality Gap       : 73.6586 %
  Execution Time  : 55.6218 sec
  Iterations      : 119
  RMP Time  : 30.3607 s
  MIP Time  : 1.4751 s
  Pool Search Time: 2.2947 s
  Graph Search Time: 21.3603 s
  MIP Decision Variables: 715 (Columns used in Final MIP)
  MIP Filtered Columns  : 0 (Removed before MIP)

2. Column Generation & Pool Statistics
--------------------------------------
  Total Columns Generated (History) : 1489
  Pool Hits (Reused from History)   : 226
  Graph Gen (Newly Created)         : 479
  Pool Hit Rate                     : 32.1%

3. Shift Pattern Diversity (Unique Patterns)
------------------------------------------
  Type: TypeA  | Unique Patterns:  261 / Total Gen:  261
       -> Avg Length of Unique Patterns: 47.3 hours
  Type: TypeB  | Unique Patterns:  304 / Total Gen:  607
       -> Avg Length of Unique Patterns: 36.1 hours
  Type: TypeC  | Unique Patterns:  308 / Total Gen:  616
       -> Avg Length of Unique Patterns: 24.5 hours

4. Final Schedule Assignment Breakdown
--------------------------------------
  Emp 0  (TypeA): 48 hours worked
  Emp 1  (TypeB): 32 hours worked
  Emp 2  (TypeB): 35 hours worked
  Emp 3  (TypeC): 23 hours worked
  Emp 4  (TypeC): 28 hours worked

5. Iteration History (Convergence Log)
--------------------------------------
Iter  | RMP Obj Value   | Pool Hits  | Graph Gen 
--------------------------------------------------
1     | 106,016,000.00  | 10         | 0         
2     | 73,059,000.00   | 10         | 0         
3     | 38,134,100.00   | 10         | 0         
4     | 20,192,900.00   | 10         | 0         
5     | 13,194,300.00   | 10         | 0         
6     | 11,945,125.00   | 10         | 0         
7     | 11,196,800.00   | 10         | 0         
8     | 10,797,267.56   | 10         | 0         
9     | 10,532,043.74   | 10         | 0         
10    | 10,396,793.67   | 10         | 0         
11    | 10,306,046.78   | 6          | 0         
12    | 10,250,964.23   | 6          | 0         
13    | 10,249,546.76   | 0          | 5         
14    | 7,791,653.61    | 10         | 0         
15    | 7,589,654.76    | 10         | 0         
16    | 7,462,080.12    | 8          | 0         
17    | 7,444,075.81    | 2          | 5         
18    | 5,256,030.50    | 10         | 0         
19    | 5,183,653.13    | 10         | 0         
20    | 5,102,707.23    | 0          | 5         
21    | 4,240,506.77    | 10         | 0         
22    | 4,073,906.87    | 1          | 5         
23    | 3,573,770.86    | 9          | 0         
24    | 3,465,740.12    | 2          | 5         
25    | 3,128,201.66    | 6          | 0         
26    | 3,105,688.63    | 2          | 5         
27    | 2,809,632.59    | 0          | 5         
28    | 2,461,297.93    | 8          | 0         
29    | 2,415,778.81    | 10         | 0         
30    | 2,410,284.33    | 0          | 5         
31    | 2,107,106.80    | 2          | 5         
32    | 1,902,614.88    | 2          | 5         
33    | 1,755,306.52    | 0          | 5         
34    | 1,711,327.83    | 0          | 5         
35    | 1,692,200.84    | 0          | 5         
36    | 1,675,236.32    | 10         | 0         
37    | 1,675,140.60    | 0          | 5         
38    | 1,675,140.60    | 0          | 5         
39    | 1,650,369.76    | 0          | 5         
40    | 1,636,223.08    | 0          | 5         
41    | 1,564,061.10    | 0          | 5         
42    | 1,563,619.96    | 2          | 5         
43    | 1,558,848.44    | 0          | 5         
44    | 1,546,496.00    | 0          | 5         
45    | 1,496,773.96    | 0          | 5         
46    | 1,457,252.35    | 0          | 5         
47    | 1,435,871.77    | 0          | 5         
48    | 1,386,769.27    | 0          | 5         
49    | 1,277,849.89    | 0          | 5         
50    | 1,224,916.22    | 0          | 5         
51    | 1,190,789.52    | 0          | 5         
52    | 1,077,818.17    | 0          | 5         
53    | 1,055,826.40    | 0          | 5         
54    | 1,008,394.68    | 0          | 5         
55    | 930,020.94      | 0          | 5         
56    | 920,436.96      | 0          | 5         
57    | 901,063.68      | 0          | 5         
58    | 890,676.81      | 0          | 5         
59    | 817,120.16      | 0          | 5         
60    | 784,110.63      | 0          | 5         
61    | 750,540.68      | 0          | 5         
62    | 720,017.22      | 0          | 5         
63    | 711,926.09      | 0          | 5         
64    | 711,926.09      | 0          | 5         
65    | 711,926.09      | 0          | 5         
66    | 703,177.35      | 0          | 5         
67    | 696,336.54      | 0          | 5         
68    | 696,336.54      | 0          | 5         
69    | 689,587.76      | 0          | 5         
70    | 689,018.18      | 0          | 5         
71    | 689,018.18      | 0          | 5         
72    | 688,459.77      | 0          | 5         
73    | 688,239.22      | 0          | 5         
74    | 687,681.54      | 0          | 5         
75    | 687,581.85      | 0          | 5         
76    | 686,980.64      | 0          | 5         
77    | 686,980.64      | 0          | 5         
78    | 686,822.19      | 0          | 5         
79    | 686,822.19      | 0          | 5         
80    | 686,822.19      | 0          | 5         
81    | 685,438.72      | 0          | 5         
82    | 685,438.72      | 0          | 5         
83    | 684,656.67      | 0          | 5         
84    | 684,656.67      | 0          | 5         
85    | 684,540.38      | 0          | 5         
86    | 683,826.40      | 0          | 5         
87    | 683,276.46      | 0          | 5         
88    | 683,276.46      | 0          | 5         
89    | 682,623.93      | 0          | 5         
90    | 682,623.93      | 0          | 5         
91    | 682,623.93      | 0          | 5         
92    | 682,545.69      | 0          | 5         
93    | 682,521.80      | 0          | 4         
94    | 682,521.80      | 0          | 5         
95    | 682,288.25      | 0          | 5         
96    | 682,184.90      | 0          | 5         
97    | 682,179.26      | 0          | 5         
98    | 682,158.07      | 0          | 5         
99    | 682,158.07      | 0          | 5         
100   | 682,093.23      | 0          | 5         
101   | 682,093.23      | 0          | 5         
102   | 682,093.23      | 0          | 5         
103   | 682,093.23      | 0          | 5         
104   | 682,089.59      | 0          | 5         
105   | 682,089.59      | 0          | 5         
106   | 682,089.59      | 0          | 5         
107   | 682,089.59      | 0          | 5         
108   | 682,078.69      | 0          | 5         
109   | 681,970.16      | 0          | 5         
110   | 681,970.16      | 0          | 5         
111   | 681,970.16      | 0          | 5         
112   | 681,970.16      | 0          | 5         
113   | 681,970.16      | 0          | 5         
114   | 681,970.16      | 0          | 5         
115   | 681,970.16      | 0          | 5         
116   | 681,970.16      | 0          | 5         
117   | 681,970.16      | 0          | 5         
118   | 681,970.16      | 0          | 5         
119   | 681,970.16      | 0          | 5         
