==========================================================
 ANALYSIS REPORT: Week 2
==========================================================

1. Performance Metrics
----------------------
  Objective Value : 16,592,300.00
  Execution Time  : 178.2746 sec
  Iterations      : 116
  RMP Time (LP)   : 69.0487 s
  RMP Time (MIP)  : 30.4056 s
  Pool Search Time: 0.0006 s
  Graph Search Time: 78.6475 s
  MIP Decision Variables: 678 (Columns used in Final MIP)
  MIP Filtered Columns  : 1092 (Removed before MIP)

2. Column Generation & Pool Statistics
--------------------------------------
  Total Columns Generated (History) : 1770
  Pool Hits (Reused from History)   : 0
  Graph Gen (Newly Created)         : 1740
  Pool Hit Rate                     : 0.0%

3. Shift Pattern Diversity (Unique Patterns)
------------------------------------------
  Type: TypeA  | Unique Patterns:  117 / Total Gen:  351
       -> Avg Length of Unique Patterns: 47.7 hours
  Type: TypeB  | Unique Patterns:  117 / Total Gen:  702
       -> Avg Length of Unique Patterns: 38.2 hours
  Type: TypeC  | Unique Patterns:  117 / Total Gen:  702
       -> Avg Length of Unique Patterns: 27.3 hours

4. Final Schedule Assignment Breakdown
--------------------------------------
  Emp 0  (TypeA): 47 hours worked
  Emp 1  (TypeA): 49 hours worked
  Emp 2  (TypeA): 49 hours worked
  Emp 3  (TypeB): 39 hours worked
  Emp 4  (TypeB): 40 hours worked
  Emp 5  (TypeB): 38 hours worked
  Emp 6  (TypeB): 40 hours worked
  Emp 7  (TypeB): 39 hours worked
  Emp 8  (TypeB): 39 hours worked
  Emp 9  (TypeC): 29 hours worked
  Emp 10 (TypeC): 27 hours worked
  Emp 11 (TypeC): 26 hours worked
  Emp 12 (TypeC): 26 hours worked
  Emp 13 (TypeC): 29 hours worked
  Emp 14 (TypeC): 30 hours worked

5. Iteration History (Convergence Log)
--------------------------------------
Iter  | RMP Obj Value   | Pool Hits  | Graph Gen 
--------------------------------------------------
1     | 478,036,000.00  | 0          | 15        
2     | 220,507,900.00  | 0          | 15        
3     | 114,583,200.00  | 0          | 15        
4     | 73,584,300.00   | 0          | 15        
5     | 53,584,900.00   | 0          | 15        
6     | 44,588,400.00   | 0          | 15        
7     | 38,583,333.41   | 0          | 15        
8     | 30,262,482.26   | 0          | 15        
9     | 27,781,508.72   | 0          | 15        
10    | 24,354,212.21   | 0          | 15        
11    | 22,998,985.36   | 0          | 15        
12    | 20,887,700.00   | 0          | 15        
13    | 19,664,306.85   | 0          | 15        
14    | 18,065,162.07   | 0          | 15        
15    | 15,952,667.94   | 0          | 15        
16    | 14,575,537.47   | 0          | 15        
17    | 13,791,039.14   | 0          | 15        
18    | 12,538,854.33   | 0          | 15        
19    | 11,734,616.40   | 0          | 15        
20    | 10,640,731.86   | 0          | 15        
21    | 10,048,343.36   | 0          | 15        
22    | 9,546,409.07    | 0          | 15        
23    | 9,118,851.02    | 0          | 15        
24    | 8,369,660.82    | 0          | 15        
25    | 8,015,620.48    | 0          | 15        
26    | 7,466,500.14    | 0          | 15        
27    | 6,162,385.66    | 0          | 15        
28    | 5,583,854.21    | 0          | 15        
29    | 5,031,330.44    | 0          | 15        
30    | 4,875,278.83    | 0          | 15        
31    | 4,716,619.05    | 0          | 15        
32    | 4,486,256.24    | 0          | 15        
33    | 4,333,833.77    | 0          | 15        
34    | 4,190,495.58    | 0          | 15        
35    | 4,018,896.25    | 0          | 15        
36    | 3,932,814.46    | 0          | 15        
37    | 3,827,949.76    | 0          | 15        
38    | 3,737,372.78    | 0          | 15        
39    | 3,589,179.29    | 0          | 15        
40    | 3,377,924.02    | 0          | 15        
41    | 3,180,201.99    | 0          | 15        
42    | 3,035,793.95    | 0          | 15        
43    | 2,717,853.67    | 0          | 15        
44    | 2,578,296.50    | 0          | 15        
45    | 2,372,084.91    | 0          | 15        
46    | 2,264,321.25    | 0          | 15        
47    | 2,222,411.50    | 0          | 15        
48    | 2,044,705.88    | 0          | 15        
49    | 1,985,140.58    | 0          | 15        
50    | 1,901,635.61    | 0          | 15        
51    | 1,821,141.00    | 0          | 15        
52    | 1,619,827.44    | 0          | 15        
53    | 1,487,327.43    | 0          | 15        
54    | 1,314,067.72    | 0          | 15        
55    | 1,222,253.40    | 0          | 15        
56    | 1,101,896.67    | 0          | 15        
57    | 1,033,151.69    | 0          | 15        
58    | 911,520.39      | 0          | 15        
59    | 815,926.12      | 0          | 15        
60    | 797,804.17      | 0          | 15        
61    | 760,083.65      | 0          | 15        
62    | 731,032.19      | 0          | 15        
63    | 697,046.84      | 0          | 15        
64    | 665,084.46      | 0          | 15        
65    | 631,735.56      | 0          | 15        
66    | 616,777.93      | 0          | 15        
67    | 614,929.29      | 0          | 15        
68    | 613,801.41      | 0          | 15        
69    | 612,971.01      | 0          | 15        
70    | 612,371.34      | 0          | 15        
71    | 611,505.32      | 0          | 15        
72    | 610,788.88      | 0          | 15        
73    | 609,893.94      | 0          | 15        
74    | 609,544.77      | 0          | 15        
75    | 608,358.11      | 0          | 15        
76    | 607,897.74      | 0          | 15        
77    | 607,020.61      | 0          | 15        
78    | 606,499.13      | 0          | 15        
79    | 605,874.56      | 0          | 15        
80    | 605,120.92      | 0          | 15        
81    | 604,312.71      | 0          | 15        
82    | 602,964.27      | 0          | 15        
83    | 601,989.26      | 0          | 15        
84    | 601,439.11      | 0          | 15        
85    | 601,099.30      | 0          | 15        
86    | 600,768.76      | 0          | 15        
87    | 600,166.42      | 0          | 15        
88    | 599,873.89      | 0          | 15        
89    | 599,305.08      | 0          | 15        
90    | 598,602.37      | 0          | 15        
91    | 598,244.20      | 0          | 15        
92    | 597,534.06      | 0          | 15        
93    | 596,908.33      | 0          | 15        
94    | 596,250.37      | 0          | 15        
95    | 595,744.91      | 0          | 15        
96    | 595,115.55      | 0          | 15        
97    | 594,881.10      | 0          | 15        
98    | 594,332.85      | 0          | 15        
99    | 594,206.67      | 0          | 15        
100   | 593,906.04      | 0          | 15        
101   | 593,458.49      | 0          | 15        
102   | 593,361.84      | 0          | 15        
103   | 593,179.98      | 0          | 15        
104   | 593,023.17      | 0          | 15        
105   | 592,772.40      | 0          | 15        
106   | 592,484.86      | 0          | 15        
107   | 592,329.47      | 0          | 15        
108   | 592,162.20      | 0          | 15        
109   | 592,110.60      | 0          | 15        
110   | 591,996.43      | 0          | 15        
111   | 591,845.65      | 0          | 15        
112   | 591,789.95      | 0          | 15        
113   | 591,720.83      | 0          | 15        
114   | 591,684.06      | 0          | 15        
115   | 591,634.05      | 0          | 15        
116   | 591,581.15      | 0          | 15        
