==========================================================
 ANALYSIS REPORT: Week 19
==========================================================

1. Performance Metrics
----------------------
  Objective Value : 9,706,200.00
  Execution Time  : 363.2888 sec
  Iterations      : 155
  RMP Time (LP)   : 156.7912 s
  RMP Time (MIP)  : 60.7685 s
  Pool Search Time: 0.0011 s
  Graph Search Time: 145.3459 s
  MIP Decision Variables: 1128 (Columns used in Final MIP)
  MIP Filtered Columns  : 2012 (Removed before MIP)

2. Column Generation & Pool Statistics
--------------------------------------
  Total Columns Generated (History) : 3140
  Pool Hits (Reused from History)   : 0
  Graph Gen (Newly Created)         : 3100
  Pool Hit Rate                     : 0.0%

3. Shift Pattern Diversity (Unique Patterns)
------------------------------------------
  Type: TypeA  | Unique Patterns:  156 / Total Gen:  624
       -> Avg Length of Unique Patterns: 45.0 hours
  Type: TypeB  | Unique Patterns:  156 / Total Gen: 1248
       -> Avg Length of Unique Patterns: 33.5 hours
  Type: TypeC  | Unique Patterns:  156 / Total Gen: 1248
       -> Avg Length of Unique Patterns: 22.8 hours

4. Final Schedule Assignment Breakdown
--------------------------------------
  Emp 0  (TypeA): 47 hours worked
  Emp 1  (TypeA): 44 hours worked
  Emp 2  (TypeA): 49 hours worked
  Emp 3  (TypeA): 43 hours worked
  Emp 4  (TypeB): 35 hours worked
  Emp 5  (TypeB): 37 hours worked
  Emp 6  (TypeB): 37 hours worked
  Emp 7  (TypeB): 36 hours worked
  Emp 8  (TypeB): 37 hours worked
  Emp 9  (TypeB): 39 hours worked
  Emp 10 (TypeB): 38 hours worked
  Emp 11 (TypeB): 39 hours worked
  Emp 12 (TypeC): 21 hours worked
  Emp 13 (TypeC): 24 hours worked
  Emp 14 (TypeC): 23 hours worked
  Emp 15 (TypeC): 23 hours worked
  Emp 16 (TypeC): 25 hours worked
  Emp 17 (TypeC): 24 hours worked
  Emp 18 (TypeC): 25 hours worked
  Emp 19 (TypeC): 26 hours worked

5. Iteration History (Convergence Log)
--------------------------------------
Iter  | RMP Obj Value   | Pool Hits  | Graph Gen 
--------------------------------------------------
1     | 568,048,000.00  | 0          | 20        
2     | 272,563,800.00  | 0          | 20        
3     | 112,802,000.00  | 0          | 20        
4     | 48,807,200.00   | 0          | 20        
5     | 36,299,400.00   | 0          | 20        
6     | 20,793,833.29   | 0          | 20        
7     | 15,453,933.33   | 0          | 20        
8     | 11,783,600.00   | 0          | 20        
9     | 10,783,018.15   | 0          | 20        
10    | 7,995,932.84    | 0          | 20        
11    | 6,466,248.62    | 0          | 20        
12    | 5,261,220.58    | 0          | 20        
13    | 4,263,331.70    | 0          | 20        
14    | 3,829,619.09    | 0          | 20        
15    | 1,911,811.80    | 0          | 20        
16    | 960,586.82      | 0          | 20        
17    | 778,793.76      | 0          | 20        
18    | 775,737.96      | 0          | 20        
19    | 774,527.32      | 0          | 20        
20    | 772,002.09      | 0          | 20        
21    | 769,768.22      | 0          | 20        
22    | 767,617.83      | 0          | 20        
23    | 765,088.96      | 0          | 20        
24    | 763,211.92      | 0          | 20        
25    | 757,556.35      | 0          | 20        
26    | 753,514.05      | 0          | 20        
27    | 750,236.06      | 0          | 20        
28    | 747,563.48      | 0          | 20        
29    | 744,791.38      | 0          | 20        
30    | 741,744.56      | 0          | 20        
31    | 740,457.69      | 0          | 20        
32    | 738,414.77      | 0          | 20        
33    | 735,733.93      | 0          | 20        
34    | 732,980.10      | 0          | 20        
35    | 729,263.08      | 0          | 20        
36    | 727,515.94      | 0          | 20        
37    | 725,285.86      | 0          | 20        
38    | 723,882.67      | 0          | 20        
39    | 722,451.15      | 0          | 20        
40    | 721,124.71      | 0          | 20        
41    | 720,010.69      | 0          | 20        
42    | 719,227.26      | 0          | 20        
43    | 718,002.47      | 0          | 20        
44    | 716,045.67      | 0          | 20        
45    | 714,539.14      | 0          | 20        
46    | 712,437.84      | 0          | 20        
47    | 711,174.25      | 0          | 20        
48    | 708,859.60      | 0          | 20        
49    | 707,187.13      | 0          | 20        
50    | 705,308.13      | 0          | 20        
51    | 704,348.04      | 0          | 20        
52    | 702,417.17      | 0          | 20        
53    | 701,638.41      | 0          | 20        
54    | 700,915.63      | 0          | 20        
55    | 700,407.21      | 0          | 20        
56    | 699,875.72      | 0          | 20        
57    | 699,030.88      | 0          | 20        
58    | 698,141.55      | 0          | 20        
59    | 697,772.71      | 0          | 20        
60    | 697,129.29      | 0          | 20        
61    | 696,491.61      | 0          | 20        
62    | 696,000.53      | 0          | 20        
63    | 695,064.19      | 0          | 20        
64    | 694,528.72      | 0          | 20        
65    | 693,671.32      | 0          | 20        
66    | 692,830.21      | 0          | 20        
67    | 692,015.60      | 0          | 20        
68    | 691,335.34      | 0          | 20        
69    | 690,667.93      | 0          | 20        
70    | 690,381.23      | 0          | 20        
71    | 689,984.95      | 0          | 20        
72    | 689,377.78      | 0          | 20        
73    | 689,017.20      | 0          | 20        
74    | 688,236.97      | 0          | 20        
75    | 687,898.81      | 0          | 20        
76    | 687,271.72      | 0          | 20        
77    | 686,548.83      | 0          | 20        
78    | 686,241.87      | 0          | 20        
79    | 685,901.76      | 0          | 20        
80    | 685,668.57      | 0          | 20        
81    | 685,386.29      | 0          | 20        
82    | 684,932.18      | 0          | 20        
83    | 684,766.19      | 0          | 20        
84    | 684,493.01      | 0          | 20        
85    | 684,100.08      | 0          | 20        
86    | 683,808.53      | 0          | 20        
87    | 683,624.06      | 0          | 20        
88    | 683,238.49      | 0          | 20        
89    | 682,963.13      | 0          | 20        
90    | 682,564.12      | 0          | 20        
91    | 682,054.68      | 0          | 20        
92    | 681,528.99      | 0          | 20        
93    | 680,953.79      | 0          | 20        
94    | 680,608.00      | 0          | 20        
95    | 680,291.66      | 0          | 20        
96    | 679,843.16      | 0          | 20        
97    | 679,692.80      | 0          | 20        
98    | 679,480.92      | 0          | 20        
99    | 679,340.19      | 0          | 20        
100   | 678,836.55      | 0          | 20        
101   | 678,035.32      | 0          | 20        
102   | 677,373.53      | 0          | 20        
103   | 676,995.77      | 0          | 20        
104   | 676,404.74      | 0          | 20        
105   | 675,710.41      | 0          | 20        
106   | 675,510.38      | 0          | 20        
107   | 674,901.42      | 0          | 20        
108   | 674,626.42      | 0          | 20        
109   | 674,351.29      | 0          | 20        
110   | 674,202.10      | 0          | 20        
111   | 673,940.32      | 0          | 20        
112   | 673,653.58      | 0          | 20        
113   | 673,155.95      | 0          | 20        
114   | 672,818.78      | 0          | 20        
115   | 672,611.01      | 0          | 20        
116   | 672,273.77      | 0          | 20        
117   | 671,808.46      | 0          | 20        
118   | 671,513.07      | 0          | 20        
119   | 671,185.52      | 0          | 20        
120   | 671,123.15      | 0          | 20        
121   | 670,965.28      | 0          | 20        
122   | 670,777.16      | 0          | 20        
123   | 670,535.60      | 0          | 20        
124   | 670,347.76      | 0          | 20        
125   | 670,159.55      | 0          | 20        
126   | 669,794.94      | 0          | 20        
127   | 669,617.71      | 0          | 20        
128   | 669,355.98      | 0          | 20        
129   | 669,250.33      | 0          | 20        
130   | 669,103.51      | 0          | 20        
131   | 669,029.65      | 0          | 20        
132   | 668,831.01      | 0          | 20        
133   | 668,654.30      | 0          | 20        
134   | 668,538.07      | 0          | 20        
135   | 668,447.63      | 0          | 20        
136   | 668,437.28      | 0          | 20        
137   | 668,266.29      | 0          | 20        
138   | 668,127.71      | 0          | 20        
139   | 667,992.80      | 0          | 20        
140   | 667,909.70      | 0          | 20        
141   | 667,718.43      | 0          | 20        
142   | 667,548.35      | 0          | 20        
143   | 667,487.86      | 0          | 20        
144   | 667,357.36      | 0          | 20        
145   | 667,125.59      | 0          | 20        
146   | 666,989.83      | 0          | 20        
147   | 666,788.22      | 0          | 20        
148   | 666,562.67      | 0          | 20        
149   | 666,316.50      | 0          | 20        
150   | 666,222.57      | 0          | 20        
151   | 666,065.58      | 0          | 20        
152   | 665,925.01      | 0          | 20        
153   | 665,773.48      | 0          | 20        
154   | 665,416.49      | 0          | 20        
155   | 665,289.59      | 0          | 20        
