==========================================================
 ANALYSIS REPORT: Week 6
==========================================================

0. Solver Configuration
-----------------------
  max_iter             : 1000
  time_limit           : 3600
  tol                  : 1e-08
  patience             : 10
  mip_rc_threshold     : 100000
  mip_gap              : 0.05

1. Performance Metrics
----------------------
  Objective Value : 471,147,800.00
  RMP Relaxed Value (Root): 656,800.00
  Integrality Gap       : 71633.8307 %
  MIP Best Bound (Final)  : 656,800.00
  Final MIP Gap           : 71633.8307 %
  Execution Time  : 2574.3977 sec
  Iterations      : 392
  RMP Time  : 1900.3883 s
  MIP Time  : 11.6659 s
  Pool Search Time: 0.0003 s
  Graph Search Time: 660.3399 s
  MIP Decision Variables: 7688 (Columns used in Final MIP)
  MIP Filtered Columns  : 0 (Removed before MIP)

2. Column Generation & Pool Statistics
--------------------------------------
  Total Columns Generated (History) : 7688
  Pool Hits (Reused from History)   : 0
  Graph Gen (Newly Created)         : 7648
  Pool Hit Rate                     : 0.0%

3. Shift Pattern Diversity (Unique Patterns)
------------------------------------------
  Type: TypeA  | Unique Patterns:  359 / Total Gen: 1436
       -> Avg Length of Unique Patterns: 45.3 hours
  Type: TypeB  | Unique Patterns:  387 / Total Gen: 3096
       -> Avg Length of Unique Patterns: 33.7 hours
  Type: TypeC  | Unique Patterns:  392 / Total Gen: 3136
       -> Avg Length of Unique Patterns: 22.6 hours

4. Final Schedule Assignment Breakdown
--------------------------------------
  Emp 0  (TypeA): 0 hours worked
  Emp 1  (TypeA): 46 hours worked
  Emp 2  (TypeA): 0 hours worked
  Emp 3  (TypeA): 0 hours worked
  Emp 4  (TypeB): 35 hours worked
  Emp 5  (TypeB): 0 hours worked
  Emp 6  (TypeB): 0 hours worked
  Emp 7  (TypeB): 0 hours worked
  Emp 8  (TypeB): 0 hours worked
  Emp 9  (TypeB): 0 hours worked
  Emp 10 (TypeB): 0 hours worked
  Emp 11 (TypeB): 0 hours worked
  Emp 12 (TypeC): 0 hours worked
  Emp 13 (TypeC): 16 hours worked
  Emp 14 (TypeC): 0 hours worked
  Emp 15 (TypeC): 0 hours worked
  Emp 16 (TypeC): 0 hours worked
  Emp 17 (TypeC): 0 hours worked
  Emp 18 (TypeC): 23 hours worked
  Emp 19 (TypeC): 23 hours worked

5. Iteration History (Convergence Log)
--------------------------------------
Iter  | RMP Obj Value   | Pool Hits  | Graph Gen 
--------------------------------------------------
1     | 565,052,000.00  | 0          | 20        
2     | 287,573,700.00  | 0          | 20        
3     | 123,794,500.00  | 0          | 20        
4     | 65,781,800.00   | 0          | 20        
5     | 48,769,300.00   | 0          | 20        
6     | 34,360,320.00   | 0          | 20        
7     | 26,251,875.00   | 0          | 20        
8     | 21,677,750.72   | 0          | 20        
9     | 16,850,960.00   | 0          | 20        
10    | 13,256,550.00   | 0          | 20        
11    | 10,552,506.58   | 0          | 20        
12    | 8,761,836.96    | 0          | 20        
13    | 7,548,096.41    | 0          | 20        
14    | 5,639,602.80    | 0          | 20        
15    | 2,962,569.35    | 0          | 20        
16    | 2,078,506.04    | 0          | 20        
17    | 1,716,647.31    | 0          | 20        
18    | 786,260.89      | 0          | 20        
19    | 759,385.37      | 0          | 20        
20    | 756,709.40      | 0          | 20        
21    | 753,400.87      | 0          | 20        
22    | 748,399.40      | 0          | 20        
23    | 746,666.07      | 0          | 20        
24    | 745,652.35      | 0          | 20        
25    | 743,451.16      | 0          | 20        
26    | 742,285.52      | 0          | 20        
27    | 741,386.16      | 0          | 20        
28    | 737,823.33      | 0          | 20        
29    | 735,492.82      | 0          | 20        
30    | 732,841.85      | 0          | 20        
31    | 728,985.38      | 0          | 20        
32    | 726,688.62      | 0          | 20        
33    | 723,655.63      | 0          | 20        
34    | 722,312.31      | 0          | 20        
35    | 720,987.83      | 0          | 20        
36    | 719,523.94      | 0          | 20        
37    | 717,002.99      | 0          | 20        
38    | 715,258.13      | 0          | 20        
39    | 713,739.75      | 0          | 20        
40    | 713,240.77      | 0          | 20        
41    | 712,509.24      | 0          | 20        
42    | 711,824.71      | 0          | 20        
43    | 711,025.32      | 0          | 20        
44    | 710,229.16      | 0          | 20        
45    | 709,568.95      | 0          | 20        
46    | 708,441.85      | 0          | 20        
47    | 707,822.69      | 0          | 20        
48    | 706,656.55      | 0          | 20        
49    | 704,936.43      | 0          | 20        
50    | 703,836.53      | 0          | 20        
51    | 701,240.01      | 0          | 20        
52    | 700,228.92      | 0          | 20        
53    | 699,311.84      | 0          | 20        
54    | 698,335.47      | 0          | 20        
55    | 697,328.40      | 0          | 20        
56    | 696,486.68      | 0          | 20        
57    | 695,797.22      | 0          | 20        
58    | 695,217.77      | 0          | 20        
59    | 694,690.10      | 0          | 20        
60    | 693,849.56      | 0          | 20        
61    | 693,204.98      | 0          | 20        
62    | 692,592.11      | 0          | 20        
63    | 691,849.82      | 0          | 20        
64    | 691,462.50      | 0          | 20        
65    | 690,977.23      | 0          | 20        
66    | 690,074.54      | 0          | 20        
67    | 689,349.56      | 0          | 20        
68    | 688,225.24      | 0          | 20        
69    | 687,804.72      | 0          | 20        
70    | 687,311.35      | 0          | 20        
71    | 686,990.95      | 0          | 20        
72    | 686,546.74      | 0          | 20        
73    | 685,880.14      | 0          | 20        
74    | 685,274.16      | 0          | 20        
75    | 684,614.64      | 0          | 20        
76    | 684,106.28      | 0          | 20        
77    | 683,569.83      | 0          | 20        
78    | 683,282.21      | 0          | 20        
79    | 682,974.02      | 0          | 20        
80    | 682,681.16      | 0          | 20        
81    | 682,334.02      | 0          | 20        
82    | 681,616.65      | 0          | 20        
83    | 681,146.71      | 0          | 20        
84    | 680,642.66      | 0          | 20        
85    | 679,455.80      | 0          | 20        
86    | 679,020.14      | 0          | 20        
87    | 678,585.63      | 0          | 20        
88    | 678,225.90      | 0          | 20        
89    | 678,125.51      | 0          | 20        
90    | 677,830.87      | 0          | 20        
91    | 677,389.52      | 0          | 20        
92    | 676,977.97      | 0          | 20        
93    | 676,626.52      | 0          | 20        
94    | 676,219.18      | 0          | 20        
95    | 675,825.23      | 0          | 20        
96    | 675,723.41      | 0          | 20        
97    | 675,326.80      | 0          | 20        
98    | 674,916.88      | 0          | 20        
99    | 674,650.02      | 0          | 20        
100   | 674,307.02      | 0          | 20        
101   | 673,929.79      | 0          | 20        
102   | 673,577.98      | 0          | 20        
103   | 673,125.60      | 0          | 20        
104   | 672,908.95      | 0          | 20        
105   | 672,632.47      | 0          | 20        
106   | 672,401.90      | 0          | 20        
107   | 672,164.34      | 0          | 20        
108   | 671,851.95      | 0          | 20        
109   | 671,517.65      | 0          | 20        
110   | 671,178.91      | 0          | 20        
111   | 670,964.60      | 0          | 20        
112   | 670,693.93      | 0          | 20        
113   | 670,389.87      | 0          | 20        
114   | 670,198.16      | 0          | 20        
115   | 670,008.55      | 0          | 20        
116   | 669,804.75      | 0          | 20        
117   | 669,654.78      | 0          | 20        
118   | 669,376.57      | 0          | 20        
119   | 669,193.47      | 0          | 20        
120   | 669,060.96      | 0          | 20        
121   | 668,929.65      | 0          | 20        
122   | 668,788.28      | 0          | 20        
123   | 668,619.84      | 0          | 20        
124   | 668,479.71      | 0          | 20        
125   | 668,331.85      | 0          | 20        
126   | 668,164.31      | 0          | 20        
127   | 668,033.10      | 0          | 20        
128   | 667,941.24      | 0          | 20        
129   | 667,853.29      | 0          | 20        
130   | 667,704.73      | 0          | 20        
131   | 667,559.23      | 0          | 20        
132   | 667,294.00      | 0          | 20        
133   | 667,140.22      | 0          | 20        
134   | 666,935.57      | 0          | 20        
135   | 666,882.31      | 0          | 20        
136   | 666,680.96      | 0          | 20        
137   | 666,596.70      | 0          | 20        
138   | 666,302.25      | 0          | 20        
139   | 666,029.94      | 0          | 20        
140   | 665,939.01      | 0          | 20        
141   | 665,794.71      | 0          | 20        
142   | 665,673.52      | 0          | 20        
143   | 665,516.76      | 0          | 20        
144   | 665,187.14      | 0          | 20        
145   | 664,729.67      | 0          | 20        
146   | 664,643.74      | 0          | 20        
147   | 664,605.49      | 0          | 20        
148   | 664,478.00      | 0          | 20        
149   | 664,329.36      | 0          | 20        
150   | 664,176.03      | 0          | 20        
151   | 664,033.54      | 0          | 20        
152   | 663,896.02      | 0          | 20        
153   | 663,834.31      | 0          | 20        
154   | 663,670.45      | 0          | 20        
155   | 663,494.87      | 0          | 20        
156   | 663,311.55      | 0          | 20        
157   | 663,202.74      | 0          | 20        
158   | 663,097.00      | 0          | 20        
159   | 662,973.81      | 0          | 20        
160   | 662,829.09      | 0          | 20        
161   | 662,790.88      | 0          | 20        
162   | 662,727.78      | 0          | 20        
163   | 662,596.00      | 0          | 20        
164   | 662,469.37      | 0          | 20        
165   | 662,408.56      | 0          | 20        
166   | 662,348.04      | 0          | 20        
167   | 662,303.31      | 0          | 20        
168   | 662,260.55      | 0          | 20        
169   | 662,115.01      | 0          | 20        
170   | 662,048.41      | 0          | 20        
171   | 662,030.50      | 0          | 20        
172   | 661,928.67      | 0          | 20        
173   | 661,905.70      | 0          | 20        
174   | 661,886.49      | 0          | 20        
175   | 661,850.02      | 0          | 20        
176   | 661,698.06      | 0          | 20        
177   | 661,569.90      | 0          | 20        
178   | 661,430.30      | 0          | 20        
179   | 661,310.85      | 0          | 20        
180   | 661,278.96      | 0          | 20        
181   | 661,261.20      | 0          | 20        
182   | 661,242.02      | 0          | 20        
183   | 661,213.54      | 0          | 20        
184   | 660,934.33      | 0          | 20        
185   | 660,824.21      | 0          | 20        
186   | 660,736.41      | 0          | 20        
187   | 660,636.05      | 0          | 20        
188   | 660,597.94      | 0          | 20        
189   | 660,522.57      | 0          | 20        
190   | 660,440.88      | 0          | 20        
191   | 660,326.68      | 0          | 20        
192   | 660,168.02      | 0          | 20        
193   | 660,066.94      | 0          | 20        
194   | 659,918.83      | 0          | 20        
195   | 659,841.53      | 0          | 20        
196   | 659,775.00      | 0          | 20        
197   | 659,730.74      | 0          | 20        
198   | 659,698.64      | 0          | 20        
199   | 659,626.43      | 0          | 20        
200   | 659,589.94      | 0          | 20        
201   | 659,561.39      | 0          | 20        
202   | 659,527.69      | 0          | 20        
203   | 659,491.86      | 0          | 20        
204   | 659,469.06      | 0          | 20        
205   | 659,437.45      | 0          | 20        
206   | 659,416.96      | 0          | 20        
207   | 659,378.89      | 0          | 20        
208   | 659,354.39      | 0          | 20        
209   | 659,337.69      | 0          | 20        
210   | 659,314.41      | 0          | 20        
211   | 659,305.61      | 0          | 20        
212   | 659,297.95      | 0          | 20        
213   | 659,259.08      | 0          | 20        
214   | 659,154.67      | 0          | 20        
215   | 659,147.17      | 0          | 20        
216   | 659,116.02      | 0          | 20        
217   | 659,081.46      | 0          | 20        
218   | 659,070.68      | 0          | 20        
219   | 659,043.13      | 0          | 20        
220   | 659,018.91      | 0          | 20        
221   | 658,991.75      | 0          | 20        
222   | 658,981.85      | 0          | 20        
223   | 658,975.30      | 0          | 20        
224   | 658,925.26      | 0          | 20        
225   | 658,903.63      | 0          | 20        
226   | 658,794.11      | 0          | 20        
227   | 658,737.97      | 0          | 20        
228   | 658,698.83      | 0          | 20        
229   | 658,625.15      | 0          | 20        
230   | 658,532.04      | 0          | 20        
231   | 658,516.90      | 0          | 20        
232   | 658,516.90      | 0          | 20        
233   | 658,501.61      | 0          | 20        
234   | 658,440.99      | 0          | 20        
235   | 658,394.56      | 0          | 20        
236   | 658,370.24      | 0          | 20        
237   | 658,370.02      | 0          | 20        
238   | 658,355.37      | 0          | 20        
239   | 658,313.16      | 0          | 20        
240   | 658,241.48      | 0          | 20        
241   | 658,192.17      | 0          | 20        
242   | 658,171.91      | 0          | 20        
243   | 658,065.17      | 0          | 20        
244   | 658,040.90      | 0          | 20        
245   | 658,004.75      | 0          | 20        
246   | 657,922.97      | 0          | 20        
247   | 657,896.63      | 0          | 20        
248   | 657,868.57      | 0          | 20        
249   | 657,841.87      | 0          | 20        
250   | 657,787.06      | 0          | 20        
251   | 657,733.63      | 0          | 20        
252   | 657,692.48      | 0          | 20        
253   | 657,689.67      | 0          | 20        
254   | 657,688.77      | 0          | 20        
255   | 657,681.44      | 0          | 20        
256   | 657,644.01      | 0          | 20        
257   | 657,621.01      | 0          | 20        
258   | 657,604.01      | 0          | 20        
259   | 657,601.37      | 0          | 20        
260   | 657,601.37      | 0          | 20        
261   | 657,584.46      | 0          | 20        
262   | 657,569.58      | 0          | 20        
263   | 657,568.12      | 0          | 20        
264   | 657,557.22      | 0          | 20        
265   | 657,540.18      | 0          | 20        
266   | 657,527.67      | 0          | 20        
267   | 657,527.67      | 0          | 20        
268   | 657,518.03      | 0          | 20        
269   | 657,516.92      | 0          | 20        
270   | 657,516.62      | 0          | 20        
271   | 657,512.60      | 0          | 20        
272   | 657,512.60      | 0          | 20        
273   | 657,499.16      | 0          | 16        
274   | 657,492.11      | 0          | 20        
275   | 657,480.06      | 0          | 20        
276   | 657,417.33      | 0          | 20        
277   | 657,390.26      | 0          | 20        
278   | 657,382.89      | 0          | 16        
279   | 657,367.71      | 0          | 20        
280   | 657,360.91      | 0          | 20        
281   | 657,332.20      | 0          | 20        
282   | 657,331.06      | 0          | 20        
283   | 657,331.07      | 0          | 20        
284   | 657,294.59      | 0          | 20        
285   | 657,270.61      | 0          | 20        
286   | 657,246.15      | 0          | 20        
287   | 657,234.82      | 0          | 20        
288   | 657,234.82      | 0          | 20        
289   | 657,221.92      | 0          | 20        
290   | 657,214.27      | 0          | 20        
291   | 657,213.65      | 0          | 20        
292   | 657,194.36      | 0          | 20        
293   | 657,194.36      | 0          | 16        
294   | 657,187.09      | 0          | 20        
295   | 657,171.34      | 0          | 20        
296   | 657,164.91      | 0          | 20        
297   | 657,152.36      | 0          | 20        
298   | 657,152.36      | 0          | 20        
299   | 657,144.82      | 0          | 16        
300   | 657,132.68      | 0          | 20        
301   | 657,126.99      | 0          | 20        
302   | 657,122.34      | 0          | 16        
303   | 657,119.71      | 0          | 20        
304   | 657,113.73      | 0          | 16        
305   | 657,107.76      | 0          | 16        
306   | 657,107.76      | 0          | 16        
307   | 657,092.81      | 0          | 20        
308   | 657,087.47      | 0          | 20        
309   | 657,085.07      | 0          | 20        
310   | 657,085.07      | 0          | 20        
311   | 657,084.56      | 0          | 16        
312   | 657,074.20      | 0          | 20        
313   | 657,074.20      | 0          | 20        
314   | 657,074.20      | 0          | 20        
315   | 657,074.20      | 0          | 20        
316   | 657,065.28      | 0          | 20        
317   | 657,055.52      | 0          | 16        
318   | 657,049.10      | 0          | 20        
319   | 657,029.15      | 0          | 20        
320   | 657,029.15      | 0          | 20        
321   | 656,997.18      | 0          | 20        
322   | 656,986.25      | 0          | 16        
323   | 656,980.56      | 0          | 20        
324   | 656,970.28      | 0          | 20        
325   | 656,963.13      | 0          | 20        
326   | 656,943.90      | 0          | 20        
327   | 656,943.90      | 0          | 20        
328   | 656,938.81      | 0          | 20        
329   | 656,917.91      | 0          | 20        
330   | 656,906.18      | 0          | 20        
331   | 656,900.07      | 0          | 20        
332   | 656,884.33      | 0          | 20        
333   | 656,878.53      | 0          | 20        
334   | 656,878.53      | 0          | 20        
335   | 656,878.53      | 0          | 20        
336   | 656,878.53      | 0          | 16        
337   | 656,871.99      | 0          | 20        
338   | 656,866.47      | 0          | 20        
339   | 656,865.93      | 0          | 16        
340   | 656,850.92      | 0          | 16        
341   | 656,850.92      | 0          | 16        
342   | 656,845.89      | 0          | 20        
343   | 656,845.87      | 0          | 20        
344   | 656,841.62      | 0          | 16        
345   | 656,841.62      | 0          | 16        
346   | 656,841.62      | 0          | 16        
347   | 656,841.62      | 0          | 8         
348   | 656,841.41      | 0          | 20        
349   | 656,841.41      | 0          | 20        
350   | 656,841.28      | 0          | 20        
351   | 656,839.26      | 0          | 20        
352   | 656,839.14      | 0          | 20        
353   | 656,839.14      | 0          | 20        
354   | 656,826.16      | 0          | 20        
355   | 656,826.16      | 0          | 20        
356   | 656,820.65      | 0          | 16        
357   | 656,820.55      | 0          | 20        
358   | 656,820.56      | 0          | 20        
359   | 656,818.63      | 0          | 16        
360   | 656,818.63      | 0          | 16        
361   | 656,818.44      | 0          | 20        
362   | 656,818.44      | 0          | 20        
363   | 656,818.44      | 0          | 20        
364   | 656,818.44      | 0          | 20        
365   | 656,818.44      | 0          | 20        
366   | 656,818.44      | 0          | 8         
367   | 656,818.44      | 0          | 20        
368   | 656,818.44      | 0          | 20        
369   | 656,818.11      | 0          | 20        
370   | 656,818.11      | 0          | 20        
371   | 656,818.11      | 0          | 20        
372   | 656,814.26      | 0          | 16        
373   | 656,814.26      | 0          | 16        
374   | 656,814.26      | 0          | 16        
375   | 656,810.86      | 0          | 16        
376   | 656,810.86      | 0          | 16        
377   | 656,810.86      | 0          | 8         
378   | 656,810.86      | 0          | 8         
379   | 656,810.62      | 0          | 16        
380   | 656,810.62      | 0          | 20        
381   | 656,810.62      | 0          | 16        
382   | 656,810.06      | 0          | 20        
383   | 656,810.06      | 0          | 12        
384   | 656,810.06      | 0          | 20        
385   | 656,810.06      | 0          | 16        
386   | 656,809.49      | 0          | 20        
387   | 656,809.49      | 0          | 20        
388   | 656,809.49      | 0          | 20        
389   | 656,809.49      | 0          | 20        
390   | 656,806.99      | 0          | 20        
391   | 656,805.19      | 0          | 20        
392   | 656,800.00      | 0          | 0         
