==========================================================
 ANALYSIS REPORT: Week 8
==========================================================

0. Solver Configuration
-----------------------
  max_iter             : 1000
  time_limit           : 3600
  tol                  : 1e-08
  patience             : 10
  mip_rc_threshold     : 100000
  mip_gap              : 0.05

1. Performance Metrics
----------------------
  Objective Value : 449,163,200.00
  RMP Relaxed Value (Root): 655,859.31
  Integrality Gap       : 68384.6879 %
  MIP Best Bound (Final)  : 655,859.31
  Final MIP Gap           : 68384.6878 %
  Execution Time  : 2295.8249 sec
  Iterations      : 343
  RMP Time  : 1629.1844 s
  MIP Time  : 12.0154 s
  Pool Search Time: 0.0003 s
  Graph Search Time: 653.0311 s
  MIP Decision Variables: 6820 (Columns used in Final MIP)
  MIP Filtered Columns  : 0 (Removed before MIP)

2. Column Generation & Pool Statistics
--------------------------------------
  Total Columns Generated (History) : 6820
  Pool Hits (Reused from History)   : 0
  Graph Gen (Newly Created)         : 6780
  Pool Hit Rate                     : 0.0%

3. Shift Pattern Diversity (Unique Patterns)
------------------------------------------
  Type: TypeA  | Unique Patterns:  326 / Total Gen: 1304
       -> Avg Length of Unique Patterns: 44.1 hours
  Type: TypeB  | Unique Patterns:  343 / Total Gen: 2744
       -> Avg Length of Unique Patterns: 33.1 hours
  Type: TypeC  | Unique Patterns:  344 / Total Gen: 2752
       -> Avg Length of Unique Patterns: 22.9 hours

4. Final Schedule Assignment Breakdown
--------------------------------------
  Emp 0  (TypeA): 0 hours worked
  Emp 1  (TypeA): 0 hours worked
  Emp 2  (TypeA): 0 hours worked
  Emp 3  (TypeA): 43 hours worked
  Emp 4  (TypeB): 0 hours worked
  Emp 5  (TypeB): 0 hours worked
  Emp 6  (TypeB): 0 hours worked
  Emp 7  (TypeB): 33 hours worked
  Emp 8  (TypeB): 0 hours worked
  Emp 9  (TypeB): 0 hours worked
  Emp 10 (TypeB): 37 hours worked
  Emp 11 (TypeB): 0 hours worked
  Emp 12 (TypeC): 0 hours worked
  Emp 13 (TypeC): 0 hours worked
  Emp 14 (TypeC): 0 hours worked
  Emp 15 (TypeC): 24 hours worked
  Emp 16 (TypeC): 0 hours worked
  Emp 17 (TypeC): 0 hours worked
  Emp 18 (TypeC): 22 hours worked
  Emp 19 (TypeC): 0 hours worked

5. Iteration History (Convergence Log)
--------------------------------------
Iter  | RMP Obj Value   | Pool Hits  | Graph Gen 
--------------------------------------------------
1     | 559,052,000.00  | 0          | 20        
2     | 231,589,900.00  | 0          | 20        
3     | 118,771,800.00  | 0          | 20        
4     | 73,760,800.00   | 0          | 20        
5     | 49,762,600.00   | 0          | 20        
6     | 34,768,600.00   | 0          | 20        
7     | 32,683,299.87   | 0          | 20        
8     | 24,568,486.60   | 0          | 20        
9     | 16,638,866.66   | 0          | 20        
10    | 11,759,433.31   | 0          | 20        
11    | 9,653,877.74    | 0          | 20        
12    | 7,908,792.90    | 0          | 20        
13    | 5,643,671.15    | 0          | 20        
14    | 4,746,357.12    | 0          | 20        
15    | 2,433,840.00    | 0          | 20        
16    | 1,784,469.25    | 0          | 20        
17    | 769,486.37      | 0          | 20        
18    | 766,542.83      | 0          | 20        
19    | 764,795.08      | 0          | 20        
20    | 763,802.56      | 0          | 20        
21    | 761,100.32      | 0          | 20        
22    | 758,515.48      | 0          | 20        
23    | 751,131.06      | 0          | 20        
24    | 747,532.68      | 0          | 20        
25    | 741,885.57      | 0          | 20        
26    | 738,969.54      | 0          | 20        
27    | 735,300.18      | 0          | 20        
28    | 732,854.82      | 0          | 20        
29    | 731,883.60      | 0          | 20        
30    | 729,844.77      | 0          | 20        
31    | 727,802.53      | 0          | 20        
32    | 726,556.58      | 0          | 20        
33    | 725,106.36      | 0          | 20        
34    | 723,392.86      | 0          | 20        
35    | 719,892.09      | 0          | 20        
36    | 717,550.43      | 0          | 20        
37    | 714,730.38      | 0          | 20        
38    | 713,950.93      | 0          | 20        
39    | 713,011.92      | 0          | 20        
40    | 711,714.74      | 0          | 20        
41    | 710,508.25      | 0          | 20        
42    | 709,493.76      | 0          | 20        
43    | 708,997.53      | 0          | 20        
44    | 708,414.14      | 0          | 20        
45    | 707,910.54      | 0          | 20        
46    | 707,268.89      | 0          | 20        
47    | 706,811.18      | 0          | 20        
48    | 705,767.35      | 0          | 20        
49    | 705,101.19      | 0          | 20        
50    | 704,370.46      | 0          | 20        
51    | 703,523.13      | 0          | 20        
52    | 702,800.21      | 0          | 20        
53    | 701,464.53      | 0          | 20        
54    | 699,698.77      | 0          | 20        
55    | 698,670.74      | 0          | 20        
56    | 697,748.01      | 0          | 20        
57    | 696,880.39      | 0          | 20        
58    | 696,330.49      | 0          | 20        
59    | 695,753.56      | 0          | 20        
60    | 694,500.10      | 0          | 20        
61    | 693,525.82      | 0          | 20        
62    | 693,011.16      | 0          | 20        
63    | 691,917.24      | 0          | 20        
64    | 691,442.26      | 0          | 20        
65    | 690,135.15      | 0          | 20        
66    | 689,456.67      | 0          | 20        
67    | 688,077.73      | 0          | 20        
68    | 687,321.67      | 0          | 20        
69    | 686,446.55      | 0          | 20        
70    | 685,706.80      | 0          | 20        
71    | 684,955.42      | 0          | 20        
72    | 684,499.84      | 0          | 20        
73    | 684,140.80      | 0          | 20        
74    | 683,695.77      | 0          | 20        
75    | 683,397.44      | 0          | 20        
76    | 683,080.29      | 0          | 20        
77    | 682,732.38      | 0          | 20        
78    | 681,882.43      | 0          | 20        
79    | 681,202.66      | 0          | 20        
80    | 680,723.42      | 0          | 20        
81    | 680,079.79      | 0          | 20        
82    | 679,587.58      | 0          | 20        
83    | 679,287.13      | 0          | 20        
84    | 679,002.55      | 0          | 20        
85    | 678,413.50      | 0          | 20        
86    | 677,697.57      | 0          | 20        
87    | 677,041.49      | 0          | 20        
88    | 676,555.99      | 0          | 20        
89    | 676,288.13      | 0          | 20        
90    | 675,982.40      | 0          | 20        
91    | 675,557.50      | 0          | 20        
92    | 675,396.54      | 0          | 20        
93    | 674,872.11      | 0          | 20        
94    | 674,744.81      | 0          | 20        
95    | 674,542.97      | 0          | 20        
96    | 674,185.94      | 0          | 20        
97    | 673,789.82      | 0          | 20        
98    | 673,577.09      | 0          | 20        
99    | 673,150.31      | 0          | 20        
100   | 672,989.11      | 0          | 20        
101   | 672,769.25      | 0          | 20        
102   | 672,377.08      | 0          | 20        
103   | 672,300.10      | 0          | 20        
104   | 672,197.32      | 0          | 20        
105   | 672,093.46      | 0          | 20        
106   | 671,971.80      | 0          | 20        
107   | 671,861.13      | 0          | 20        
108   | 671,637.55      | 0          | 20        
109   | 671,225.98      | 0          | 20        
110   | 670,964.21      | 0          | 20        
111   | 670,373.87      | 0          | 20        
112   | 670,169.61      | 0          | 20        
113   | 669,933.53      | 0          | 20        
114   | 669,692.95      | 0          | 20        
115   | 669,403.46      | 0          | 20        
116   | 669,040.27      | 0          | 20        
117   | 668,758.81      | 0          | 20        
118   | 668,564.33      | 0          | 20        
119   | 668,478.19      | 0          | 20        
120   | 668,316.58      | 0          | 20        
121   | 668,219.91      | 0          | 20        
122   | 668,138.89      | 0          | 20        
123   | 668,016.97      | 0          | 20        
124   | 667,862.19      | 0          | 20        
125   | 667,857.10      | 0          | 20        
126   | 667,748.49      | 0          | 20        
127   | 667,670.50      | 0          | 20        
128   | 667,648.61      | 0          | 20        
129   | 667,519.71      | 0          | 20        
130   | 667,278.82      | 0          | 20        
131   | 667,129.78      | 0          | 20        
132   | 666,958.19      | 0          | 20        
133   | 666,854.57      | 0          | 20        
134   | 666,700.36      | 0          | 20        
135   | 666,394.31      | 0          | 20        
136   | 666,168.12      | 0          | 20        
137   | 665,757.18      | 0          | 20        
138   | 665,576.17      | 0          | 20        
139   | 665,391.60      | 0          | 20        
140   | 665,254.74      | 0          | 20        
141   | 665,098.68      | 0          | 20        
142   | 665,047.22      | 0          | 20        
143   | 664,983.32      | 0          | 20        
144   | 664,802.54      | 0          | 20        
145   | 664,757.45      | 0          | 20        
146   | 664,559.56      | 0          | 20        
147   | 664,413.29      | 0          | 20        
148   | 664,332.09      | 0          | 20        
149   | 664,259.67      | 0          | 20        
150   | 664,187.34      | 0          | 20        
151   | 664,071.01      | 0          | 20        
152   | 663,912.37      | 0          | 20        
153   | 663,798.84      | 0          | 20        
154   | 663,732.68      | 0          | 20        
155   | 663,420.56      | 0          | 20        
156   | 663,190.26      | 0          | 20        
157   | 663,131.27      | 0          | 20        
158   | 663,037.66      | 0          | 20        
159   | 662,852.23      | 0          | 20        
160   | 662,739.65      | 0          | 20        
161   | 662,659.54      | 0          | 20        
162   | 662,588.48      | 0          | 20        
163   | 662,525.62      | 0          | 20        
164   | 662,459.64      | 0          | 20        
165   | 662,412.14      | 0          | 20        
166   | 662,254.86      | 0          | 20        
167   | 662,156.18      | 0          | 20        
168   | 662,023.55      | 0          | 20        
169   | 661,883.60      | 0          | 20        
170   | 661,609.04      | 0          | 20        
171   | 661,514.71      | 0          | 20        
172   | 661,396.86      | 0          | 20        
173   | 661,230.94      | 0          | 20        
174   | 660,908.50      | 0          | 20        
175   | 660,719.97      | 0          | 20        
176   | 660,541.91      | 0          | 20        
177   | 660,431.89      | 0          | 20        
178   | 660,354.63      | 0          | 20        
179   | 660,262.53      | 0          | 20        
180   | 660,213.89      | 0          | 20        
181   | 660,154.92      | 0          | 20        
182   | 660,113.67      | 0          | 20        
183   | 660,074.91      | 0          | 20        
184   | 660,032.13      | 0          | 20        
185   | 659,892.06      | 0          | 20        
186   | 659,651.30      | 0          | 20        
187   | 659,598.00      | 0          | 20        
188   | 659,509.98      | 0          | 20        
189   | 659,453.58      | 0          | 20        
190   | 659,407.78      | 0          | 20        
191   | 659,395.21      | 0          | 20        
192   | 659,391.94      | 0          | 20        
193   | 659,385.12      | 0          | 20        
194   | 659,354.64      | 0          | 20        
195   | 659,333.09      | 0          | 20        
196   | 659,299.19      | 0          | 20        
197   | 659,287.49      | 0          | 20        
198   | 659,271.00      | 0          | 20        
199   | 659,232.60      | 0          | 20        
200   | 659,196.05      | 0          | 20        
201   | 659,194.65      | 0          | 20        
202   | 659,109.83      | 0          | 20        
203   | 659,032.47      | 0          | 20        
204   | 658,879.25      | 0          | 20        
205   | 658,728.91      | 0          | 20        
206   | 658,653.13      | 0          | 20        
207   | 658,584.06      | 0          | 20        
208   | 658,462.95      | 0          | 20        
209   | 658,427.07      | 0          | 20        
210   | 658,389.35      | 0          | 20        
211   | 658,339.67      | 0          | 20        
212   | 658,339.67      | 0          | 20        
213   | 658,303.10      | 0          | 20        
214   | 658,221.46      | 0          | 20        
215   | 658,179.37      | 0          | 20        
216   | 658,154.82      | 0          | 20        
217   | 658,115.14      | 0          | 20        
218   | 658,097.18      | 0          | 20        
219   | 658,038.18      | 0          | 20        
220   | 657,992.68      | 0          | 20        
221   | 657,944.38      | 0          | 20        
222   | 657,923.61      | 0          | 20        
223   | 657,847.10      | 0          | 20        
224   | 657,785.35      | 0          | 20        
225   | 657,736.93      | 0          | 20        
226   | 657,703.30      | 0          | 20        
227   | 657,649.76      | 0          | 20        
228   | 657,613.65      | 0          | 20        
229   | 657,611.48      | 0          | 20        
230   | 657,566.90      | 0          | 20        
231   | 657,539.39      | 0          | 20        
232   | 657,525.42      | 0          | 20        
233   | 657,507.34      | 0          | 20        
234   | 657,475.97      | 0          | 20        
235   | 657,441.64      | 0          | 20        
236   | 657,403.49      | 0          | 20        
237   | 657,368.92      | 0          | 20        
238   | 657,270.50      | 0          | 20        
239   | 657,180.92      | 0          | 20        
240   | 657,139.47      | 0          | 20        
241   | 657,103.29      | 0          | 20        
242   | 657,082.81      | 0          | 20        
243   | 657,079.90      | 0          | 20        
244   | 657,069.40      | 0          | 20        
245   | 657,045.77      | 0          | 20        
246   | 656,974.33      | 0          | 20        
247   | 656,941.83      | 0          | 20        
248   | 656,918.46      | 0          | 20        
249   | 656,884.70      | 0          | 20        
250   | 656,867.86      | 0          | 20        
251   | 656,834.84      | 0          | 20        
252   | 656,808.45      | 0          | 20        
253   | 656,749.90      | 0          | 20        
254   | 656,720.11      | 0          | 20        
255   | 656,710.17      | 0          | 20        
256   | 656,696.68      | 0          | 20        
257   | 656,687.99      | 0          | 20        
258   | 656,650.07      | 0          | 20        
259   | 656,628.83      | 0          | 20        
260   | 656,628.83      | 0          | 20        
261   | 656,583.17      | 0          | 20        
262   | 656,579.22      | 0          | 20        
263   | 656,572.84      | 0          | 20        
264   | 656,556.19      | 0          | 20        
265   | 656,548.68      | 0          | 20        
266   | 656,506.90      | 0          | 20        
267   | 656,496.24      | 0          | 20        
268   | 656,450.01      | 0          | 20        
269   | 656,439.86      | 0          | 20        
270   | 656,428.94      | 0          | 20        
271   | 656,423.18      | 0          | 20        
272   | 656,370.81      | 0          | 20        
273   | 656,357.33      | 0          | 20        
274   | 656,345.37      | 0          | 20        
275   | 656,311.41      | 0          | 20        
276   | 656,283.81      | 0          | 20        
277   | 656,263.92      | 0          | 20        
278   | 656,252.88      | 0          | 20        
279   | 656,242.98      | 0          | 20        
280   | 656,230.91      | 0          | 20        
281   | 656,208.15      | 0          | 20        
282   | 656,200.40      | 0          | 20        
283   | 656,191.05      | 0          | 20        
284   | 656,187.92      | 0          | 20        
285   | 656,187.92      | 0          | 20        
286   | 656,180.38      | 0          | 20        
287   | 656,172.25      | 0          | 20        
288   | 656,171.99      | 0          | 20        
289   | 656,169.83      | 0          | 20        
290   | 656,162.37      | 0          | 20        
291   | 656,148.46      | 0          | 20        
292   | 656,142.03      | 0          | 16        
293   | 656,099.37      | 0          | 20        
294   | 656,058.83      | 0          | 20        
295   | 656,044.33      | 0          | 20        
296   | 656,042.40      | 0          | 20        
297   | 656,033.22      | 0          | 20        
298   | 656,028.94      | 0          | 20        
299   | 656,013.37      | 0          | 20        
300   | 656,013.37      | 0          | 20        
301   | 656,010.11      | 0          | 20        
302   | 655,978.06      | 0          | 20        
303   | 655,968.65      | 0          | 20        
304   | 655,968.26      | 0          | 20        
305   | 655,943.85      | 0          | 20        
306   | 655,943.83      | 0          | 20        
307   | 655,943.33      | 0          | 20        
308   | 655,943.22      | 0          | 20        
309   | 655,935.13      | 0          | 20        
310   | 655,934.41      | 0          | 20        
311   | 655,899.88      | 0          | 20        
312   | 655,899.88      | 0          | 20        
313   | 655,897.54      | 0          | 20        
314   | 655,887.15      | 0          | 20        
315   | 655,887.15      | 0          | 20        
316   | 655,887.15      | 0          | 20        
317   | 655,877.11      | 0          | 20        
318   | 655,876.15      | 0          | 20        
319   | 655,875.35      | 0          | 20        
320   | 655,875.35      | 0          | 20        
321   | 655,863.93      | 0          | 20        
322   | 655,863.93      | 0          | 20        
323   | 655,863.93      | 0          | 20        
324   | 655,863.47      | 0          | 20        
325   | 655,861.67      | 0          | 16        
326   | 655,861.67      | 0          | 16        
327   | 655,861.67      | 0          | 16        
328   | 655,861.67      | 0          | 16        
329   | 655,861.67      | 0          | 20        
330   | 655,861.67      | 0          | 8         
331   | 655,861.67      | 0          | 16        
332   | 655,861.67      | 0          | 16        
333   | 655,859.31      | 0          | 16        
334   | 655,859.31      | 0          | 16        
335   | 655,859.31      | 0          | 16        
336   | 655,859.31      | 0          | 16        
337   | 655,859.31      | 0          | 16        
338   | 655,859.31      | 0          | 20        
339   | 655,859.31      | 0          | 16        
340   | 655,859.31      | 0          | 16        
341   | 655,859.31      | 0          | 16        
342   | 655,859.31      | 0          | 16        
343   | 655,859.31      | 0          | 16        
