==========================================================
 ANALYSIS REPORT: Week 4
==========================================================

0. Solver Configuration
-----------------------
  max_iter             : 1000
  time_limit           : 3600
  tol                  : 1e-08
  patience             : 10
  mip_rc_threshold     : 100000
  mip_gap              : 0.05

1. Performance Metrics
----------------------
  Objective Value : 444,151,800.00
  RMP Relaxed Value (Root): 644,400.00
  Integrality Gap       : 68824.8603 %
  MIP Best Bound (Final)  : 644,400.00
  Final MIP Gap           : 68824.8603 %
  Execution Time  : 1794.5109 sec
  Iterations      : 301
  RMP Time  : 1211.7136 s
  MIP Time  : 10.5974 s
  Pool Search Time: 0.0002 s
  Graph Search Time: 570.7674 s
  MIP Decision Variables: 6040 (Columns used in Final MIP)
  MIP Filtered Columns  : 0 (Removed before MIP)

2. Column Generation & Pool Statistics
--------------------------------------
  Total Columns Generated (History) : 6040
  Pool Hits (Reused from History)   : 0
  Graph Gen (Newly Created)         : 6000
  Pool Hit Rate                     : 0.0%

3. Shift Pattern Diversity (Unique Patterns)
------------------------------------------
  Type: TypeA  | Unique Patterns:  301 / Total Gen: 1204
       -> Avg Length of Unique Patterns: 44.8 hours
  Type: TypeB  | Unique Patterns:  301 / Total Gen: 2408
       -> Avg Length of Unique Patterns: 32.0 hours
  Type: TypeC  | Unique Patterns:  301 / Total Gen: 2408
       -> Avg Length of Unique Patterns: 22.4 hours

4. Final Schedule Assignment Breakdown
--------------------------------------
  Emp 0  (TypeA): 0 hours worked
  Emp 1  (TypeA): 47 hours worked
  Emp 2  (TypeA): 0 hours worked
  Emp 3  (TypeA): 0 hours worked
  Emp 4  (TypeB): 0 hours worked
  Emp 5  (TypeB): 0 hours worked
  Emp 6  (TypeB): 0 hours worked
  Emp 7  (TypeB): 36 hours worked
  Emp 8  (TypeB): 0 hours worked
  Emp 9  (TypeB): 34 hours worked
  Emp 10 (TypeB): 0 hours worked
  Emp 11 (TypeB): 33 hours worked
  Emp 12 (TypeC): 0 hours worked
  Emp 13 (TypeC): 0 hours worked
  Emp 14 (TypeC): 0 hours worked
  Emp 15 (TypeC): 0 hours worked
  Emp 16 (TypeC): 0 hours worked
  Emp 17 (TypeC): 0 hours worked
  Emp 18 (TypeC): 0 hours worked
  Emp 19 (TypeC): 0 hours worked

5. Iteration History (Convergence Log)
--------------------------------------
Iter  | RMP Obj Value   | Pool Hits  | Graph Gen 
--------------------------------------------------
1     | 552,052,000.00  | 0          | 20        
2     | 284,575,200.00  | 0          | 20        
3     | 118,293,450.00  | 0          | 20        
4     | 56,772,900.00   | 0          | 20        
5     | 39,792,000.00   | 0          | 20        
6     | 25,923,850.00   | 0          | 20        
7     | 11,798,300.00   | 0          | 20        
8     | 9,792,600.00    | 0          | 20        
9     | 7,973,663.55    | 0          | 20        
10    | 5,973,945.96    | 0          | 20        
11    | 4,641,157.14    | 0          | 20        
12    | 3,183,804.29    | 0          | 20        
13    | 2,520,913.94    | 0          | 20        
14    | 1,688,445.72    | 0          | 20        
15    | 1,394,203.73    | 0          | 20        
16    | 894,798.05      | 0          | 20        
17    | 766,282.31      | 0          | 20        
18    | 761,511.15      | 0          | 20        
19    | 755,682.27      | 0          | 20        
20    | 753,815.27      | 0          | 20        
21    | 750,216.10      | 0          | 20        
22    | 747,179.87      | 0          | 20        
23    | 743,092.12      | 0          | 20        
24    | 740,847.57      | 0          | 20        
25    | 735,811.30      | 0          | 20        
26    | 729,720.82      | 0          | 20        
27    | 726,726.12      | 0          | 20        
28    | 725,043.41      | 0          | 20        
29    | 723,518.87      | 0          | 20        
30    | 722,547.75      | 0          | 20        
31    | 720,292.59      | 0          | 20        
32    | 719,067.39      | 0          | 20        
33    | 717,531.57      | 0          | 20        
34    | 714,304.78      | 0          | 20        
35    | 711,519.86      | 0          | 20        
36    | 709,492.13      | 0          | 20        
37    | 708,668.42      | 0          | 20        
38    | 705,551.98      | 0          | 20        
39    | 703,660.69      | 0          | 20        
40    | 702,110.12      | 0          | 20        
41    | 701,471.16      | 0          | 20        
42    | 700,315.14      | 0          | 20        
43    | 699,339.12      | 0          | 20        
44    | 698,400.84      | 0          | 20        
45    | 697,646.16      | 0          | 20        
46    | 696,162.85      | 0          | 20        
47    | 694,924.91      | 0          | 20        
48    | 693,772.99      | 0          | 20        
49    | 692,965.86      | 0          | 20        
50    | 691,798.57      | 0          | 20        
51    | 691,089.80      | 0          | 20        
52    | 690,660.67      | 0          | 20        
53    | 689,923.27      | 0          | 20        
54    | 688,869.68      | 0          | 20        
55    | 687,488.55      | 0          | 20        
56    | 686,754.18      | 0          | 20        
57    | 686,626.70      | 0          | 20        
58    | 686,018.96      | 0          | 20        
59    | 685,515.02      | 0          | 20        
60    | 684,045.99      | 0          | 20        
61    | 683,242.80      | 0          | 20        
62    | 682,415.57      | 0          | 20        
63    | 681,144.74      | 0          | 20        
64    | 680,428.87      | 0          | 20        
65    | 679,695.06      | 0          | 20        
66    | 679,138.84      | 0          | 20        
67    | 678,541.49      | 0          | 20        
68    | 678,020.60      | 0          | 20        
69    | 677,720.74      | 0          | 20        
70    | 677,310.48      | 0          | 20        
71    | 676,777.75      | 0          | 20        
72    | 676,336.16      | 0          | 20        
73    | 675,889.90      | 0          | 20        
74    | 675,677.92      | 0          | 20        
75    | 675,201.55      | 0          | 20        
76    | 674,269.51      | 0          | 20        
77    | 673,599.21      | 0          | 20        
78    | 673,040.77      | 0          | 20        
79    | 672,379.23      | 0          | 20        
80    | 671,827.81      | 0          | 20        
81    | 671,499.48      | 0          | 20        
82    | 671,144.17      | 0          | 20        
83    | 670,756.23      | 0          | 20        
84    | 670,322.67      | 0          | 20        
85    | 670,047.03      | 0          | 20        
86    | 669,683.33      | 0          | 20        
87    | 669,169.64      | 0          | 20        
88    | 668,838.60      | 0          | 20        
89    | 668,260.17      | 0          | 20        
90    | 668,156.17      | 0          | 20        
91    | 667,777.98      | 0          | 20        
92    | 667,489.63      | 0          | 20        
93    | 667,225.83      | 0          | 20        
94    | 667,145.50      | 0          | 20        
95    | 666,905.84      | 0          | 20        
96    | 666,556.46      | 0          | 20        
97    | 666,103.79      | 0          | 20        
98    | 665,713.92      | 0          | 20        
99    | 664,479.32      | 0          | 20        
100   | 663,919.84      | 0          | 20        
101   | 663,305.59      | 0          | 20        
102   | 662,604.58      | 0          | 20        
103   | 662,219.90      | 0          | 20        
104   | 661,756.63      | 0          | 20        
105   | 661,192.19      | 0          | 20        
106   | 660,762.80      | 0          | 20        
107   | 660,533.10      | 0          | 20        
108   | 660,382.48      | 0          | 20        
109   | 660,265.85      | 0          | 20        
110   | 660,180.64      | 0          | 20        
111   | 659,846.45      | 0          | 20        
112   | 659,503.77      | 0          | 20        
113   | 659,242.77      | 0          | 20        
114   | 658,321.95      | 0          | 20        
115   | 658,019.89      | 0          | 20        
116   | 657,789.45      | 0          | 20        
117   | 657,420.93      | 0          | 20        
118   | 657,204.22      | 0          | 20        
119   | 657,145.29      | 0          | 20        
120   | 656,862.73      | 0          | 20        
121   | 656,617.06      | 0          | 20        
122   | 656,374.81      | 0          | 20        
123   | 656,057.56      | 0          | 20        
124   | 655,744.24      | 0          | 20        
125   | 655,348.08      | 0          | 20        
126   | 655,162.74      | 0          | 20        
127   | 655,046.12      | 0          | 20        
128   | 654,869.13      | 0          | 20        
129   | 654,638.65      | 0          | 20        
130   | 654,546.10      | 0          | 20        
131   | 654,415.21      | 0          | 20        
132   | 654,216.09      | 0          | 20        
133   | 653,893.00      | 0          | 20        
134   | 653,693.85      | 0          | 20        
135   | 653,591.47      | 0          | 20        
136   | 653,406.28      | 0          | 20        
137   | 653,250.77      | 0          | 20        
138   | 653,020.50      | 0          | 20        
139   | 652,874.99      | 0          | 20        
140   | 652,716.49      | 0          | 20        
141   | 652,585.13      | 0          | 20        
142   | 652,417.05      | 0          | 20        
143   | 652,253.56      | 0          | 20        
144   | 652,148.42      | 0          | 20        
145   | 652,058.32      | 0          | 20        
146   | 651,985.58      | 0          | 20        
147   | 651,985.58      | 0          | 20        
148   | 651,878.22      | 0          | 20        
149   | 651,822.92      | 0          | 20        
150   | 651,727.11      | 0          | 20        
151   | 651,600.67      | 0          | 20        
152   | 651,528.31      | 0          | 20        
153   | 651,497.80      | 0          | 20        
154   | 651,445.82      | 0          | 20        
155   | 651,299.58      | 0          | 20        
156   | 651,255.84      | 0          | 20        
157   | 651,139.74      | 0          | 20        
158   | 651,020.98      | 0          | 20        
159   | 650,907.76      | 0          | 20        
160   | 650,791.12      | 0          | 20        
161   | 650,663.35      | 0          | 20        
162   | 650,506.53      | 0          | 20        
163   | 650,398.19      | 0          | 20        
164   | 650,169.96      | 0          | 20        
165   | 650,091.47      | 0          | 20        
166   | 649,929.70      | 0          | 20        
167   | 649,777.62      | 0          | 20        
168   | 649,494.31      | 0          | 20        
169   | 649,281.82      | 0          | 20        
170   | 649,046.40      | 0          | 20        
171   | 648,841.09      | 0          | 20        
172   | 648,743.62      | 0          | 20        
173   | 648,673.21      | 0          | 20        
174   | 648,620.48      | 0          | 20        
175   | 648,523.54      | 0          | 20        
176   | 648,487.89      | 0          | 20        
177   | 648,431.42      | 0          | 20        
178   | 648,383.32      | 0          | 20        
179   | 648,360.19      | 0          | 20        
180   | 648,336.77      | 0          | 20        
181   | 648,288.58      | 0          | 20        
182   | 648,173.20      | 0          | 20        
183   | 648,082.03      | 0          | 20        
184   | 648,023.02      | 0          | 20        
185   | 647,996.84      | 0          | 20        
186   | 647,953.65      | 0          | 20        
187   | 647,755.78      | 0          | 20        
188   | 647,755.78      | 0          | 20        
189   | 647,634.81      | 0          | 20        
190   | 647,481.56      | 0          | 20        
191   | 647,299.19      | 0          | 20        
192   | 647,260.74      | 0          | 20        
193   | 647,148.58      | 0          | 20        
194   | 647,111.47      | 0          | 20        
195   | 647,060.30      | 0          | 20        
196   | 646,847.48      | 0          | 20        
197   | 646,703.51      | 0          | 20        
198   | 646,588.47      | 0          | 20        
199   | 646,538.62      | 0          | 20        
200   | 646,416.30      | 0          | 20        
201   | 646,380.14      | 0          | 20        
202   | 646,349.31      | 0          | 20        
203   | 646,311.82      | 0          | 20        
204   | 646,293.99      | 0          | 20        
205   | 646,269.78      | 0          | 20        
206   | 646,244.92      | 0          | 20        
207   | 646,195.03      | 0          | 20        
208   | 646,173.38      | 0          | 20        
209   | 646,124.93      | 0          | 20        
210   | 646,089.20      | 0          | 20        
211   | 646,086.30      | 0          | 20        
212   | 646,028.70      | 0          | 20        
213   | 646,007.57      | 0          | 20        
214   | 645,960.59      | 0          | 20        
215   | 645,949.42      | 0          | 20        
216   | 645,918.96      | 0          | 20        
217   | 645,876.47      | 0          | 20        
218   | 645,866.23      | 0          | 20        
219   | 645,850.55      | 0          | 20        
220   | 645,771.49      | 0          | 20        
221   | 645,744.44      | 0          | 20        
222   | 645,699.04      | 0          | 20        
223   | 645,699.04      | 0          | 20        
224   | 645,687.21      | 0          | 20        
225   | 645,632.26      | 0          | 20        
226   | 645,604.79      | 0          | 20        
227   | 645,599.67      | 0          | 20        
228   | 645,597.78      | 0          | 20        
229   | 645,569.87      | 0          | 20        
230   | 645,532.25      | 0          | 20        
231   | 645,512.59      | 0          | 20        
232   | 645,499.07      | 0          | 20        
233   | 645,487.86      | 0          | 20        
234   | 645,483.73      | 0          | 20        
235   | 645,463.78      | 0          | 20        
236   | 645,393.70      | 0          | 20        
237   | 645,386.14      | 0          | 20        
238   | 645,380.61      | 0          | 20        
239   | 645,338.38      | 0          | 20        
240   | 645,324.02      | 0          | 20        
241   | 645,296.73      | 0          | 20        
242   | 645,281.77      | 0          | 20        
243   | 645,281.77      | 0          | 20        
244   | 645,273.66      | 0          | 20        
245   | 645,273.19      | 0          | 20        
246   | 645,240.57      | 0          | 20        
247   | 645,232.42      | 0          | 20        
248   | 645,166.77      | 0          | 20        
249   | 645,143.58      | 0          | 20        
250   | 645,101.19      | 0          | 20        
251   | 645,074.30      | 0          | 20        
252   | 645,029.19      | 0          | 20        
253   | 645,004.16      | 0          | 20        
254   | 644,980.29      | 0          | 20        
255   | 644,932.22      | 0          | 20        
256   | 644,916.21      | 0          | 20        
257   | 644,908.43      | 0          | 20        
258   | 644,875.25      | 0          | 20        
259   | 644,875.25      | 0          | 20        
260   | 644,866.61      | 0          | 20        
261   | 644,848.18      | 0          | 20        
262   | 644,832.91      | 0          | 20        
263   | 644,818.01      | 0          | 20        
264   | 644,799.20      | 0          | 20        
265   | 644,791.59      | 0          | 20        
266   | 644,749.03      | 0          | 20        
267   | 644,651.03      | 0          | 20        
268   | 644,651.03      | 0          | 20        
269   | 644,616.89      | 0          | 20        
270   | 644,609.51      | 0          | 20        
271   | 644,594.41      | 0          | 20        
272   | 644,587.27      | 0          | 20        
273   | 644,578.77      | 0          | 20        
274   | 644,565.42      | 0          | 20        
275   | 644,531.18      | 0          | 20        
276   | 644,523.84      | 0          | 20        
277   | 644,514.10      | 0          | 20        
278   | 644,502.34      | 0          | 20        
279   | 644,494.49      | 0          | 20        
280   | 644,494.49      | 0          | 20        
281   | 644,478.35      | 0          | 20        
282   | 644,478.17      | 0          | 20        
283   | 644,474.29      | 0          | 20        
284   | 644,472.30      | 0          | 20        
285   | 644,459.37      | 0          | 20        
286   | 644,448.18      | 0          | 20        
287   | 644,448.18      | 0          | 20        
288   | 644,440.84      | 0          | 20        
289   | 644,437.70      | 0          | 20        
290   | 644,433.88      | 0          | 20        
291   | 644,431.41      | 0          | 20        
292   | 644,425.81      | 0          | 20        
293   | 644,419.11      | 0          | 20        
294   | 644,418.44      | 0          | 20        
295   | 644,418.44      | 0          | 20        
296   | 644,415.49      | 0          | 20        
297   | 644,407.24      | 0          | 20        
298   | 644,403.86      | 0          | 20        
299   | 644,403.86      | 0          | 20        
300   | 644,402.21      | 0          | 20        
301   | 644,400.00      | 0          | 0         
