==========================================================
 ANALYSIS REPORT: Week 12
==========================================================

1. Performance Metrics
----------------------
  Objective Value : 3,191,300.00
  RMP Relaxed Value (Root): 2,190,183.33
  Integrality Gap       : 45.7093 %
  MIP Best Bound (Final)  : 3,191,300.00
  Final MIP Gap           : 0.0000 %
  Execution Time  : 116.8162 sec
  Iterations      : 160
  RMP Time  : 52.8863 s
  MIP Time  : 2.4427 s
  Pool Search Time: 34.0892 s
  Graph Search Time: 27.2437 s
  MIP Decision Variables: 399 (Columns used in Final MIP)
  MIP Filtered Columns  : 599 (Removed before MIP)

2. Column Generation & Pool Statistics
--------------------------------------
  Total Columns Generated (History) : 9551
  Pool Hits (Reused from History)   : 384
  Graph Gen (Newly Created)         : 604
  Pool Hit Rate                     : 38.9%

3. Shift Pattern Diversity (Unique Patterns)
------------------------------------------
  Type: TypeA  | Unique Patterns: 1776 / Total Gen: 1776
       -> Avg Length of Unique Patterns: 47.3 hours
  Type: TypeB  | Unique Patterns: 1922 / Total Gen: 3844
       -> Avg Length of Unique Patterns: 36.2 hours
  Type: TypeC  | Unique Patterns: 1963 / Total Gen: 3926
       -> Avg Length of Unique Patterns: 24.7 hours

4. Final Schedule Assignment Breakdown
--------------------------------------
  Emp 0  (TypeA): 49 hours worked
  Emp 1  (TypeB): 35 hours worked
  Emp 2  (TypeB): 38 hours worked
  Emp 3  (TypeC): 29 hours worked
  Emp 4  (TypeC): 28 hours worked

5. Iteration History (Convergence Log)
--------------------------------------
Iter  | RMP Obj Value   | Pool Hits  | Graph Gen 
--------------------------------------------------
1     | 114,011,900.00  | 10         | 0         
2     | 80,060,200.00   | 10         | 0         
3     | 41,139,800.00   | 10         | 0         
4     | 22,191,900.00   | 10         | 0         
5     | 14,461,723.52   | 10         | 0         
6     | 12,650,536.39   | 10         | 0         
7     | 11,697,924.03   | 10         | 0         
8     | 11,216,940.96   | 10         | 0         
9     | 10,879,161.41   | 10         | 0         
10    | 10,244,418.05   | 10         | 0         
11    | 9,948,656.57    | 10         | 0         
12    | 9,652,683.42    | 10         | 0         
13    | 9,485,184.15    | 10         | 0         
14    | 9,426,205.69    | 10         | 0         
15    | 9,407,258.39    | 4          | 5         
16    | 8,015,173.35    | 10         | 0         
17    | 7,588,899.60    | 10         | 0         
18    | 7,515,371.73    | 10         | 0         
19    | 7,470,046.48    | 8          | 0         
20    | 7,459,326.10    | 3          | 5         
21    | 6,467,015.21    | 10         | 0         
22    | 6,270,082.25    | 10         | 0         
23    | 6,250,303.62    | 10         | 0         
24    | 6,238,890.38    | 10         | 0         
25    | 6,236,982.09    | 2          | 5         
26    | 5,719,091.89    | 10         | 0         
27    | 5,662,675.84    | 10         | 0         
28    | 5,634,713.79    | 2          | 5         
29    | 4,946,408.85    | 10         | 0         
30    | 4,934,999.05    | 10         | 0         
31    | 4,911,615.62    | 4          | 5         
32    | 4,683,891.95    | 10         | 0         
33    | 4,658,592.65    | 10         | 0         
34    | 4,655,932.20    | 0          | 5         
35    | 4,528,438.93    | 10         | 0         
36    | 4,515,572.84    | 10         | 0         
37    | 4,514,042.19    | 2          | 5         
38    | 4,320,700.10    | 10         | 0         
39    | 4,304,036.19    | 10         | 0         
40    | 4,301,875.90    | 0          | 5         
41    | 4,137,747.24    | 8          | 0         
42    | 4,137,489.14    | 0          | 5         
43    | 4,030,141.72    | 4          | 5         
44    | 3,822,968.53    | 0          | 5         
45    | 3,548,761.71    | 4          | 5         
46    | 3,379,950.89    | 8          | 0         
47    | 3,379,950.89    | 0          | 5         
48    | 3,171,636.67    | 10         | 0         
49    | 3,169,565.27    | 3          | 5         
50    | 3,106,752.26    | 2          | 5         
51    | 3,089,257.26    | 2          | 5         
52    | 3,072,835.26    | 0          | 5         
53    | 3,001,709.63    | 0          | 5         
54    | 2,899,981.75    | 0          | 5         
55    | 2,865,008.75    | 0          | 5         
56    | 2,832,946.92    | 0          | 5         
57    | 2,796,163.26    | 2          | 5         
58    | 2,791,852.85    | 0          | 5         
59    | 2,777,843.51    | 0          | 5         
60    | 2,728,856.07    | 0          | 5         
61    | 2,713,661.25    | 0          | 5         
62    | 2,651,364.34    | 0          | 5         
63    | 2,594,000.90    | 0          | 5         
64    | 2,539,821.89    | 2          | 5         
65    | 2,517,303.45    | 0          | 5         
66    | 2,492,136.52    | 0          | 5         
67    | 2,485,075.80    | 0          | 5         
68    | 2,469,708.34    | 0          | 5         
69    | 2,467,458.70    | 0          | 5         
70    | 2,467,458.70    | 0          | 5         
71    | 2,460,018.15    | 0          | 5         
72    | 2,460,018.15    | 0          | 5         
73    | 2,460,018.15    | 0          | 5         
74    | 2,459,773.43    | 0          | 5         
75    | 2,459,773.43    | 0          | 5         
76    | 2,453,647.31    | 0          | 5         
77    | 2,453,647.31    | 0          | 5         
78    | 2,442,955.25    | 0          | 5         
79    | 2,419,885.29    | 0          | 5         
80    | 2,401,002.82    | 2          | 5         
81    | 2,400,094.03    | 0          | 5         
82    | 2,397,213.84    | 0          | 5         
83    | 2,397,213.84    | 0          | 5         
84    | 2,389,865.13    | 0          | 5         
85    | 2,353,290.08    | 0          | 5         
86    | 2,347,440.80    | 0          | 5         
87    | 2,337,038.08    | 0          | 4         
88    | 2,337,038.08    | 0          | 5         
89    | 2,327,794.75    | 0          | 4         
90    | 2,316,695.26    | 0          | 5         
91    | 2,292,581.88    | 0          | 5         
92    | 2,292,581.88    | 0          | 5         
93    | 2,273,579.74    | 0          | 5         
94    | 2,273,579.74    | 0          | 5         
95    | 2,270,334.84    | 0          | 4         
96    | 2,270,334.84    | 0          | 5         
97    | 2,267,183.00    | 0          | 4         
98    | 2,252,233.03    | 0          | 5         
99    | 2,250,632.35    | 0          | 5         
100   | 2,235,293.29    | 0          | 5         
101   | 2,220,586.11    | 0          | 5         
102   | 2,219,645.54    | 0          | 5         
103   | 2,219,645.54    | 0          | 5         
104   | 2,217,145.46    | 0          | 5         
105   | 2,204,982.69    | 0          | 4         
106   | 2,204,982.69    | 0          | 5         
107   | 2,201,348.34    | 0          | 5         
108   | 2,201,348.34    | 0          | 5         
109   | 2,201,348.34    | 0          | 5         
110   | 2,192,987.50    | 0          | 5         
111   | 2,192,987.50    | 0          | 5         
112   | 2,192,987.50    | 0          | 5         
113   | 2,192,583.93    | 0          | 5         
114   | 2,192,583.93    | 0          | 4         
115   | 2,192,583.93    | 0          | 5         
116   | 2,192,583.93    | 0          | 5         
117   | 2,192,216.67    | 0          | 5         
118   | 2,192,000.00    | 0          | 5         
119   | 2,192,000.00    | 0          | 5         
120   | 2,192,000.00    | 0          | 5         
121   | 2,192,000.00    | 0          | 5         
122   | 2,192,000.00    | 0          | 4         
123   | 2,192,000.00    | 0          | 5         
124   | 2,192,000.00    | 0          | 5         
125   | 2,192,000.00    | 0          | 4         
126   | 2,191,140.00    | 0          | 5         
127   | 2,191,140.00    | 2          | 4         
128   | 2,191,140.00    | 0          | 4         
129   | 2,191,140.00    | 0          | 5         
130   | 2,191,140.00    | 0          | 4         
131   | 2,191,140.00    | 0          | 4         
132   | 2,191,140.00    | 0          | 5         
133   | 2,190,775.00    | 0          | 4         
134   | 2,190,775.00    | 0          | 4         
135   | 2,190,775.00    | 0          | 4         
136   | 2,190,648.72    | 0          | 5         
137   | 2,190,648.72    | 0          | 5         
138   | 2,190,648.72    | 0          | 5         
139   | 2,190,648.72    | 0          | 4         
140   | 2,190,648.72    | 0          | 4         
141   | 2,190,648.72    | 0          | 4         
142   | 2,190,648.72    | 0          | 5         
143   | 2,190,648.72    | 0          | 5         
144   | 2,190,648.72    | 0          | 4         
145   | 2,190,648.72    | 0          | 4         
146   | 2,190,552.00    | 0          | 5         
147   | 2,190,552.00    | 0          | 5         
148   | 2,190,552.00    | 0          | 5         
149   | 2,190,552.00    | 0          | 4         
150   | 2,190,183.33    | 0          | 5         
151   | 2,190,183.33    | 0          | 5         
152   | 2,190,183.33    | 0          | 5         
153   | 2,190,183.33    | 0          | 5         
154   | 2,190,183.33    | 0          | 5         
155   | 2,190,183.33    | 0          | 5         
156   | 2,190,183.33    | 0          | 5         
157   | 2,190,183.33    | 0          | 5         
158   | 2,190,183.33    | 0          | 5         
159   | 2,190,183.33    | 0          | 5         
160   | 2,190,183.33    | 0          | 5         
