==========================================================
 ANALYSIS REPORT: Week 12
==========================================================

1. Performance Metrics
----------------------
  Objective Value : 3,192,500.00
  RMP Relaxed Value (Root): 2,190,422.45
  Integrality Gap       : 45.7481 %
  Execution Time  : 95.0852 sec
  Iterations      : 137
  RMP Time  : 45.5819 s
  MIP Time  : 4.0529 s
  Pool Search Time: 21.2709 s
  Graph Search Time: 23.9994 s
  MIP Decision Variables: 510 (Columns used in Final MIP)
  MIP Filtered Columns  : 359 (Removed before MIP)

2. Column Generation & Pool Statistics
--------------------------------------
  Total Columns Generated (History) : 7059
  Pool Hits (Reused from History)   : 347
  Graph Gen (Newly Created)         : 512
  Pool Hit Rate                     : 40.4%

3. Shift Pattern Diversity (Unique Patterns)
------------------------------------------
  Type: TypeA  | Unique Patterns: 1362 / Total Gen: 1362
       -> Avg Length of Unique Patterns: 47.3 hours
  Type: TypeB  | Unique Patterns: 1415 / Total Gen: 2830
       -> Avg Length of Unique Patterns: 36.4 hours
  Type: TypeC  | Unique Patterns: 1431 / Total Gen: 2862
       -> Avg Length of Unique Patterns: 24.7 hours

4. Final Schedule Assignment Breakdown
--------------------------------------
  Emp 0  (TypeA): 49 hours worked
  Emp 1  (TypeB): 38 hours worked
  Emp 2  (TypeB): 35 hours worked
  Emp 3  (TypeC): 30 hours worked
  Emp 4  (TypeC): 27 hours worked

5. Iteration History (Convergence Log)
--------------------------------------
Iter  | RMP Obj Value   | Pool Hits  | Graph Gen 
--------------------------------------------------
1     | 114,011,900.00  | 10         | 0         
2     | 80,060,400.00   | 10         | 0         
3     | 38,143,399.83   | 10         | 0         
4     | 18,193,700.00   | 10         | 0         
5     | 16,194,157.14   | 10         | 0         
6     | 14,016,336.36   | 10         | 0         
7     | 12,032,111.10   | 10         | 0         
8     | 11,449,539.29   | 10         | 0         
9     | 11,045,857.00   | 10         | 0         
10    | 10,349,965.53   | 10         | 0         
11    | 10,183,570.86   | 10         | 0         
12    | 9,890,634.10    | 10         | 0         
13    | 9,729,212.19    | 10         | 0         
14    | 9,683,401.52    | 10         | 0         
15    | 9,634,967.09    | 10         | 0         
16    | 9,627,788.94    | 3          | 5         
17    | 7,554,117.00    | 10         | 0         
18    | 7,413,792.46    | 10         | 0         
19    | 7,221,878.79    | 10         | 0         
20    | 7,199,441.46    | 10         | 0         
21    | 7,160,546.57    | 10         | 0         
22    | 7,156,236.45    | 0          | 5         
23    | 6,276,977.21    | 10         | 0         
24    | 6,266,358.57    | 10         | 0         
25    | 6,233,796.17    | 10         | 0         
26    | 6,232,304.91    | 2          | 5         
27    | 5,406,574.20    | 10         | 0         
28    | 5,398,779.71    | 10         | 0         
29    | 5,388,364.19    | 0          | 5         
30    | 5,118,546.21    | 8          | 0         
31    | 5,092,943.38    | 2          | 5         
32    | 4,499,154.20    | 10         | 0         
33    | 4,411,212.85    | 8          | 0         
34    | 4,409,255.20    | 1          | 5         
35    | 3,813,839.70    | 4          | 5         
36    | 3,581,828.99    | 10         | 0         
37    | 3,578,129.62    | 0          | 5         
38    | 3,520,721.26    | 2          | 5         
39    | 3,374,665.57    | 7          | 0         
40    | 3,373,580.19    | 6          | 0         
41    | 3,373,580.19    | 0          | 5         
42    | 3,287,072.07    | 2          | 5         
43    | 3,233,575.70    | 0          | 5         
44    | 3,185,680.17    | 2          | 5         
45    | 3,168,757.17    | 0          | 5         
46    | 3,109,584.62    | 2          | 5         
47    | 3,102,710.74    | 2          | 5         
48    | 3,025,978.84    | 8          | 0         
49    | 3,025,978.84    | 0          | 5         
50    | 2,946,800.00    | 0          | 5         
51    | 2,896,014.47    | 0          | 5         
52    | 2,881,599.86    | 4          | 5         
53    | 2,868,148.31    | 0          | 5         
54    | 2,849,838.35    | 0          | 5         
55    | 2,838,894.27    | 0          | 5         
56    | 2,825,400.67    | 0          | 5         
57    | 2,807,245.26    | 0          | 5         
58    | 2,802,124.24    | 0          | 5         
59    | 2,739,239.43    | 0          | 5         
60    | 2,672,715.94    | 2          | 5         
61    | 2,661,238.30    | 0          | 5         
62    | 2,582,583.47    | 8          | 0         
63    | 2,582,583.47    | 0          | 5         
64    | 2,566,721.53    | 0          | 5         
65    | 2,560,792.03    | 0          | 5         
66    | 2,540,056.03    | 0          | 5         
67    | 2,515,377.08    | 0          | 5         
68    | 2,513,311.42    | 0          | 5         
69    | 2,478,623.40    | 0          | 5         
70    | 2,469,865.58    | 0          | 5         
71    | 2,416,015.49    | 0          | 5         
72    | 2,377,460.54    | 0          | 5         
73    | 2,374,292.10    | 4          | 5         
74    | 2,371,306.14    | 0          | 5         
75    | 2,341,808.66    | 0          | 5         
76    | 2,315,833.28    | 0          | 5         
77    | 2,309,868.40    | 0          | 5         
78    | 2,297,522.05    | 0          | 5         
79    | 2,290,980.60    | 0          | 5         
80    | 2,282,988.72    | 0          | 5         
81    | 2,282,188.10    | 0          | 5         
82    | 2,266,940.40    | 0          | 5         
83    | 2,246,590.50    | 0          | 5         
84    | 2,242,454.22    | 0          | 5         
85    | 2,233,434.15    | 0          | 5         
86    | 2,233,434.15    | 0          | 5         
87    | 2,228,682.76    | 0          | 5         
88    | 2,228,682.76    | 0          | 5         
89    | 2,228,343.24    | 0          | 4         
90    | 2,228,238.29    | 0          | 4         
91    | 2,215,216.34    | 0          | 5         
92    | 2,215,216.34    | 0          | 5         
93    | 2,214,355.79    | 0          | 5         
94    | 2,196,752.73    | 0          | 5         
95    | 2,193,976.16    | 0          | 4         
96    | 2,192,766.67    | 0          | 5         
97    | 2,192,766.67    | 0          | 5         
98    | 2,192,766.67    | 0          | 5         
99    | 2,192,494.44    | 0          | 5         
100   | 2,192,494.44    | 0          | 4         
101   | 2,192,494.44    | 0          | 5         
102   | 2,192,397.53    | 0          | 5         
103   | 2,192,349.87    | 0          | 5         
104   | 2,192,349.87    | 0          | 5         
105   | 2,192,349.87    | 0          | 5         
106   | 2,192,349.87    | 0          | 5         
107   | 2,192,349.87    | 0          | 4         
108   | 2,192,106.64    | 0          | 5         
109   | 2,192,106.64    | 0          | 4         
110   | 2,192,106.64    | 0          | 5         
111   | 2,192,106.64    | 0          | 5         
112   | 2,192,079.69    | 0          | 5         
113   | 2,192,079.69    | 0          | 5         
114   | 2,192,079.69    | 0          | 5         
115   | 2,191,705.77    | 0          | 5         
116   | 2,191,705.77    | 0          | 5         
117   | 2,191,705.77    | 0          | 4         
118   | 2,191,705.77    | 0          | 5         
119   | 2,191,587.66    | 0          | 5         
120   | 2,191,587.66    | 0          | 5         
121   | 2,191,587.66    | 0          | 5         
122   | 2,191,301.30    | 0          | 5         
123   | 2,191,301.30    | 0          | 5         
124   | 2,191,301.30    | 0          | 5         
125   | 2,190,887.70    | 0          | 5         
126   | 2,190,887.70    | 0          | 5         
127   | 2,190,459.28    | 0          | 5         
128   | 2,190,459.28    | 0          | 5         
129   | 2,190,459.28    | 0          | 5         
130   | 2,190,459.28    | 0          | 5         
131   | 2,190,459.28    | 0          | 5         
132   | 2,190,459.28    | 0          | 5         
133   | 2,190,422.45    | 0          | 5         
134   | 2,190,422.45    | 0          | 5         
135   | 2,190,422.45    | 0          | 5         
136   | 2,190,422.45    | 0          | 4         
137   | 2,190,422.45    | 0          | 5         
