==========================================================
 ANALYSIS REPORT: Week 10
==========================================================

1. Performance Metrics
----------------------
  Objective Value : 2,194,700.00
  RMP Relaxed Value (Root): 527,933.33
  Integrality Gap       : 315.7154 %
  Execution Time  : 138.3427 sec
  Iterations      : 200
  RMP Time  : 84.7464 s
  MIP Time  : 5.4402 s
  Pool Search Time: 20.2094 s
  Graph Search Time: 27.6723 s
  MIP Decision Variables: 735 (Columns used in Final MIP)
  MIP Filtered Columns  : 584 (Removed before MIP)

2. Column Generation & Pool Statistics
--------------------------------------
  Total Columns Generated (History) : 5979
  Pool Hits (Reused from History)   : 574
  Graph Gen (Newly Created)         : 735
  Pool Hit Rate                     : 43.9%

3. Shift Pattern Diversity (Unique Patterns)
------------------------------------------
  Type: TypeA  | Unique Patterns: 1170 / Total Gen: 1170
       -> Avg Length of Unique Patterns: 47.2 hours
  Type: TypeB  | Unique Patterns: 1193 / Total Gen: 2386
       -> Avg Length of Unique Patterns: 36.3 hours
  Type: TypeC  | Unique Patterns: 1209 / Total Gen: 2418
       -> Avg Length of Unique Patterns: 24.6 hours

4. Final Schedule Assignment Breakdown
--------------------------------------
  Emp 0  (TypeA): 48 hours worked
  Emp 1  (TypeB): 38 hours worked
  Emp 2  (TypeB): 38 hours worked
  Emp 3  (TypeC): 25 hours worked
  Emp 4  (TypeC): 25 hours worked

5. Iteration History (Convergence Log)
--------------------------------------
Iter  | RMP Obj Value   | Pool Hits  | Graph Gen 
--------------------------------------------------
1     | 105,011,900.00  | 10         | 0         
2     | 75,062,600.00   | 10         | 0         
3     | 39,144,300.00   | 10         | 0         
4     | 16,529,866.62   | 10         | 0         
5     | 14,626,342.86   | 10         | 0         
6     | 12,800,640.00   | 10         | 0         
7     | 11,978,999.97   | 10         | 0         
8     | 10,782,925.14   | 10         | 0         
9     | 9,704,044.62    | 10         | 0         
10    | 9,454,492.66    | 10         | 0         
11    | 9,112,583.89    | 10         | 0         
12    | 8,777,640.96    | 10         | 0         
13    | 8,533,898.84    | 10         | 0         
14    | 8,497,769.87    | 10         | 0         
15    | 8,454,842.51    | 10         | 0         
16    | 8,355,463.90    | 10         | 0         
17    | 8,229,195.90    | 10         | 0         
18    | 8,180,166.85    | 10         | 0         
19    | 8,142,074.74    | 10         | 0         
20    | 8,099,774.09    | 10         | 0         
21    | 8,075,446.80    | 10         | 0         
22    | 8,069,929.53    | 10         | 0         
23    | 8,065,905.17    | 6          | 0         
24    | 8,065,352.63    | 3          | 5         
25    | 5,851,532.29    | 10         | 0         
26    | 5,777,378.96    | 10         | 0         
27    | 5,699,125.00    | 10         | 0         
28    | 5,617,761.25    | 10         | 0         
29    | 5,595,951.50    | 10         | 0         
30    | 5,565,874.11    | 10         | 0         
31    | 5,561,641.33    | 3          | 5         
32    | 5,133,548.35    | 10         | 0         
33    | 5,121,551.33    | 10         | 0         
34    | 5,105,718.48    | 8          | 0         
35    | 5,105,268.40    | 2          | 5         
36    | 4,612,392.96    | 10         | 0         
37    | 4,542,197.30    | 10         | 0         
38    | 4,524,131.58    | 10         | 0         
39    | 4,517,895.18    | 10         | 0         
40    | 4,515,936.59    | 3          | 5         
41    | 4,254,762.09    | 10         | 0         
42    | 4,194,050.08    | 10         | 0         
43    | 4,176,244.44    | 5          | 5         
44    | 3,635,788.94    | 10         | 0         
45    | 3,607,834.87    | 10         | 0         
46    | 3,584,127.55    | 1          | 5         
47    | 3,378,722.67    | 10         | 0         
48    | 3,367,443.48    | 10         | 0         
49    | 3,365,121.85    | 3          | 5         
50    | 3,058,315.77    | 10         | 0         
51    | 3,021,311.02    | 6          | 0         
52    | 3,021,311.02    | 1          | 5         
53    | 2,819,669.31    | 10         | 0         
54    | 2,810,088.61    | 10         | 0         
55    | 2,808,098.24    | 0          | 5         
56    | 2,697,067.41    | 5          | 5         
57    | 2,545,824.75    | 2          | 5         
58    | 2,476,005.54    | 10         | 0         
59    | 2,463,408.64    | 8          | 0         
60    | 2,460,922.56    | 1          | 5         
61    | 2,326,764.05    | 10         | 0         
62    | 2,321,761.37    | 4          | 5         
63    | 2,288,575.24    | 6          | 0         
64    | 2,288,368.22    | 0          | 5         
65    | 2,232,348.12    | 10         | 0         
66    | 2,223,415.39    | 10         | 0         
67    | 2,223,162.48    | 3          | 5         
68    | 2,137,842.49    | 2          | 5         
69    | 2,081,578.98    | 4          | 5         
70    | 2,032,023.98    | 10         | 0         
71    | 2,031,847.71    | 4          | 5         
72    | 1,999,908.87    | 0          | 5         
73    | 1,877,743.83    | 2          | 5         
74    | 1,830,075.40    | 0          | 5         
75    | 1,791,457.36    | 2          | 5         
76    | 1,729,212.71    | 0          | 5         
77    | 1,718,739.70    | 2          | 5         
78    | 1,695,738.93    | 4          | 5         
79    | 1,689,670.26    | 0          | 5         
80    | 1,659,296.70    | 2          | 5         
81    | 1,650,213.25    | 0          | 5         
82    | 1,629,650.78    | 2          | 5         
83    | 1,589,964.43    | 0          | 5         
84    | 1,581,146.17    | 0          | 5         
85    | 1,565,626.46    | 0          | 5         
86    | 1,545,297.91    | 0          | 5         
87    | 1,532,564.52    | 0          | 5         
88    | 1,521,980.82    | 0          | 5         
89    | 1,472,021.51    | 0          | 5         
90    | 1,456,919.67    | 0          | 5         
91    | 1,420,015.25    | 0          | 5         
92    | 1,382,837.83    | 0          | 5         
93    | 1,369,471.64    | 0          | 5         
94    | 1,362,256.81    | 0          | 5         
95    | 1,325,502.97    | 0          | 5         
96    | 1,312,321.58    | 0          | 5         
97    | 1,277,561.02    | 0          | 5         
98    | 1,249,182.74    | 0          | 5         
99    | 1,180,531.15    | 0          | 5         
100   | 1,170,013.67    | 0          | 5         
101   | 1,154,100.60    | 0          | 5         
102   | 1,133,763.12    | 0          | 5         
103   | 1,133,763.12    | 0          | 5         
104   | 1,093,268.64    | 0          | 5         
105   | 1,092,754.72    | 0          | 5         
106   | 1,087,168.82    | 0          | 5         
107   | 1,084,008.17    | 0          | 5         
108   | 1,081,862.72    | 0          | 5         
109   | 1,071,336.10    | 0          | 5         
110   | 1,057,645.09    | 0          | 5         
111   | 1,035,210.40    | 0          | 5         
112   | 1,024,408.53    | 0          | 5         
113   | 996,871.03      | 0          | 5         
114   | 990,994.30      | 0          | 5         
115   | 968,576.13      | 0          | 5         
116   | 968,576.13      | 0          | 5         
117   | 949,749.15      | 0          | 5         
118   | 937,386.66      | 0          | 5         
119   | 920,064.30      | 0          | 5         
120   | 919,550.59      | 0          | 5         
121   | 893,852.99      | 0          | 5         
122   | 884,169.25      | 0          | 5         
123   | 881,420.21      | 0          | 5         
124   | 856,775.06      | 0          | 5         
125   | 853,482.50      | 0          | 5         
126   | 838,594.11      | 0          | 5         
127   | 835,540.01      | 0          | 5         
128   | 822,651.28      | 0          | 5         
129   | 819,635.48      | 0          | 5         
130   | 816,799.16      | 0          | 5         
131   | 813,264.60      | 0          | 5         
132   | 804,534.64      | 0          | 5         
133   | 769,850.39      | 0          | 5         
134   | 769,838.86      | 0          | 5         
135   | 758,691.07      | 0          | 5         
136   | 747,614.75      | 0          | 5         
137   | 726,699.68      | 0          | 5         
138   | 722,388.26      | 0          | 5         
139   | 703,522.56      | 0          | 5         
140   | 694,647.37      | 0          | 5         
141   | 694,250.30      | 0          | 5         
142   | 688,743.28      | 0          | 5         
143   | 688,516.57      | 0          | 5         
144   | 688,516.57      | 0          | 5         
145   | 667,785.33      | 0          | 5         
146   | 655,898.04      | 0          | 5         
147   | 646,859.56      | 0          | 5         
148   | 646,859.56      | 0          | 5         
149   | 638,159.93      | 0          | 5         
150   | 612,227.91      | 0          | 5         
151   | 611,989.03      | 0          | 5         
152   | 610,629.12      | 0          | 5         
153   | 610,504.66      | 0          | 5         
154   | 610,196.91      | 0          | 5         
155   | 610,196.91      | 0          | 5         
156   | 607,260.67      | 0          | 5         
157   | 607,260.67      | 0          | 5         
158   | 596,816.84      | 0          | 5         
159   | 596,816.84      | 0          | 5         
160   | 596,816.84      | 0          | 5         
161   | 596,816.84      | 0          | 5         
162   | 593,113.75      | 0          | 5         
163   | 589,207.14      | 0          | 5         
164   | 584,938.96      | 0          | 5         
165   | 579,445.20      | 0          | 5         
166   | 579,445.20      | 0          | 5         
167   | 575,348.30      | 0          | 5         
168   | 573,913.70      | 0          | 5         
169   | 571,677.20      | 0          | 5         
170   | 562,515.82      | 0          | 5         
171   | 562,515.82      | 0          | 5         
172   | 562,515.82      | 0          | 5         
173   | 559,886.38      | 0          | 5         
174   | 559,886.38      | 0          | 5         
175   | 559,886.38      | 0          | 5         
176   | 559,886.38      | 0          | 5         
177   | 554,973.57      | 0          | 5         
178   | 553,678.58      | 0          | 5         
179   | 553,112.68      | 0          | 5         
180   | 552,322.03      | 0          | 5         
181   | 552,322.03      | 0          | 5         
182   | 552,322.03      | 0          | 5         
183   | 546,516.25      | 0          | 5         
184   | 546,516.25      | 0          | 5         
185   | 546,516.25      | 0          | 5         
186   | 546,516.25      | 0          | 5         
187   | 546,094.50      | 0          | 5         
188   | 546,094.50      | 0          | 5         
189   | 546,094.50      | 0          | 5         
190   | 545,663.33      | 0          | 5         
191   | 545,663.33      | 0          | 5         
192   | 545,640.48      | 0          | 5         
193   | 545,640.48      | 0          | 5         
194   | 545,535.83      | 0          | 5         
195   | 527,933.33      | 0          | 5         
196   | 527,933.33      | 0          | 5         
197   | 527,933.33      | 0          | 5         
198   | 527,933.33      | 0          | 5         
199   | 527,933.33      | 0          | 5         
200   | 527,933.33      | 0          | 5         
