==========================================================
 ANALYSIS REPORT: Week 10
==========================================================

1. Performance Metrics
----------------------
  Objective Value : 2,195,000.00
  RMP Relaxed Value (Root): 528,366.66
  Integrality Gap       : 315.4312 %
  Execution Time  : 105.5258 sec
  Iterations      : 189
  RMP Time  : 58.3800 s
  MIP Time  : 6.5556 s
  Pool Search Time: 0.0009 s
  Graph Search Time: 40.4141 s
  MIP Decision Variables: 953 (Columns used in Final MIP)
  MIP Filtered Columns  : 0 (Removed before MIP)

2. Column Generation & Pool Statistics
--------------------------------------
  Total Columns Generated (History) : 953
  Pool Hits (Reused from History)   : 0
  Graph Gen (Newly Created)         : 943
  Pool Hit Rate                     : 0.0%

3. Shift Pattern Diversity (Unique Patterns)
------------------------------------------
  Type: TypeA  | Unique Patterns:  190 / Total Gen:  190
       -> Avg Length of Unique Patterns: 47.2 hours
  Type: TypeB  | Unique Patterns:  189 / Total Gen:  378
       -> Avg Length of Unique Patterns: 37.1 hours
  Type: TypeC  | Unique Patterns:  190 / Total Gen:  380
       -> Avg Length of Unique Patterns: 26.0 hours

4. Final Schedule Assignment Breakdown
--------------------------------------
  Emp 0  (TypeA): 48 hours worked
  Emp 1  (TypeB): 37 hours worked
  Emp 2  (TypeB): 37 hours worked
  Emp 3  (TypeC): 27 hours worked
  Emp 4  (TypeC): 28 hours worked

5. Iteration History (Convergence Log)
--------------------------------------
Iter  | RMP Obj Value   | Pool Hits  | Graph Gen 
--------------------------------------------------
1     | 105,011,900.00  | 0          | 5         
2     | 48,143,800.00   | 0          | 5         
3     | 29,187,300.00   | 0          | 5         
4     | 13,187,900.00   | 0          | 5         
5     | 10,172,900.00   | 0          | 5         
6     | 9,672,800.00    | 0          | 5         
7     | 9,177,050.00    | 0          | 5         
8     | 7,782,640.00    | 0          | 5         
9     | 7,518,266.65    | 0          | 5         
10    | 6,971,554.77    | 0          | 5         
11    | 6,655,063.16    | 0          | 5         
12    | 6,564,093.93    | 0          | 5         
13    | 6,203,994.23    | 0          | 5         
14    | 5,870,562.39    | 0          | 5         
15    | 5,765,713.61    | 0          | 5         
16    | 5,303,699.09    | 0          | 5         
17    | 5,078,877.90    | 0          | 5         
18    | 4,939,513.47    | 0          | 5         
19    | 4,645,784.09    | 0          | 5         
20    | 4,556,432.55    | 0          | 5         
21    | 4,416,874.19    | 0          | 5         
22    | 4,252,500.11    | 0          | 5         
23    | 4,020,923.29    | 0          | 5         
24    | 3,764,085.87    | 0          | 5         
25    | 3,602,815.82    | 0          | 5         
26    | 3,406,430.17    | 0          | 5         
27    | 3,276,978.83    | 0          | 5         
28    | 3,100,927.55    | 0          | 5         
29    | 3,061,869.74    | 0          | 5         
30    | 2,926,375.91    | 0          | 5         
31    | 2,803,822.67    | 0          | 5         
32    | 2,718,045.44    | 0          | 5         
33    | 2,681,092.50    | 0          | 5         
34    | 2,591,146.76    | 0          | 5         
35    | 2,555,316.56    | 0          | 5         
36    | 2,449,393.13    | 0          | 5         
37    | 2,393,354.42    | 0          | 5         
38    | 2,339,965.87    | 0          | 5         
39    | 2,287,189.62    | 0          | 5         
40    | 2,166,577.44    | 0          | 5         
41    | 2,081,667.33    | 0          | 5         
42    | 2,007,263.57    | 0          | 5         
43    | 1,987,989.54    | 0          | 5         
44    | 1,906,631.89    | 0          | 5         
45    | 1,840,468.10    | 0          | 5         
46    | 1,788,283.30    | 0          | 5         
47    | 1,722,553.19    | 0          | 5         
48    | 1,692,657.51    | 0          | 5         
49    | 1,665,113.83    | 0          | 5         
50    | 1,632,630.84    | 0          | 5         
51    | 1,613,459.48    | 0          | 5         
52    | 1,592,364.64    | 0          | 5         
53    | 1,562,230.89    | 0          | 5         
54    | 1,519,353.39    | 0          | 5         
55    | 1,464,190.39    | 0          | 5         
56    | 1,432,118.86    | 0          | 5         
57    | 1,365,547.99    | 0          | 5         
58    | 1,345,676.15    | 0          | 5         
59    | 1,305,820.31    | 0          | 5         
60    | 1,274,460.67    | 0          | 5         
61    | 1,260,224.42    | 0          | 5         
62    | 1,228,328.92    | 0          | 5         
63    | 1,215,925.75    | 0          | 5         
64    | 1,208,808.18    | 0          | 5         
65    | 1,201,334.80    | 0          | 5         
66    | 1,188,759.50    | 0          | 5         
67    | 1,179,105.28    | 0          | 5         
68    | 1,160,190.11    | 0          | 5         
69    | 1,123,844.34    | 0          | 5         
70    | 1,123,844.34    | 0          | 5         
71    | 1,111,975.81    | 0          | 5         
72    | 1,096,883.22    | 0          | 5         
73    | 1,095,332.32    | 0          | 5         
74    | 1,037,912.82    | 0          | 5         
75    | 1,022,058.08    | 0          | 5         
76    | 1,011,792.07    | 0          | 5         
77    | 981,566.48      | 0          | 5         
78    | 958,098.11      | 0          | 5         
79    | 942,571.78      | 0          | 5         
80    | 934,901.02      | 0          | 5         
81    | 917,470.98      | 0          | 5         
82    | 908,365.40      | 0          | 5         
83    | 860,590.04      | 0          | 5         
84    | 840,109.32      | 0          | 5         
85    | 830,632.40      | 0          | 5         
86    | 824,141.09      | 0          | 5         
87    | 821,271.15      | 0          | 5         
88    | 818,425.92      | 0          | 5         
89    | 814,144.60      | 0          | 5         
90    | 811,619.06      | 0          | 5         
91    | 808,982.97      | 0          | 5         
92    | 808,631.70      | 0          | 5         
93    | 807,887.40      | 0          | 5         
94    | 805,835.35      | 0          | 5         
95    | 803,324.49      | 0          | 5         
96    | 803,324.49      | 0          | 5         
97    | 803,310.43      | 0          | 5         
98    | 799,130.30      | 0          | 5         
99    | 790,589.61      | 0          | 5         
100   | 787,625.95      | 0          | 5         
101   | 782,429.41      | 0          | 5         
102   | 782,429.41      | 0          | 5         
103   | 781,710.53      | 0          | 5         
104   | 779,625.01      | 0          | 5         
105   | 770,407.53      | 0          | 5         
106   | 750,608.90      | 0          | 5         
107   | 749,900.44      | 0          | 5         
108   | 732,014.84      | 0          | 5         
109   | 730,626.08      | 0          | 5         
110   | 725,419.96      | 0          | 5         
111   | 723,437.94      | 0          | 5         
112   | 700,570.54      | 0          | 5         
113   | 695,190.76      | 0          | 5         
114   | 694,048.48      | 0          | 5         
115   | 693,126.39      | 0          | 5         
116   | 688,608.16      | 0          | 5         
117   | 682,780.39      | 0          | 5         
118   | 680,769.44      | 0          | 5         
119   | 665,498.65      | 0          | 5         
120   | 661,039.50      | 0          | 5         
121   | 655,953.40      | 0          | 5         
122   | 652,755.32      | 0          | 5         
123   | 637,116.37      | 0          | 5         
124   | 634,777.55      | 0          | 5         
125   | 632,580.97      | 0          | 5         
126   | 629,201.88      | 0          | 5         
127   | 624,098.86      | 0          | 5         
128   | 624,015.92      | 0          | 5         
129   | 615,944.35      | 0          | 5         
130   | 610,875.16      | 0          | 5         
131   | 610,875.16      | 0          | 5         
132   | 605,412.91      | 0          | 5         
133   | 600,254.73      | 0          | 5         
134   | 599,965.22      | 0          | 5         
135   | 588,361.08      | 0          | 5         
136   | 588,361.08      | 0          | 5         
137   | 583,327.68      | 0          | 5         
138   | 580,030.67      | 0          | 5         
139   | 579,949.68      | 0          | 5         
140   | 569,800.92      | 0          | 5         
141   | 564,100.45      | 0          | 5         
142   | 563,600.96      | 0          | 5         
143   | 561,230.68      | 0          | 5         
144   | 561,230.68      | 0          | 5         
145   | 561,230.68      | 0          | 5         
146   | 561,230.68      | 0          | 5         
147   | 561,230.68      | 0          | 5         
148   | 561,230.68      | 0          | 5         
149   | 554,552.23      | 0          | 5         
150   | 546,779.81      | 0          | 5         
151   | 545,784.50      | 0          | 5         
152   | 545,784.50      | 0          | 5         
153   | 545,784.50      | 0          | 5         
154   | 545,784.50      | 0          | 5         
155   | 545,611.05      | 0          | 5         
156   | 545,611.05      | 0          | 5         
157   | 541,610.27      | 0          | 5         
158   | 541,411.92      | 0          | 5         
159   | 541,411.92      | 0          | 5         
160   | 541,411.92      | 0          | 5         
161   | 538,407.32      | 0          | 5         
162   | 537,417.78      | 0          | 5         
163   | 529,488.88      | 0          | 5         
164   | 529,488.88      | 0          | 5         
165   | 529,488.88      | 0          | 5         
166   | 529,488.88      | 0          | 5         
167   | 529,488.88      | 0          | 5         
168   | 529,488.88      | 0          | 5         
169   | 529,488.88      | 0          | 5         
170   | 528,583.33      | 0          | 5         
171   | 528,583.33      | 0          | 5         
172   | 528,583.33      | 0          | 5         
173   | 528,583.33      | 0          | 5         
174   | 528,366.66      | 0          | 5         
175   | 528,366.66      | 0          | 5         
176   | 528,366.66      | 0          | 5         
177   | 528,366.66      | 0          | 5         
178   | 528,366.66      | 0          | 5         
179   | 528,366.66      | 0          | 5         
180   | 528,366.66      | 0          | 5         
181   | 528,366.66      | 0          | 5         
182   | 528,366.66      | 0          | 5         
183   | 528,366.66      | 0          | 5         
184   | 528,366.66      | 0          | 5         
185   | 528,366.66      | 0          | 5         
186   | 528,366.66      | 0          | 3         
187   | 528,366.66      | 0          | 5         
188   | 528,366.66      | 0          | 5         
189   | 528,366.66      | 0          | 5         
