==========================================================
 ANALYSIS REPORT: Week 7
==========================================================

0. Solver Configuration
-----------------------
  max_iter             : 1000
  time_limit           : 3600.0
  tol                  : 1e-08
  patience             : 100
  mip_rc_threshold     : 10000000000.0
  mip_gap              : 0.0001

1. Performance Metrics
----------------------
  Objective Value : 2,177,000.00
  RMP Relaxed Value (Root): 185,144.62
  Integrality Gap       : 1075.8376 %
  MIP Best Bound (Final)  : 2,177,000.00
  Final MIP Gap           : 0.0000 %
  Execution Time  : 1361.5853 sec
  Iterations      : 1000
  RMP Time  : 1172.4143 s
  MIP Time  : 28.6256 s
  Pool Search Time: 141.0994 s
  Graph Search Time: 17.9913 s
  MIP Decision Variables: 4083 (Columns used in Final MIP)
  MIP Filtered Columns  : 0 (Removed before MIP)

2. Column Generation & Pool Statistics
--------------------------------------
  Total Columns Generated (History) : 4083
  Pool Hits (Reused from History)   : 3704
  Graph Gen (Newly Created)         : 369
  Pool Hit Rate                     : 90.9%

3. Shift Pattern Diversity (Unique Patterns)
------------------------------------------
  Type: TypeA  | Unique Patterns:  659 / Total Gen:  659
       -> Avg Length of Unique Patterns: 43.8 hours
  Type: TypeB  | Unique Patterns:  963 / Total Gen: 1131
       -> Avg Length of Unique Patterns: 31.9 hours
  Type: TypeC  | Unique Patterns: 1978 / Total Gen: 2288
       -> Avg Length of Unique Patterns: 22.4 hours

4. Final Schedule Assignment Breakdown
--------------------------------------
  Emp 0  (TypeA): 43 hours worked
  Emp 1  (TypeB): 40 hours worked
  Emp 2  (TypeB): 38 hours worked
  Emp 3  (TypeC): 23 hours worked
  Emp 4  (TypeC): 24 hours worked

5. Iteration History (Convergence Log)
--------------------------------------
Iter  | RMP Obj Value   | Pool Hits  | Graph Gen 
--------------------------------------------------
1     | 111,012,000.00  | 5          | 0         
2     | 109,013,000.00  | 4          | 0         
3     | 108,013,300.00  | 4          | 0         
4     | 106,016,600.00  | 2          | 0         
5     | 106,016,600.00  | 4          | 0         
6     | 106,016,600.00  | 2          | 0         
7     | 106,016,600.00  | 1          | 0         
8     | 106,016,600.00  | 0          | 5         
9     | 47,104,200.00   | 5          | 0         
10    | 47,103,200.00   | 5          | 0         
11    | 46,104,200.00   | 5          | 0         
12    | 45,105,800.00   | 5          | 0         
13    | 45,105,800.00   | 5          | 0         
14    | 45,105,800.00   | 5          | 0         
15    | 45,105,800.00   | 5          | 0         
16    | 45,105,800.00   | 5          | 0         
17    | 45,105,800.00   | 5          | 0         
18    | 45,105,800.00   | 5          | 0         
19    | 45,105,800.00   | 5          | 0         
20    | 45,105,800.00   | 5          | 0         
21    | 45,105,800.00   | 5          | 0         
22    | 45,104,500.00   | 5          | 0         
23    | 45,104,500.00   | 5          | 0         
24    | 45,103,200.00   | 5          | 0         
25    | 45,101,900.00   | 5          | 0         
26    | 45,100,600.00   | 5          | 0         
27    | 45,100,600.00   | 5          | 0         
28    | 45,100,600.00   | 4          | 0         
29    | 45,100,600.00   | 5          | 0         
30    | 45,100,600.00   | 5          | 0         
31    | 45,100,600.00   | 5          | 0         
32    | 45,100,600.00   | 5          | 0         
33    | 45,100,600.00   | 4          | 0         
34    | 45,099,300.00   | 5          | 0         
35    | 45,099,300.00   | 4          | 0         
36    | 45,099,300.00   | 4          | 0         
37    | 45,099,300.00   | 5          | 0         
38    | 45,099,300.00   | 5          | 0         
39    | 45,099,300.00   | 5          | 0         
40    | 45,099,300.00   | 5          | 0         
41    | 45,099,300.00   | 5          | 0         
42    | 45,099,300.00   | 5          | 0         
43    | 45,099,300.00   | 4          | 0         
44    | 45,099,300.00   | 5          | 0         
45    | 45,099,300.00   | 5          | 0         
46    | 45,099,300.00   | 5          | 0         
47    | 45,099,300.00   | 5          | 0         
48    | 45,099,300.00   | 5          | 0         
49    | 45,099,300.00   | 5          | 0         
50    | 45,099,300.00   | 5          | 0         
51    | 45,099,300.00   | 5          | 0         
52    | 45,099,300.00   | 5          | 0         
53    | 45,099,300.00   | 5          | 0         
54    | 45,099,300.00   | 5          | 0         
55    | 45,099,300.00   | 5          | 0         
56    | 45,099,300.00   | 5          | 0         
57    | 45,099,300.00   | 5          | 0         
58    | 45,099,300.00   | 5          | 0         
59    | 45,099,300.00   | 5          | 0         
60    | 45,098,800.00   | 5          | 0         
61    | 45,098,800.00   | 5          | 0         
62    | 45,098,300.00   | 5          | 0         
63    | 45,098,300.00   | 4          | 0         
64    | 45,098,300.00   | 4          | 0         
65    | 45,098,300.00   | 5          | 0         
66    | 45,097,800.00   | 5          | 0         
67    | 45,097,800.00   | 5          | 0         
68    | 45,097,300.00   | 5          | 0         
69    | 45,096,300.00   | 5          | 0         
70    | 45,096,300.00   | 5          | 0         
71    | 45,096,300.00   | 4          | 0         
72    | 45,095,300.00   | 5          | 0         
73    | 44,108,600.00   | 5          | 0         
74    | 44,106,300.00   | 4          | 0         
75    | 44,106,300.00   | 5          | 0         
76    | 44,105,300.00   | 5          | 0         
77    | 44,105,300.00   | 5          | 0         
78    | 44,104,250.00   | 5          | 0         
79    | 44,104,250.00   | 5          | 0         
80    | 44,104,250.00   | 5          | 0         
81    | 44,103,300.00   | 5          | 0         
82    | 44,102,300.00   | 5          | 0         
83    | 44,102,300.00   | 5          | 0         
84    | 44,102,300.00   | 5          | 0         
85    | 44,102,300.00   | 5          | 0         
86    | 44,101,300.00   | 5          | 0         
87    | 44,101,300.00   | 4          | 0         
88    | 44,100,300.00   | 5          | 0         
89    | 44,100,300.00   | 5          | 0         
90    | 44,100,300.00   | 4          | 0         
91    | 44,100,300.00   | 5          | 0         
92    | 44,100,300.00   | 4          | 0         
93    | 44,100,300.00   | 5          | 0         
94    | 44,100,300.00   | 5          | 0         
95    | 44,100,300.00   | 4          | 0         
96    | 44,100,300.00   | 5          | 0         
97    | 43,104,300.00   | 5          | 0         
98    | 42,104,000.00   | 5          | 0         
99    | 41,104,000.00   | 5          | 0         
100   | 41,104,000.00   | 5          | 0         
101   | 41,101,400.00   | 5          | 0         
102   | 41,100,100.00   | 5          | 0         
103   | 41,100,100.00   | 5          | 0         
104   | 41,100,100.00   | 5          | 0         
105   | 41,100,100.00   | 5          | 0         
106   | 41,100,100.00   | 5          | 0         
107   | 41,100,100.00   | 1          | 0         
108   | 41,100,100.00   | 4          | 0         
109   | 41,100,100.00   | 3          | 0         
110   | 41,100,100.00   | 5          | 0         
111   | 41,100,100.00   | 2          | 0         
112   | 41,100,100.00   | 5          | 0         
113   | 41,100,100.00   | 4          | 0         
114   | 41,099,700.00   | 5          | 0         
115   | 41,099,700.00   | 1          | 0         
116   | 41,099,700.00   | 5          | 0         
117   | 41,099,700.00   | 5          | 0         
118   | 41,099,700.00   | 5          | 0         
119   | 41,099,700.00   | 5          | 0         
120   | 41,099,700.00   | 5          | 0         
121   | 41,099,700.00   | 4          | 0         
122   | 41,099,700.00   | 0          | 5         
123   | 24,148,400.00   | 5          | 0         
124   | 24,148,100.00   | 5          | 0         
125   | 24,146,233.26   | 4          | 0         
126   | 24,146,233.26   | 5          | 0         
127   | 24,145,433.26   | 5          | 0         
128   | 24,144,266.60   | 5          | 0         
129   | 23,158,000.00   | 5          | 0         
130   | 23,156,700.00   | 5          | 0         
131   | 22,156,700.00   | 5          | 0         
132   | 22,156,700.00   | 4          | 0         
133   | 22,155,400.00   | 5          | 0         
134   | 22,154,100.00   | 4          | 0         
135   | 22,154,100.00   | 5          | 0         
136   | 22,153,400.00   | 5          | 0         
137   | 22,153,400.00   | 5          | 0         
138   | 22,152,100.00   | 5          | 0         
139   | 22,150,800.00   | 5          | 0         
140   | 22,149,500.00   | 5          | 0         
141   | 22,149,500.00   | 5          | 0         
142   | 22,148,200.00   | 5          | 0         
143   | 22,146,900.00   | 5          | 0         
144   | 22,145,900.00   | 5          | 0         
145   | 22,144,000.00   | 4          | 0         
146   | 22,142,700.00   | 5          | 0         
147   | 22,142,700.00   | 5          | 0         
148   | 22,142,700.00   | 5          | 0         
149   | 22,141,700.00   | 5          | 0         
150   | 22,141,700.00   | 5          | 0         
151   | 22,141,700.00   | 4          | 0         
152   | 22,141,700.00   | 5          | 0         
153   | 22,141,700.00   | 5          | 0         
154   | 22,139,700.00   | 5          | 0         
155   | 22,138,700.00   | 5          | 0         
156   | 22,138,700.00   | 3          | 0         
157   | 22,138,700.00   | 5          | 0         
158   | 22,137,700.00   | 5          | 0         
159   | 22,136,700.00   | 4          | 0         
160   | 22,136,700.00   | 5          | 0         
161   | 22,136,700.00   | 5          | 0         
162   | 22,135,700.00   | 5          | 0         
163   | 22,135,700.00   | 5          | 0         
164   | 22,135,000.00   | 5          | 0         
165   | 22,134,000.00   | 4          | 0         
166   | 22,134,000.00   | 4          | 0         
167   | 22,134,000.00   | 5          | 0         
168   | 22,134,000.00   | 4          | 0         
169   | 22,132,700.00   | 4          | 0         
170   | 22,132,700.00   | 5          | 0         
171   | 22,132,700.00   | 5          | 0         
172   | 22,132,700.00   | 5          | 0         
173   | 22,132,700.00   | 5          | 0         
174   | 22,131,700.00   | 5          | 0         
175   | 22,131,700.00   | 5          | 0         
176   | 22,130,700.00   | 5          | 0         
177   | 22,130,700.00   | 5          | 0         
178   | 22,130,700.00   | 5          | 0         
179   | 22,130,700.00   | 5          | 0         
180   | 22,129,700.00   | 5          | 0         
181   | 22,129,700.00   | 5          | 0         
182   | 22,129,700.00   | 5          | 0         
183   | 22,129,700.00   | 5          | 0         
184   | 22,129,700.00   | 5          | 0         
185   | 22,129,700.00   | 5          | 0         
186   | 22,129,700.00   | 5          | 0         
187   | 22,129,700.00   | 5          | 0         
188   | 22,129,700.00   | 5          | 0         
189   | 22,129,700.00   | 5          | 0         
190   | 22,129,700.00   | 5          | 0         
191   | 22,129,700.00   | 2          | 0         
192   | 22,129,700.00   | 5          | 0         
193   | 21,637,550.00   | 5          | 0         
194   | 21,636,900.00   | 5          | 0         
195   | 21,137,550.00   | 5          | 0         
196   | 21,136,900.00   | 5          | 0         
197   | 21,136,250.00   | 5          | 0         
198   | 20,474,066.60   | 5          | 0         
199   | 20,474,066.60   | 5          | 0         
200   | 20,473,733.27   | 5          | 0         
201   | 20,473,733.27   | 5          | 0         
202   | 20,473,299.94   | 5          | 0         
203   | 20,393,225.00   | 5          | 0         
204   | 20,285,642.90   | 5          | 0         
205   | 20,285,642.90   | 5          | 0         
206   | 20,285,642.90   | 5          | 0         
207   | 20,268,887.50   | 4          | 0         
208   | 20,268,725.00   | 5          | 0         
209   | 20,268,400.00   | 5          | 0         
210   | 20,267,912.50   | 5          | 0         
211   | 20,267,912.50   | 5          | 0         
212   | 20,147,400.00   | 5          | 0         
213   | 20,147,400.00   | 5          | 0         
214   | 20,146,400.00   | 5          | 0         
215   | 20,145,400.00   | 5          | 0         
216   | 20,145,400.00   | 5          | 0         
217   | 20,144,400.00   | 5          | 0         
218   | 20,144,400.00   | 5          | 0         
219   | 19,143,800.00   | 4          | 0         
220   | 19,143,800.00   | 5          | 0         
221   | 19,143,800.00   | 5          | 0         
222   | 19,143,800.00   | 5          | 0         
223   | 19,143,800.00   | 5          | 0         
224   | 19,143,800.00   | 5          | 0         
225   | 18,143,500.00   | 5          | 0         
226   | 18,143,500.00   | 4          | 0         
227   | 17,144,500.00   | 5          | 0         
228   | 17,144,500.00   | 5          | 0         
229   | 17,144,500.00   | 5          | 0         
230   | 17,144,500.00   | 5          | 0         
231   | 17,144,500.00   | 5          | 0         
232   | 17,144,500.00   | 5          | 0         
233   | 17,144,500.00   | 5          | 0         
234   | 17,144,500.00   | 5          | 0         
235   | 17,144,500.00   | 5          | 0         
236   | 17,144,500.00   | 5          | 0         
237   | 17,144,500.00   | 5          | 0         
238   | 17,144,500.00   | 5          | 0         
239   | 17,144,500.00   | 5          | 0         
240   | 17,144,500.00   | 4          | 0         
241   | 17,144,500.00   | 4          | 0         
242   | 17,144,500.00   | 5          | 0         
243   | 17,144,500.00   | 1          | 0         
244   | 17,144,500.00   | 5          | 0         
245   | 17,144,500.00   | 5          | 0         
246   | 17,144,500.00   | 5          | 0         
247   | 17,144,500.00   | 5          | 0         
248   | 17,144,500.00   | 4          | 0         
249   | 17,144,500.00   | 5          | 0         
250   | 17,144,500.00   | 4          | 0         
251   | 17,144,500.00   | 5          | 0         
252   | 17,144,500.00   | 4          | 0         
253   | 17,144,500.00   | 5          | 0         
254   | 17,144,500.00   | 5          | 0         
255   | 17,144,500.00   | 5          | 0         
256   | 17,144,500.00   | 5          | 0         
257   | 17,144,150.00   | 2          | 0         
258   | 17,144,150.00   | 5          | 0         
259   | 17,143,800.00   | 5          | 0         
260   | 17,143,800.00   | 5          | 0         
261   | 17,143,800.00   | 5          | 0         
262   | 17,143,800.00   | 5          | 0         
263   | 17,143,800.00   | 5          | 0         
264   | 17,143,800.00   | 2          | 0         
265   | 17,143,800.00   | 1          | 0         
266   | 17,143,800.00   | 1          | 0         
267   | 17,143,800.00   | 3          | 0         
268   | 17,143,800.00   | 5          | 0         
269   | 17,143,800.00   | 4          | 0         
270   | 17,143,800.00   | 0          | 5         
271   | 9,161,200.00    | 5          | 0         
272   | 9,161,200.00    | 5          | 0         
273   | 9,161,200.00    | 4          | 0         
274   | 9,161,200.00    | 5          | 0         
275   | 9,161,200.00    | 5          | 0         
276   | 9,161,200.00    | 5          | 0         
277   | 9,161,200.00    | 5          | 0         
278   | 9,161,200.00    | 4          | 0         
279   | 9,161,200.00    | 5          | 0         
280   | 9,161,200.00    | 4          | 0         
281   | 9,161,200.00    | 5          | 0         
282   | 9,161,200.00    | 5          | 0         
283   | 9,161,200.00    | 5          | 0         
284   | 9,161,200.00    | 5          | 0         
285   | 9,161,200.00    | 5          | 0         
286   | 9,161,200.00    | 5          | 0         
287   | 9,161,200.00    | 4          | 0         
288   | 9,161,200.00    | 5          | 0         
289   | 9,161,200.00    | 4          | 0         
290   | 9,161,200.00    | 5          | 0         
291   | 9,161,200.00    | 5          | 0         
292   | 9,161,200.00    | 5          | 0         
293   | 9,161,200.00    | 5          | 0         
294   | 9,161,200.00    | 5          | 0         
295   | 9,161,200.00    | 4          | 0         
296   | 9,161,200.00    | 5          | 0         
297   | 9,161,200.00    | 5          | 0         
298   | 9,160,750.00    | 5          | 0         
299   | 9,160,750.00    | 5          | 0         
300   | 9,160,750.00    | 4          | 0         
301   | 9,160,750.00    | 4          | 0         
302   | 9,160,750.00    | 5          | 0         
303   | 9,160,750.00    | 5          | 0         
304   | 9,160,400.00    | 5          | 0         
305   | 9,160,400.00    | 5          | 0         
306   | 9,160,400.00    | 5          | 0         
307   | 9,160,400.00    | 5          | 0         
308   | 9,160,400.00    | 5          | 0         
309   | 9,160,400.00    | 5          | 0         
310   | 9,160,400.00    | 5          | 0         
311   | 9,160,400.00    | 4          | 0         
312   | 9,160,400.00    | 5          | 0         
313   | 9,160,400.00    | 4          | 0         
314   | 9,160,400.00    | 4          | 0         
315   | 9,160,400.00    | 1          | 0         
316   | 9,160,200.00    | 5          | 0         
317   | 9,160,200.00    | 5          | 0         
318   | 9,160,200.00    | 1          | 0         
319   | 9,160,200.00    | 1          | 0         
320   | 9,160,200.00    | 5          | 0         
321   | 9,160,200.00    | 0          | 5         
322   | 8,167,600.00    | 5          | 0         
323   | 8,167,600.00    | 5          | 0         
324   | 8,167,600.00    | 5          | 0         
325   | 8,166,600.00    | 5          | 0         
326   | 8,166,600.00    | 5          | 0         
327   | 8,166,600.00    | 5          | 0         
328   | 8,166,600.00    | 5          | 0         
329   | 8,166,600.00    | 5          | 0         
330   | 8,166,600.00    | 5          | 0         
331   | 8,166,600.00    | 5          | 0         
332   | 8,166,600.00    | 4          | 0         
333   | 8,166,600.00    | 5          | 0         
334   | 8,166,600.00    | 5          | 0         
335   | 8,166,600.00    | 5          | 0         
336   | 8,164,600.00    | 4          | 0         
337   | 8,164,600.00    | 5          | 0         
338   | 8,164,600.00    | 5          | 0         
339   | 8,164,600.00    | 5          | 0         
340   | 8,164,600.00    | 3          | 0         
341   | 8,164,600.00    | 3          | 0         
342   | 8,163,600.00    | 5          | 0         
343   | 8,163,600.00    | 1          | 0         
344   | 8,163,600.00    | 2          | 0         
345   | 8,163,600.00    | 5          | 0         
346   | 8,163,600.00    | 4          | 0         
347   | 8,163,600.00    | 5          | 0         
348   | 8,163,600.00    | 3          | 0         
349   | 8,163,600.00    | 5          | 0         
350   | 8,163,600.00    | 2          | 0         
351   | 8,163,600.00    | 0          | 5         
352   | 6,768,380.00    | 5          | 0         
353   | 6,768,380.00    | 5          | 0         
354   | 6,767,660.00    | 5          | 0         
355   | 6,724,855.53    | 5          | 0         
356   | 6,670,250.00    | 5          | 0         
357   | 6,670,250.00    | 0          | 5         
358   | 5,750,635.12    | 5          | 0         
359   | 5,587,175.02    | 5          | 0         
360   | 5,587,175.02    | 4          | 0         
361   | 5,457,685.70    | 5          | 0         
362   | 5,457,685.70    | 4          | 0         
363   | 5,457,535.70    | 4          | 0         
364   | 5,379,429.15    | 5          | 0         
365   | 5,370,726.65    | 5          | 0         
366   | 5,370,726.65    | 5          | 0         
367   | 5,370,726.65    | 5          | 0         
368   | 5,370,639.98    | 1          | 0         
369   | 5,370,639.98    | 0          | 5         
370   | 4,839,316.66    | 2          | 0         
371   | 4,839,316.66    | 5          | 0         
372   | 4,839,316.66    | 5          | 0         
373   | 4,839,316.66    | 5          | 0         
374   | 4,839,316.66    | 5          | 0         
375   | 4,839,316.66    | 5          | 0         
376   | 4,839,316.66    | 2          | 0         
377   | 4,839,125.94    | 4          | 0         
378   | 4,839,088.91    | 5          | 0         
379   | 4,839,088.91    | 5          | 0         
380   | 4,839,000.42    | 5          | 0         
381   | 4,838,949.79    | 5          | 0         
382   | 4,838,796.21    | 5          | 0         
383   | 4,838,796.21    | 5          | 0         
384   | 4,838,779.75    | 5          | 0         
385   | 4,838,758.13    | 5          | 0         
386   | 4,838,758.13    | 5          | 0         
387   | 4,838,666.67    | 5          | 0         
388   | 4,838,666.67    | 5          | 0         
389   | 4,838,666.67    | 5          | 0         
390   | 4,838,666.67    | 5          | 0         
391   | 4,838,666.67    | 5          | 0         
392   | 4,838,666.67    | 5          | 0         
393   | 4,838,666.67    | 5          | 0         
394   | 4,838,666.67    | 5          | 0         
395   | 4,838,666.67    | 5          | 0         
396   | 4,838,666.67    | 5          | 0         
397   | 4,838,666.67    | 5          | 0         
398   | 4,838,595.34    | 5          | 0         
399   | 4,838,595.34    | 5          | 0         
400   | 4,838,595.34    | 5          | 0         
401   | 4,838,595.34    | 5          | 0         
402   | 4,838,595.34    | 5          | 0         
403   | 4,838,595.34    | 5          | 0         
404   | 4,838,595.34    | 5          | 0         
405   | 4,838,466.67    | 5          | 0         
406   | 4,838,466.67    | 4          | 0         
407   | 4,838,333.33    | 1          | 0         
408   | 4,838,333.33    | 1          | 0         
409   | 4,838,160.00    | 5          | 0         
410   | 4,838,160.00    | 4          | 0         
411   | 4,838,160.00    | 5          | 0         
412   | 4,838,160.00    | 2          | 0         
413   | 4,838,160.00    | 5          | 0         
414   | 4,838,160.01    | 5          | 0         
415   | 4,838,160.01    | 5          | 0         
416   | 4,838,160.01    | 4          | 0         
417   | 4,838,160.00    | 5          | 0         
418   | 4,838,160.00    | 5          | 0         
419   | 4,838,160.01    | 5          | 0         
420   | 4,838,160.01    | 5          | 0         
421   | 4,838,160.01    | 5          | 0         
422   | 4,838,160.01    | 4          | 0         
423   | 4,838,160.01    | 1          | 0         
424   | 4,838,160.00    | 5          | 0         
425   | 4,838,160.01    | 0          | 5         
426   | 4,561,446.12    | 5          | 0         
427   | 4,561,441.75    | 5          | 0         
428   | 4,547,620.33    | 5          | 0         
429   | 4,547,620.33    | 1          | 0         
430   | 4,547,620.33    | 0          | 5         
431   | 4,088,347.37    | 4          | 0         
432   | 4,088,236.84    | 5          | 0         
433   | 4,085,077.27    | 5          | 0         
434   | 4,085,077.27    | 5          | 0         
435   | 4,084,840.91    | 5          | 0         
436   | 4,084,786.36    | 5          | 0         
437   | 4,001,677.87    | 5          | 0         
438   | 4,001,677.87    | 5          | 0         
439   | 4,001,515.27    | 4          | 0         
440   | 4,001,441.99    | 5          | 0         
441   | 4,001,131.30    | 3          | 0         
442   | 3,926,850.00    | 5          | 0         
443   | 3,926,687.50    | 2          | 0         
444   | 3,926,687.50    | 1          | 0         
445   | 3,926,687.50    | 5          | 0         
446   | 3,926,525.00    | 1          | 0         
447   | 3,926,487.50    | 5          | 0         
448   | 3,926,175.00    | 2          | 0         
449   | 3,926,050.00    | 2          | 0         
450   | 3,926,050.00    | 2          | 0         
451   | 3,926,050.00    | 1          | 0         
452   | 3,926,050.00    | 0          | 5         
453   | 3,510,394.46    | 5          | 0         
454   | 3,290,888.88    | 4          | 0         
455   | 3,290,888.88    | 5          | 0         
456   | 3,290,599.99    | 3          | 0         
457   | 3,290,599.99    | 5          | 0         
458   | 3,290,444.43    | 5          | 0         
459   | 3,290,444.43    | 3          | 0         
460   | 3,290,444.43    | 5          | 0         
461   | 3,290,377.76    | 5          | 0         
462   | 3,290,155.54    | 1          | 0         
463   | 3,290,088.88    | 5          | 0         
464   | 3,285,474.72    | 5          | 0         
465   | 3,285,090.74    | 4          | 0         
466   | 3,253,639.55    | 5          | 0         
467   | 3,253,508.70    | 5          | 0         
468   | 3,253,049.65    | 2          | 0         
469   | 3,253,049.65    | 0          | 5         
470   | 3,028,346.14    | 5          | 0         
471   | 3,028,246.14    | 5          | 0         
472   | 2,966,731.07    | 5          | 0         
473   | 2,966,731.07    | 5          | 0         
474   | 2,939,623.17    | 5          | 0         
475   | 2,939,417.07    | 5          | 0         
476   | 2,939,242.68    | 5          | 0         
477   | 2,939,181.71    | 5          | 0         
478   | 2,800,368.50    | 5          | 0         
479   | 2,783,948.52    | 5          | 0         
480   | 2,783,919.87    | 5          | 0         
481   | 2,767,808.82    | 5          | 0         
482   | 2,728,507.00    | 1          | 0         
483   | 2,728,507.01    | 2          | 0         
484   | 2,728,507.00    | 4          | 0         
485   | 2,728,415.96    | 4          | 0         
486   | 2,715,152.46    | 4          | 0         
487   | 2,715,133.44    | 0          | 5         
488   | 2,441,888.32    | 5          | 0         
489   | 2,441,862.02    | 1          | 0         
490   | 2,439,939.42    | 5          | 0         
491   | 2,439,939.42    | 5          | 0         
492   | 2,439,854.77    | 5          | 0         
493   | 2,439,844.15    | 4          | 0         
494   | 2,439,844.15    | 3          | 0         
495   | 2,416,799.19    | 2          | 0         
496   | 2,416,712.40    | 2          | 0         
497   | 2,416,572.04    | 1          | 0         
498   | 2,416,572.05    | 3          | 0         
499   | 2,416,570.75    | 0          | 5         
500   | 2,286,365.25    | 5          | 0         
501   | 2,285,743.06    | 2          | 0         
502   | 2,283,254.47    | 5          | 0         
503   | 2,283,213.83    | 5          | 0         
504   | 2,283,213.83    | 5          | 0         
505   | 2,283,169.45    | 5          | 0         
506   | 2,283,072.81    | 2          | 0         
507   | 2,283,072.81    | 4          | 0         
508   | 2,283,072.81    | 5          | 0         
509   | 2,283,072.81    | 4          | 0         
510   | 2,282,975.90    | 5          | 0         
511   | 2,282,975.90    | 5          | 0         
512   | 2,282,817.37    | 2          | 0         
513   | 2,282,817.37    | 0          | 5         
514   | 1,741,695.20    | 2          | 0         
515   | 1,741,622.36    | 5          | 0         
516   | 1,741,371.22    | 4          | 0         
517   | 1,741,371.22    | 5          | 0         
518   | 1,740,871.67    | 5          | 0         
519   | 1,740,693.75    | 1          | 0         
520   | 1,740,401.86    | 1          | 0         
521   | 1,715,678.30    | 2          | 0         
522   | 1,715,678.30    | 3          | 0         
523   | 1,715,678.30    | 3          | 0         
524   | 1,715,678.30    | 5          | 0         
525   | 1,715,678.30    | 5          | 0         
526   | 1,715,503.41    | 5          | 0         
527   | 1,715,503.41    | 5          | 0         
528   | 1,715,503.41    | 2          | 0         
529   | 1,715,503.41    | 5          | 0         
530   | 1,715,175.01    | 0          | 5         
531   | 1,452,870.99    | 4          | 0         
532   | 1,452,870.99    | 5          | 0         
533   | 1,452,870.49    | 5          | 0         
534   | 1,452,820.76    | 5          | 0         
535   | 1,452,477.97    | 5          | 0         
536   | 1,452,340.97    | 3          | 0         
537   | 1,452,340.97    | 5          | 0         
538   | 1,412,982.45    | 3          | 0         
539   | 1,408,406.38    | 4          | 0         
540   | 1,408,285.57    | 1          | 0         
541   | 1,408,285.57    | 1          | 0         
542   | 1,408,285.57    | 2          | 0         
543   | 1,408,285.57    | 1          | 0         
544   | 1,408,285.57    | 3          | 0         
545   | 1,408,197.30    | 5          | 0         
546   | 1,408,191.03    | 1          | 0         
547   | 1,406,678.55    | 2          | 0         
548   | 1,406,678.55    | 4          | 0         
549   | 1,406,637.61    | 5          | 0         
550   | 1,406,637.61    | 4          | 0         
551   | 1,406,539.07    | 5          | 0         
552   | 1,406,539.07    | 3          | 0         
553   | 1,406,539.07    | 2          | 0         
554   | 1,406,539.07    | 4          | 0         
555   | 1,406,525.81    | 5          | 0         
556   | 1,406,427.27    | 5          | 0         
557   | 1,406,427.27    | 3          | 0         
558   | 1,406,427.27    | 5          | 0         
559   | 1,402,489.23    | 1          | 0         
560   | 1,402,489.23    | 0          | 5         
561   | 1,336,627.07    | 2          | 0         
562   | 1,336,627.07    | 5          | 0         
563   | 1,336,508.65    | 0          | 5         
564   | 1,156,275.89    | 5          | 0         
565   | 1,156,212.43    | 0          | 5         
566   | 906,483.12      | 2          | 0         
567   | 841,678.37      | 5          | 0         
568   | 841,678.37      | 5          | 0         
569   | 841,678.37      | 5          | 0         
570   | 841,633.53      | 5          | 0         
571   | 841,621.60      | 4          | 0         
572   | 841,482.92      | 5          | 0         
573   | 831,122.17      | 5          | 0         
574   | 831,087.46      | 5          | 0         
575   | 830,742.53      | 0          | 5         
576   | 594,056.55      | 5          | 0         
577   | 575,589.09      | 5          | 0         
578   | 572,408.50      | 4          | 0         
579   | 572,408.50      | 5          | 0         
580   | 572,340.48      | 5          | 0         
581   | 572,340.48      | 5          | 0         
582   | 572,340.48      | 4          | 0         
583   | 572,340.48      | 2          | 0         
584   | 572,340.48      | 5          | 0         
585   | 560,908.61      | 4          | 0         
586   | 541,443.82      | 5          | 0         
587   | 541,438.97      | 2          | 0         
588   | 541,438.97      | 5          | 0         
589   | 541,438.97      | 5          | 0         
590   | 536,857.41      | 1          | 0         
591   | 536,857.41      | 5          | 0         
592   | 536,828.39      | 4          | 0         
593   | 536,828.40      | 5          | 0         
594   | 536,828.39      | 5          | 0         
595   | 536,824.69      | 4          | 0         
596   | 536,824.69      | 5          | 0         
597   | 536,674.04      | 5          | 0         
598   | 536,652.25      | 3          | 0         
599   | 536,652.25      | 5          | 0         
600   | 536,652.25      | 5          | 0         
601   | 536,652.25      | 5          | 0         
602   | 536,652.25      | 5          | 0         
603   | 536,652.25      | 5          | 0         
604   | 536,652.25      | 5          | 0         
605   | 536,652.25      | 5          | 0         
606   | 536,626.71      | 4          | 0         
607   | 536,626.71      | 2          | 0         
608   | 536,516.02      | 5          | 0         
609   | 536,516.02      | 0          | 5         
610   | 496,870.72      | 3          | 0         
611   | 496,870.72      | 3          | 0         
612   | 496,870.72      | 2          | 0         
613   | 496,870.72      | 0          | 5         
614   | 418,954.03      | 5          | 0         
615   | 418,954.03      | 2          | 0         
616   | 418,954.03      | 4          | 0         
617   | 418,954.03      | 3          | 0         
618   | 418,913.09      | 1          | 0         
619   | 418,913.09      | 4          | 0         
620   | 418,902.56      | 1          | 0         
621   | 418,902.56      | 3          | 0         
622   | 418,902.56      | 2          | 0         
623   | 418,902.56      | 5          | 0         
624   | 418,902.56      | 1          | 0         
625   | 418,902.56      | 4          | 0         
626   | 418,902.56      | 1          | 0         
627   | 418,902.56      | 2          | 0         
628   | 418,902.56      | 3          | 0         
629   | 418,902.56      | 5          | 0         
630   | 418,902.56      | 1          | 0         
631   | 418,902.56      | 5          | 0         
632   | 418,892.02      | 3          | 0         
633   | 418,892.02      | 5          | 0         
634   | 418,872.50      | 0          | 5         
635   | 397,702.93      | 0          | 5         
636   | 377,524.89      | 2          | 0         
637   | 377,524.89      | 2          | 0         
638   | 377,524.89      | 2          | 0         
639   | 377,524.89      | 1          | 0         
640   | 377,524.89      | 2          | 0         
641   | 377,500.70      | 1          | 0         
642   | 377,500.70      | 0          | 5         
643   | 316,128.72      | 1          | 0         
644   | 316,120.01      | 2          | 0         
645   | 316,120.00      | 5          | 0         
646   | 314,802.39      | 1          | 0         
647   | 314,802.39      | 5          | 0         
648   | 314,798.17      | 5          | 0         
649   | 314,708.12      | 0          | 5         
650   | 245,140.21      | 5          | 0         
651   | 245,140.21      | 5          | 0         
652   | 245,132.64      | 5          | 0         
653   | 245,132.64      | 4          | 0         
654   | 245,132.64      | 5          | 0         
655   | 245,132.64      | 5          | 0         
656   | 239,486.71      | 5          | 0         
657   | 239,486.71      | 5          | 0         
658   | 239,486.71      | 5          | 0         
659   | 239,440.31      | 0          | 5         
660   | 203,880.95      | 5          | 0         
661   | 196,103.42      | 2          | 0         
662   | 196,103.42      | 1          | 0         
663   | 196,092.99      | 5          | 0         
664   | 196,092.99      | 5          | 0         
665   | 196,092.99      | 5          | 0         
666   | 196,092.99      | 4          | 0         
667   | 196,092.99      | 2          | 0         
668   | 196,092.99      | 4          | 0         
669   | 196,092.99      | 5          | 0         
670   | 196,092.99      | 5          | 0         
671   | 196,092.99      | 5          | 0         
672   | 196,080.10      | 1          | 0         
673   | 196,080.10      | 1          | 0         
674   | 196,080.10      | 2          | 0         
675   | 196,059.33      | 1          | 0         
676   | 196,059.33      | 5          | 0         
677   | 191,447.40      | 5          | 0         
678   | 191,447.40      | 5          | 0         
679   | 191,386.44      | 5          | 0         
680   | 191,367.74      | 5          | 0         
681   | 191,367.74      | 5          | 0         
682   | 191,367.74      | 5          | 0         
683   | 191,367.74      | 3          | 0         
684   | 191,367.74      | 1          | 0         
685   | 191,367.74      | 2          | 0         
686   | 191,367.74      | 5          | 0         
687   | 191,367.74      | 0          | 5         
688   | 190,687.71      | 5          | 0         
689   | 190,676.47      | 4          | 0         
690   | 190,631.79      | 5          | 0         
691   | 190,631.79      | 5          | 0         
692   | 190,631.79      | 5          | 0         
693   | 190,574.17      | 2          | 0         
694   | 190,557.88      | 3          | 0         
695   | 190,557.88      | 3          | 0         
696   | 190,557.88      | 5          | 0         
697   | 190,557.88      | 5          | 0         
698   | 190,527.13      | 1          | 0         
699   | 190,527.13      | 0          | 5         
700   | 190,527.13      | 0          | 5         
701   | 190,527.13      | 0          | 5         
702   | 189,954.06      | 4          | 0         
703   | 189,954.06      | 5          | 0         
704   | 189,954.06      | 5          | 0         
705   | 189,954.06      | 3          | 0         
706   | 189,954.06      | 2          | 0         
707   | 189,954.06      | 4          | 0         
708   | 189,954.06      | 5          | 0         
709   | 189,933.77      | 5          | 0         
710   | 189,923.05      | 5          | 0         
711   | 189,841.54      | 5          | 0         
712   | 189,841.54      | 5          | 0         
713   | 189,827.56      | 0          | 5         
714   | 189,649.07      | 5          | 0         
715   | 189,649.07      | 5          | 0         
716   | 189,604.69      | 5          | 0         
717   | 189,170.66      | 1          | 0         
718   | 189,170.66      | 5          | 0         
719   | 189,170.66      | 0          | 5         
720   | 189,118.15      | 5          | 0         
721   | 189,118.15      | 5          | 0         
722   | 189,118.15      | 3          | 0         
723   | 189,113.24      | 1          | 0         
724   | 189,113.24      | 3          | 0         
725   | 189,113.24      | 2          | 0         
726   | 189,113.24      | 3          | 0         
727   | 189,033.77      | 5          | 0         
728   | 189,033.77      | 0          | 5         
729   | 188,894.64      | 2          | 0         
730   | 188,894.64      | 0          | 5         
731   | 188,397.72      | 1          | 0         
732   | 188,397.72      | 3          | 0         
733   | 188,397.72      | 4          | 0         
734   | 188,384.14      | 1          | 0         
735   | 188,384.14      | 5          | 0         
736   | 188,379.70      | 5          | 0         
737   | 188,379.70      | 2          | 0         
738   | 188,379.70      | 5          | 0         
739   | 188,379.70      | 5          | 0         
740   | 188,379.70      | 5          | 0         
741   | 188,353.25      | 2          | 0         
742   | 188,353.25      | 0          | 5         
743   | 188,266.53      | 2          | 0         
744   | 188,266.53      | 1          | 0         
745   | 188,266.53      | 3          | 0         
746   | 188,266.53      | 3          | 0         
747   | 188,266.53      | 0          | 5         
748   | 188,188.01      | 5          | 0         
749   | 188,080.11      | 2          | 0         
750   | 188,066.41      | 4          | 0         
751   | 188,066.41      | 3          | 0         
752   | 188,066.41      | 3          | 0         
753   | 188,066.41      | 1          | 0         
754   | 188,041.70      | 3          | 0         
755   | 188,040.36      | 2          | 0         
756   | 188,040.36      | 5          | 0         
757   | 188,040.36      | 5          | 0         
758   | 187,652.63      | 0          | 5         
759   | 187,631.46      | 0          | 5         
760   | 187,385.02      | 5          | 0         
761   | 187,385.02      | 4          | 0         
762   | 187,385.02      | 0          | 5         
763   | 186,815.39      | 2          | 0         
764   | 186,815.39      | 2          | 0         
765   | 186,815.39      | 0          | 5         
766   | 186,815.39      | 4          | 0         
767   | 186,779.25      | 2          | 0         
768   | 186,779.25      | 5          | 0         
769   | 186,660.11      | 5          | 0         
770   | 186,660.11      | 4          | 0         
771   | 186,660.11      | 1          | 0         
772   | 186,660.11      | 4          | 0         
773   | 186,659.36      | 5          | 0         
774   | 186,659.36      | 0          | 5         
775   | 186,483.41      | 5          | 0         
776   | 186,483.41      | 2          | 0         
777   | 186,289.75      | 5          | 0         
778   | 186,289.75      | 0          | 5         
779   | 186,289.75      | 2          | 0         
780   | 186,173.54      | 1          | 0         
781   | 186,173.54      | 4          | 0         
782   | 186,160.88      | 2          | 0         
783   | 185,924.15      | 2          | 0         
784   | 185,924.15      | 2          | 0         
785   | 185,924.15      | 3          | 0         
786   | 185,924.15      | 5          | 0         
787   | 185,924.15      | 2          | 0         
788   | 185,924.15      | 3          | 0         
789   | 185,924.15      | 1          | 0         
790   | 185,924.15      | 5          | 0         
791   | 185,924.15      | 0          | 5         
792   | 185,914.06      | 0          | 5         
793   | 185,914.06      | 3          | 0         
794   | 185,914.06      | 0          | 5         
795   | 185,875.84      | 1          | 0         
796   | 185,875.84      | 5          | 0         
797   | 185,875.84      | 5          | 0         
798   | 185,875.84      | 5          | 0         
799   | 185,875.84      | 1          | 0         
800   | 185,875.84      | 1          | 0         
801   | 185,875.84      | 0          | 5         
802   | 185,875.84      | 5          | 0         
803   | 185,875.84      | 0          | 5         
804   | 185,824.11      | 0          | 5         
805   | 185,690.91      | 4          | 0         
806   | 185,690.91      | 5          | 0         
807   | 185,690.91      | 5          | 0         
808   | 185,690.91      | 3          | 0         
809   | 185,690.91      | 1          | 0         
810   | 185,690.91      | 0          | 5         
811   | 185,619.05      | 5          | 0         
812   | 185,619.05      | 5          | 0         
813   | 185,619.05      | 1          | 0         
814   | 185,619.05      | 5          | 0         
815   | 185,619.05      | 1          | 0         
816   | 185,619.05      | 5          | 0         
817   | 185,619.05      | 5          | 0         
818   | 185,619.05      | 2          | 0         
819   | 185,619.05      | 2          | 0         
820   | 185,619.05      | 5          | 0         
821   | 185,619.05      | 3          | 0         
822   | 185,619.05      | 5          | 0         
823   | 185,619.05      | 3          | 0         
824   | 185,619.05      | 4          | 0         
825   | 185,619.05      | 1          | 0         
826   | 185,619.05      | 2          | 0         
827   | 185,619.05      | 3          | 0         
828   | 185,619.05      | 3          | 0         
829   | 185,619.05      | 5          | 0         
830   | 185,619.05      | 1          | 0         
831   | 185,619.05      | 1          | 0         
832   | 185,619.05      | 5          | 0         
833   | 185,619.05      | 5          | 0         
834   | 185,619.05      | 4          | 0         
835   | 185,619.05      | 5          | 0         
836   | 185,619.05      | 3          | 0         
837   | 185,619.05      | 5          | 0         
838   | 185,619.05      | 5          | 0         
839   | 185,619.05      | 5          | 0         
840   | 185,619.05      | 0          | 5         
841   | 185,570.83      | 2          | 0         
842   | 185,541.18      | 5          | 0         
843   | 185,541.18      | 2          | 0         
844   | 185,541.18      | 2          | 0         
845   | 185,541.18      | 3          | 0         
846   | 185,541.18      | 2          | 0         
847   | 185,541.18      | 3          | 0         
848   | 185,464.71      | 0          | 5         
849   | 185,464.71      | 0          | 5         
850   | 185,464.71      | 2          | 0         
851   | 185,464.71      | 2          | 0         
852   | 185,464.71      | 0          | 5         
853   | 185,464.71      | 1          | 0         
854   | 185,464.71      | 1          | 0         
855   | 185,464.71      | 3          | 0         
856   | 185,464.71      | 0          | 5         
857   | 185,464.71      | 2          | 0         
858   | 185,366.67      | 5          | 0         
859   | 185,366.67      | 3          | 0         
860   | 185,366.67      | 5          | 0         
861   | 185,366.67      | 1          | 0         
862   | 185,366.67      | 3          | 0         
863   | 185,366.67      | 1          | 0         
864   | 185,366.67      | 3          | 0         
865   | 185,366.67      | 0          | 5         
866   | 185,366.67      | 2          | 0         
867   | 185,366.67      | 3          | 0         
868   | 185,366.67      | 5          | 0         
869   | 185,366.67      | 3          | 0         
870   | 185,366.67      | 0          | 5         
871   | 185,366.67      | 2          | 0         
872   | 185,366.67      | 5          | 0         
873   | 185,366.67      | 3          | 0         
874   | 185,366.67      | 2          | 0         
875   | 185,366.67      | 0          | 5         
876   | 185,366.67      | 3          | 0         
877   | 185,366.67      | 3          | 0         
878   | 185,366.67      | 4          | 0         
879   | 185,366.67      | 4          | 0         
880   | 185,366.67      | 5          | 0         
881   | 185,366.67      | 2          | 0         
882   | 185,366.67      | 0          | 5         
883   | 185,352.38      | 4          | 0         
884   | 185,352.38      | 0          | 4         
885   | 185,352.38      | 3          | 0         
886   | 185,352.38      | 0          | 5         
887   | 185,352.38      | 3          | 0         
888   | 185,266.67      | 2          | 0         
889   | 185,266.67      | 2          | 0         
890   | 185,266.67      | 0          | 4         
891   | 185,266.67      | 5          | 0         
892   | 185,266.67      | 1          | 0         
893   | 185,266.67      | 5          | 0         
894   | 185,266.67      | 3          | 0         
895   | 185,255.56      | 1          | 0         
896   | 185,255.56      | 3          | 0         
897   | 185,255.56      | 0          | 3         
898   | 185,255.56      | 0          | 3         
899   | 185,255.56      | 2          | 0         
900   | 185,255.56      | 1          | 0         
901   | 185,255.56      | 3          | 0         
902   | 185,255.56      | 5          | 0         
903   | 185,255.56      | 0          | 2         
904   | 185,255.56      | 0          | 5         
905   | 185,255.56      | 1          | 0         
906   | 185,255.56      | 4          | 0         
907   | 185,255.56      | 0          | 2         
908   | 185,255.56      | 1          | 0         
909   | 185,255.56      | 3          | 0         
910   | 185,255.56      | 5          | 0         
911   | 185,255.56      | 5          | 0         
912   | 185,255.56      | 0          | 2         
913   | 185,255.56      | 5          | 0         
914   | 185,255.56      | 1          | 0         
915   | 185,255.56      | 0          | 2         
916   | 185,255.56      | 5          | 0         
917   | 185,255.56      | 5          | 0         
918   | 185,255.56      | 2          | 0         
919   | 185,255.56      | 5          | 0         
920   | 185,255.56      | 1          | 0         
921   | 185,255.56      | 1          | 0         
922   | 185,255.56      | 5          | 0         
923   | 185,255.56      | 5          | 0         
924   | 185,255.56      | 5          | 0         
925   | 185,255.56      | 1          | 0         
926   | 185,255.56      | 5          | 0         
927   | 185,255.56      | 5          | 0         
928   | 185,255.56      | 5          | 0         
929   | 185,255.56      | 3          | 0         
930   | 185,255.56      | 5          | 0         
931   | 185,255.56      | 4          | 0         
932   | 185,255.56      | 3          | 0         
933   | 185,255.56      | 4          | 0         
934   | 185,255.56      | 0          | 3         
935   | 185,255.56      | 1          | 0         
936   | 185,255.56      | 4          | 0         
937   | 185,255.56      | 1          | 0         
938   | 185,255.56      | 0          | 2         
939   | 185,255.56      | 0          | 2         
940   | 185,255.56      | 3          | 0         
941   | 185,255.56      | 4          | 0         
942   | 185,255.56      | 4          | 0         
943   | 185,255.56      | 0          | 2         
944   | 185,255.56      | 2          | 0         
945   | 185,255.56      | 0          | 4         
946   | 185,255.56      | 1          | 0         
947   | 185,255.56      | 0          | 2         
948   | 185,255.56      | 3          | 0         
949   | 185,255.56      | 0          | 2         
950   | 185,255.56      | 4          | 0         
951   | 185,255.56      | 4          | 0         
952   | 185,255.56      | 0          | 2         
953   | 185,255.56      | 0          | 4         
954   | 185,255.56      | 1          | 0         
955   | 185,197.68      | 1          | 0         
956   | 185,197.68      | 2          | 0         
957   | 185,197.68      | 1          | 0         
958   | 185,197.68      | 1          | 0         
959   | 185,197.68      | 5          | 0         
960   | 185,197.68      | 3          | 0         
961   | 185,197.68      | 4          | 0         
962   | 185,197.68      | 1          | 0         
963   | 185,197.68      | 4          | 0         
964   | 185,197.68      | 2          | 0         
965   | 185,197.68      | 0          | 4         
966   | 185,197.68      | 0          | 5         
967   | 185,197.68      | 0          | 5         
968   | 185,197.68      | 0          | 5         
969   | 185,144.62      | 5          | 0         
970   | 185,144.62      | 5          | 0         
971   | 185,144.62      | 4          | 0         
972   | 185,144.62      | 1          | 0         
973   | 185,144.62      | 3          | 0         
974   | 185,144.62      | 5          | 0         
975   | 185,144.62      | 5          | 0         
976   | 185,144.62      | 5          | 0         
977   | 185,144.62      | 5          | 0         
978   | 185,144.62      | 2          | 0         
979   | 185,144.62      | 1          | 0         
980   | 185,144.62      | 2          | 0         
981   | 185,144.62      | 3          | 0         
982   | 185,144.62      | 5          | 0         
983   | 185,144.62      | 1          | 0         
984   | 185,144.62      | 2          | 0         
985   | 185,144.62      | 5          | 0         
986   | 185,144.62      | 1          | 0         
987   | 185,144.62      | 1          | 0         
988   | 185,144.62      | 5          | 0         
989   | 185,144.62      | 5          | 0         
990   | 185,144.62      | 0          | 5         
991   | 185,144.62      | 4          | 0         
992   | 185,144.62      | 5          | 0         
993   | 185,144.62      | 5          | 0         
994   | 185,144.62      | 3          | 0         
995   | 185,144.62      | 5          | 0         
996   | 185,144.62      | 5          | 0         
997   | 185,144.62      | 2          | 0         
998   | 185,144.62      | 5          | 0         
999   | 185,144.62      | 3          | 0         
1000  | 185,144.62      | 5          | 0         
