==========================================================
 ANALYSIS REPORT: Week 3
==========================================================

0. Solver Configuration
-----------------------
  max_iter             : 1000
  time_limit           : 3600.0
  tol                  : 1e-08
  patience             : 100
  mip_rc_threshold     : 10000000000.0
  mip_gap              : 0.0001

1. Performance Metrics
----------------------
  Objective Value : 8,156,500.00
  RMP Relaxed Value (Root): 3,705,769.64
  Integrality Gap       : 120.1027 %
  MIP Best Bound (Final)  : 8,156,500.00
  Final MIP Gap           : 0.0000 %
  Execution Time  : 706.1461 sec
  Iterations      : 634
  RMP Time  : 515.2657 s
  MIP Time  : 98.4494 s
  Pool Search Time: 89.2318 s
  Graph Search Time: 2.4336 s
  MIP Decision Variables: 2944 (Columns used in Final MIP)
  MIP Filtered Columns  : 0 (Removed before MIP)

2. Column Generation & Pool Statistics
--------------------------------------
  Total Columns Generated (History) : 2944
  Pool Hits (Reused from History)   : 2889
  Graph Gen (Newly Created)         : 45
  Pool Hit Rate                     : 98.5%

3. Shift Pattern Diversity (Unique Patterns)
------------------------------------------
  Type: TypeA  | Unique Patterns:  746 / Total Gen:  746
       -> Avg Length of Unique Patterns: 45.1 hours
  Type: TypeB  | Unique Patterns:  811 / Total Gen:  858
       -> Avg Length of Unique Patterns: 30.6 hours
  Type: TypeC  | Unique Patterns: 1194 / Total Gen: 1335
       -> Avg Length of Unique Patterns: 23.0 hours

4. Final Schedule Assignment Breakdown
--------------------------------------
  Emp 0  (TypeA): 44 hours worked
  Emp 1  (TypeB): 28 hours worked
  Emp 2  (TypeB): 30 hours worked
  Emp 3  (TypeC): 19 hours worked
  Emp 4  (TypeC): 25 hours worked

5. Iteration History (Convergence Log)
--------------------------------------
Iter  | RMP Obj Value   | Pool Hits  | Graph Gen 
--------------------------------------------------
1     | 117,012,000.00  | 5          | 0         
2     | 115,016,000.00  | 4          | 0         
3     | 114,016,000.00  | 3          | 0         
4     | 114,014,000.00  | 0          | 5         
5     | 55,137,000.00   | 5          | 0         
6     | 54,137,300.00   | 5          | 0         
7     | 52,137,600.00   | 5          | 0         
8     | 50,137,900.00   | 3          | 0         
9     | 49,137,900.00   | 5          | 0         
10    | 49,136,600.00   | 5          | 0         
11    | 49,135,300.00   | 2          | 0         
12    | 49,135,300.00   | 5          | 0         
13    | 49,133,000.00   | 5          | 0         
14    | 49,130,400.00   | 5          | 0         
15    | 49,129,100.00   | 5          | 0         
16    | 49,127,800.00   | 5          | 0         
17    | 49,127,800.00   | 5          | 0         
18    | 49,127,800.00   | 4          | 0         
19    | 49,124,200.00   | 5          | 0         
20    | 49,123,200.00   | 4          | 0         
21    | 49,123,200.00   | 5          | 0         
22    | 49,123,200.00   | 5          | 0         
23    | 49,123,200.00   | 4          | 0         
24    | 49,123,200.00   | 4          | 0         
25    | 49,123,200.00   | 5          | 0         
26    | 49,123,200.00   | 4          | 0         
27    | 49,123,200.00   | 3          | 0         
28    | 49,123,200.00   | 4          | 0         
29    | 49,123,200.00   | 5          | 0         
30    | 49,122,200.00   | 5          | 0         
31    | 49,122,200.00   | 5          | 0         
32    | 49,122,200.00   | 5          | 0         
33    | 49,122,200.00   | 5          | 0         
34    | 49,122,200.00   | 5          | 0         
35    | 49,122,200.00   | 5          | 0         
36    | 49,121,200.00   | 4          | 0         
37    | 49,121,200.00   | 5          | 0         
38    | 49,121,200.00   | 5          | 0         
39    | 49,121,200.00   | 5          | 0         
40    | 49,120,200.00   | 5          | 0         
41    | 49,119,200.00   | 5          | 0         
42    | 49,119,200.00   | 5          | 0         
43    | 49,119,200.00   | 5          | 0         
44    | 49,118,200.00   | 5          | 0         
45    | 48,118,600.00   | 4          | 0         
46    | 47,118,300.00   | 5          | 0         
47    | 47,116,300.00   | 5          | 0         
48    | 47,116,300.00   | 4          | 0         
49    | 47,116,300.00   | 5          | 0         
50    | 47,115,300.00   | 5          | 0         
51    | 47,115,300.00   | 4          | 0         
52    | 47,115,300.00   | 5          | 0         
53    | 47,115,300.00   | 5          | 0         
54    | 47,113,300.00   | 5          | 0         
55    | 47,113,300.00   | 5          | 0         
56    | 47,112,300.00   | 5          | 0         
57    | 47,112,300.00   | 5          | 0         
58    | 47,112,300.00   | 5          | 0         
59    | 47,112,300.00   | 5          | 0         
60    | 47,112,300.00   | 5          | 0         
61    | 47,112,300.00   | 5          | 0         
62    | 47,111,300.00   | 5          | 0         
63    | 47,111,300.00   | 5          | 0         
64    | 47,110,300.00   | 5          | 0         
65    | 47,110,300.00   | 5          | 0         
66    | 47,110,300.00   | 5          | 0         
67    | 47,110,300.00   | 5          | 0         
68    | 47,110,300.00   | 5          | 0         
69    | 47,110,300.00   | 5          | 0         
70    | 47,110,300.00   | 5          | 0         
71    | 47,110,300.00   | 5          | 0         
72    | 47,110,300.00   | 5          | 0         
73    | 47,110,300.00   | 5          | 0         
74    | 47,110,300.00   | 5          | 0         
75    | 47,110,300.00   | 4          | 0         
76    | 47,110,300.00   | 5          | 0         
77    | 47,110,300.00   | 5          | 0         
78    | 47,109,600.00   | 5          | 0         
79    | 47,109,600.00   | 5          | 0         
80    | 47,109,600.00   | 5          | 0         
81    | 46,112,700.00   | 5          | 0         
82    | 46,111,700.00   | 5          | 0         
83    | 46,111,200.00   | 5          | 0         
84    | 46,110,700.00   | 5          | 0         
85    | 46,110,700.00   | 3          | 0         
86    | 46,110,700.00   | 5          | 0         
87    | 46,110,700.00   | 5          | 0         
88    | 46,109,700.00   | 4          | 0         
89    | 46,109,700.00   | 5          | 0         
90    | 46,109,700.00   | 4          | 0         
91    | 46,109,700.00   | 5          | 0         
92    | 46,109,700.00   | 5          | 0         
93    | 46,109,700.00   | 5          | 0         
94    | 46,109,400.00   | 3          | 0         
95    | 46,109,400.00   | 5          | 0         
96    | 46,109,400.00   | 5          | 0         
97    | 46,109,400.00   | 4          | 0         
98    | 46,109,400.00   | 5          | 0         
99    | 46,109,400.00   | 5          | 0         
100   | 46,109,400.00   | 5          | 0         
101   | 46,109,400.00   | 4          | 0         
102   | 46,109,400.00   | 5          | 0         
103   | 46,109,400.00   | 1          | 0         
104   | 46,109,400.00   | 4          | 0         
105   | 46,109,400.00   | 0          | 5         
106   | 25,154,500.00   | 4          | 0         
107   | 25,154,500.00   | 4          | 0         
108   | 25,154,500.00   | 4          | 0         
109   | 25,154,500.00   | 5          | 0         
110   | 25,154,500.00   | 5          | 0         
111   | 25,154,500.00   | 5          | 0         
112   | 25,151,900.00   | 5          | 0         
113   | 25,150,600.00   | 5          | 0         
114   | 25,148,000.00   | 5          | 0         
115   | 25,146,700.00   | 5          | 0         
116   | 25,145,400.00   | 5          | 0         
117   | 25,145,400.00   | 5          | 0         
118   | 25,145,400.00   | 5          | 0         
119   | 25,145,400.00   | 5          | 0         
120   | 25,144,100.00   | 5          | 0         
121   | 25,144,100.00   | 5          | 0         
122   | 25,142,800.00   | 5          | 0         
123   | 25,139,200.00   | 4          | 0         
124   | 25,139,200.00   | 5          | 0         
125   | 25,139,200.00   | 5          | 0         
126   | 25,138,200.00   | 5          | 0         
127   | 25,138,200.00   | 5          | 0         
128   | 25,138,200.00   | 5          | 0         
129   | 25,138,200.00   | 5          | 0         
130   | 25,138,200.00   | 5          | 0         
131   | 25,138,200.00   | 4          | 0         
132   | 25,138,200.00   | 5          | 0         
133   | 25,138,200.00   | 5          | 0         
134   | 25,138,200.00   | 5          | 0         
135   | 25,137,200.00   | 4          | 0         
136   | 25,137,200.00   | 5          | 0         
137   | 25,137,200.00   | 5          | 0         
138   | 25,137,200.00   | 5          | 0         
139   | 25,137,200.00   | 5          | 0         
140   | 25,137,200.00   | 5          | 0         
141   | 25,137,200.00   | 5          | 0         
142   | 25,137,150.00   | 4          | 0         
143   | 25,136,200.00   | 4          | 0         
144   | 25,136,200.00   | 5          | 0         
145   | 25,135,200.00   | 4          | 0         
146   | 25,135,200.00   | 5          | 0         
147   | 24,140,100.00   | 5          | 0         
148   | 24,140,000.00   | 4          | 0         
149   | 24,140,000.00   | 5          | 0         
150   | 24,140,000.00   | 5          | 0         
151   | 24,138,100.00   | 5          | 0         
152   | 24,138,100.00   | 5          | 0         
153   | 24,138,100.00   | 5          | 0         
154   | 24,136,100.00   | 5          | 0         
155   | 24,136,100.00   | 5          | 0         
156   | 24,136,100.00   | 5          | 0         
157   | 24,136,100.00   | 5          | 0         
158   | 24,136,100.00   | 5          | 0         
159   | 24,136,100.00   | 5          | 0         
160   | 24,136,100.00   | 5          | 0         
161   | 24,136,100.00   | 5          | 0         
162   | 24,136,100.00   | 5          | 0         
163   | 24,136,100.00   | 5          | 0         
164   | 24,136,100.00   | 5          | 0         
165   | 24,136,100.00   | 5          | 0         
166   | 24,136,100.00   | 5          | 0         
167   | 24,136,100.00   | 4          | 0         
168   | 24,135,900.00   | 4          | 0         
169   | 24,135,900.00   | 5          | 0         
170   | 24,135,900.00   | 5          | 0         
171   | 24,135,900.00   | 2          | 0         
172   | 24,135,900.00   | 4          | 0         
173   | 24,135,900.00   | 4          | 0         
174   | 24,135,900.00   | 5          | 0         
175   | 24,135,900.00   | 5          | 0         
176   | 24,135,600.00   | 4          | 0         
177   | 24,135,600.00   | 5          | 0         
178   | 24,135,600.00   | 4          | 0         
179   | 24,135,600.00   | 5          | 0         
180   | 24,135,600.00   | 1          | 0         
181   | 24,135,600.00   | 5          | 0         
182   | 24,135,300.00   | 5          | 0         
183   | 24,135,300.00   | 5          | 0         
184   | 24,135,300.00   | 5          | 0         
185   | 24,135,300.00   | 1          | 0         
186   | 24,135,300.00   | 4          | 0         
187   | 24,135,300.00   | 5          | 0         
188   | 24,135,300.00   | 5          | 0         
189   | 24,135,300.00   | 5          | 0         
190   | 24,135,300.00   | 2          | 0         
191   | 24,135,300.00   | 5          | 0         
192   | 24,135,300.00   | 1          | 0         
193   | 24,135,300.00   | 5          | 0         
194   | 24,135,300.00   | 1          | 0         
195   | 24,135,300.00   | 0          | 5         
196   | 13,159,400.00   | 5          | 0         
197   | 13,159,400.00   | 5          | 0         
198   | 13,158,100.00   | 5          | 0         
199   | 13,158,100.00   | 5          | 0         
200   | 13,158,100.00   | 4          | 0         
201   | 13,158,100.00   | 5          | 0         
202   | 12,672,300.00   | 4          | 0         
203   | 12,671,700.00   | 5          | 0         
204   | 12,671,400.00   | 5          | 0         
205   | 12,500,293.35   | 5          | 0         
206   | 12,172,200.00   | 5          | 0         
207   | 12,172,200.00   | 5          | 0         
208   | 12,171,550.00   | 5          | 0         
209   | 12,171,550.00   | 5          | 0         
210   | 12,170,700.00   | 5          | 0         
211   | 12,169,250.00   | 5          | 0         
212   | 12,167,950.00   | 4          | 0         
213   | 12,167,300.00   | 5          | 0         
214   | 12,167,300.00   | 4          | 0         
215   | 12,167,300.00   | 5          | 0         
216   | 12,166,650.00   | 5          | 0         
217   | 12,165,500.00   | 5          | 0         
218   | 12,165,500.00   | 5          | 0         
219   | 12,165,500.00   | 5          | 0         
220   | 12,164,850.00   | 5          | 0         
221   | 12,164,850.00   | 5          | 0         
222   | 12,164,850.00   | 4          | 0         
223   | 12,164,850.00   | 5          | 0         
224   | 12,164,150.00   | 5          | 0         
225   | 12,164,150.00   | 5          | 0         
226   | 12,163,650.00   | 5          | 0         
227   | 12,163,150.00   | 5          | 0         
228   | 12,163,150.00   | 5          | 0         
229   | 12,163,150.00   | 5          | 0         
230   | 12,163,150.00   | 5          | 0         
231   | 12,163,150.00   | 5          | 0         
232   | 12,163,150.00   | 5          | 0         
233   | 12,163,150.00   | 5          | 0         
234   | 12,163,150.00   | 5          | 0         
235   | 12,162,850.00   | 5          | 0         
236   | 12,162,850.00   | 1          | 0         
237   | 12,162,850.00   | 5          | 0         
238   | 12,162,700.00   | 5          | 0         
239   | 12,162,550.00   | 5          | 0         
240   | 12,162,400.00   | 5          | 0         
241   | 12,162,400.00   | 5          | 0         
242   | 12,162,400.00   | 3          | 0         
243   | 12,162,400.00   | 5          | 0         
244   | 12,162,400.00   | 2          | 0         
245   | 12,162,400.00   | 5          | 0         
246   | 12,162,400.00   | 2          | 0         
247   | 12,162,400.00   | 5          | 0         
248   | 12,162,400.00   | 5          | 0         
249   | 12,162,250.00   | 5          | 0         
250   | 12,162,250.00   | 5          | 0         
251   | 12,161,950.00   | 5          | 0         
252   | 12,161,950.00   | 5          | 0         
253   | 12,161,950.00   | 1          | 0         
254   | 12,161,950.00   | 1          | 0         
255   | 12,161,950.00   | 4          | 0         
256   | 12,161,950.00   | 4          | 0         
257   | 12,161,950.00   | 4          | 0         
258   | 12,161,700.00   | 2          | 0         
259   | 12,161,700.00   | 5          | 0         
260   | 12,161,450.00   | 5          | 0         
261   | 12,161,450.00   | 3          | 0         
262   | 12,161,450.00   | 3          | 0         
263   | 12,161,450.00   | 1          | 0         
264   | 12,161,450.00   | 5          | 0         
265   | 12,161,450.00   | 3          | 0         
266   | 12,161,450.00   | 2          | 0         
267   | 12,161,450.00   | 5          | 0         
268   | 12,160,950.00   | 5          | 0         
269   | 12,160,950.00   | 5          | 0         
270   | 12,160,950.00   | 5          | 0         
271   | 12,160,950.00   | 2          | 0         
272   | 12,160,950.00   | 5          | 0         
273   | 12,160,950.00   | 1          | 0         
274   | 12,160,950.00   | 3          | 0         
275   | 12,160,950.00   | 5          | 0         
276   | 12,160,950.00   | 1          | 0         
277   | 12,160,950.00   | 0          | 5         
278   | 8,179,300.00    | 5          | 0         
279   | 8,168,700.00    | 4          | 0         
280   | 8,168,700.00    | 5          | 0         
281   | 8,168,700.00    | 5          | 0         
282   | 8,168,700.00    | 5          | 0         
283   | 8,167,600.00    | 5          | 0         
284   | 8,166,300.00    | 5          | 0         
285   | 8,166,300.00    | 5          | 0         
286   | 8,166,300.00    | 5          | 0         
287   | 8,166,300.00    | 5          | 0         
288   | 8,166,300.00    | 5          | 0         
289   | 8,166,300.00    | 5          | 0         
290   | 8,166,300.00    | 5          | 0         
291   | 8,166,300.00    | 5          | 0         
292   | 8,166,300.00    | 5          | 0         
293   | 8,166,300.00    | 5          | 0         
294   | 8,165,000.00    | 5          | 0         
295   | 8,163,700.00    | 5          | 0         
296   | 8,162,400.00    | 5          | 0         
297   | 8,162,400.00    | 5          | 0         
298   | 8,162,400.00    | 5          | 0         
299   | 8,162,400.00    | 5          | 0         
300   | 8,162,400.00    | 5          | 0         
301   | 8,162,400.00    | 5          | 0         
302   | 8,162,400.00    | 5          | 0         
303   | 8,162,400.00    | 5          | 0         
304   | 8,162,400.00    | 5          | 0         
305   | 8,162,400.00    | 5          | 0         
306   | 8,161,400.00    | 5          | 0         
307   | 8,161,400.00    | 5          | 0         
308   | 8,161,400.00    | 5          | 0         
309   | 8,161,400.00    | 5          | 0         
310   | 8,160,100.00    | 5          | 0         
311   | 8,160,100.00    | 4          | 0         
312   | 8,160,100.00    | 5          | 0         
313   | 8,159,100.00    | 5          | 0         
314   | 8,159,100.00    | 5          | 0         
315   | 8,157,800.00    | 5          | 0         
316   | 8,157,800.00    | 5          | 0         
317   | 8,157,800.00    | 5          | 0         
318   | 8,157,800.00    | 4          | 0         
319   | 8,157,800.00    | 5          | 0         
320   | 8,157,800.00    | 5          | 0         
321   | 8,156,500.00    | 5          | 0         
322   | 8,156,500.00    | 5          | 0         
323   | 8,156,500.00    | 5          | 0         
324   | 8,156,500.00    | 1          | 0         
325   | 8,156,500.00    | 5          | 0         
326   | 8,156,500.00    | 5          | 0         
327   | 8,156,500.00    | 4          | 0         
328   | 8,156,500.00    | 5          | 0         
329   | 8,156,500.00    | 5          | 0         
330   | 8,156,500.00    | 5          | 0         
331   | 8,156,500.00    | 5          | 0         
332   | 8,156,500.00    | 5          | 0         
333   | 8,156,500.00    | 5          | 0         
334   | 8,156,500.00    | 5          | 0         
335   | 8,156,500.00    | 4          | 0         
336   | 8,156,500.00    | 4          | 0         
337   | 8,156,500.00    | 2          | 0         
338   | 8,156,500.00    | 5          | 0         
339   | 8,156,500.00    | 5          | 0         
340   | 8,156,500.00    | 5          | 0         
341   | 8,156,500.00    | 5          | 0         
342   | 8,156,500.00    | 2          | 0         
343   | 8,156,500.00    | 3          | 0         
344   | 8,156,500.00    | 4          | 0         
345   | 8,156,500.00    | 4          | 0         
346   | 8,156,500.00    | 4          | 0         
347   | 8,156,500.00    | 5          | 0         
348   | 8,156,500.00    | 2          | 0         
349   | 8,156,500.00    | 5          | 0         
350   | 8,156,500.00    | 5          | 0         
351   | 8,156,500.00    | 5          | 0         
352   | 8,156,500.00    | 0          | 5         
353   | 7,171,687.50    | 2          | 0         
354   | 7,171,562.50    | 5          | 0         
355   | 7,171,562.50    | 0          | 5         
356   | 6,409,111.77    | 5          | 0         
357   | 6,408,835.29    | 5          | 0         
358   | 6,389,232.13    | 5          | 0         
359   | 6,171,533.33    | 5          | 0         
360   | 6,171,533.33    | 5          | 0         
361   | 6,171,533.33    | 5          | 0         
362   | 6,171,533.33    | 4          | 0         
363   | 6,171,533.33    | 5          | 0         
364   | 6,171,533.33    | 5          | 0         
365   | 6,171,200.00    | 5          | 0         
366   | 6,171,200.00    | 4          | 0         
367   | 6,171,200.00    | 5          | 0         
368   | 6,171,200.00    | 5          | 0         
369   | 6,171,200.00    | 5          | 0         
370   | 6,171,200.00    | 5          | 0         
371   | 6,171,200.00    | 5          | 0         
372   | 6,171,200.00    | 5          | 0         
373   | 6,171,200.00    | 1          | 0         
374   | 6,171,200.00    | 1          | 0         
375   | 6,171,200.00    | 5          | 0         
376   | 6,171,200.00    | 5          | 0         
377   | 6,171,200.00    | 5          | 0         
378   | 6,171,200.00    | 5          | 0         
379   | 6,171,200.00    | 5          | 0         
380   | 6,171,200.00    | 5          | 0         
381   | 6,171,200.00    | 5          | 0         
382   | 6,171,200.00    | 2          | 0         
383   | 6,171,200.00    | 5          | 0         
384   | 6,171,200.00    | 5          | 0         
385   | 6,171,200.00    | 1          | 0         
386   | 6,171,200.00    | 2          | 0         
387   | 6,171,200.00    | 0          | 5         
388   | 5,615,062.50    | 5          | 0         
389   | 5,559,827.65    | 5          | 0         
390   | 5,559,678.71    | 5          | 0         
391   | 5,542,707.06    | 5          | 0         
392   | 5,542,707.06    | 5          | 0         
393   | 5,542,707.06    | 5          | 0         
394   | 5,426,859.38    | 5          | 0         
395   | 5,426,768.75    | 5          | 0         
396   | 5,412,379.43    | 5          | 0         
397   | 5,412,352.96    | 5          | 0         
398   | 5,286,545.67    | 5          | 0         
399   | 5,279,514.30    | 5          | 0         
400   | 5,279,487.77    | 5          | 0         
401   | 5,252,676.25    | 5          | 0         
402   | 5,178,800.00    | 5          | 0         
403   | 5,177,511.90    | 5          | 0         
404   | 5,177,184.38    | 5          | 0         
405   | 5,177,055.47    | 5          | 0         
406   | 5,176,954.63    | 5          | 0         
407   | 5,176,769.76    | 5          | 0         
408   | 5,176,575.00    | 5          | 0         
409   | 5,176,497.62    | 5          | 0         
410   | 5,176,325.00    | 0          | 5         
411   | 4,451,461.83    | 5          | 0         
412   | 4,368,084.74    | 5          | 0         
413   | 4,368,084.74    | 5          | 0         
414   | 4,367,350.51    | 5          | 0         
415   | 4,311,453.62    | 5          | 0         
416   | 4,311,403.19    | 5          | 0         
417   | 4,311,394.88    | 5          | 0         
418   | 4,311,284.67    | 5          | 0         
419   | 4,166,356.30    | 5          | 0         
420   | 4,166,351.26    | 5          | 0         
421   | 4,166,113.44    | 5          | 0         
422   | 4,165,819.32    | 5          | 0         
423   | 4,165,793.27    | 5          | 0         
424   | 4,165,768.90    | 5          | 0         
425   | 4,165,578.57    | 5          | 0         
426   | 4,165,347.28    | 5          | 0         
427   | 4,165,347.28    | 5          | 0         
428   | 4,165,347.28    | 5          | 0         
429   | 4,165,028.91    | 5          | 0         
430   | 4,165,028.91    | 5          | 0         
431   | 4,165,011.56    | 3          | 0         
432   | 4,165,011.56    | 2          | 0         
433   | 4,165,008.16    | 5          | 0         
434   | 4,164,924.83    | 5          | 0         
435   | 4,164,787.41    | 5          | 0         
436   | 4,164,650.26    | 0          | 5         
437   | 3,922,430.11    | 5          | 0         
438   | 3,907,784.35    | 5          | 0         
439   | 3,907,784.35    | 5          | 0         
440   | 3,907,711.32    | 5          | 0         
441   | 3,907,629.95    | 5          | 0         
442   | 3,907,629.95    | 5          | 0         
443   | 3,765,736.99    | 5          | 0         
444   | 3,735,279.81    | 5          | 0         
445   | 3,727,519.09    | 3          | 0         
446   | 3,723,670.14    | 5          | 0         
447   | 3,723,670.14    | 5          | 0         
448   | 3,723,670.14    | 5          | 0         
449   | 3,723,670.14    | 5          | 0         
450   | 3,723,670.14    | 5          | 0         
451   | 3,723,670.14    | 5          | 0         
452   | 3,723,670.14    | 5          | 0         
453   | 3,723,670.14    | 4          | 0         
454   | 3,723,670.14    | 5          | 0         
455   | 3,723,670.14    | 5          | 0         
456   | 3,723,670.14    | 5          | 0         
457   | 3,723,670.14    | 5          | 0         
458   | 3,723,670.14    | 5          | 0         
459   | 3,723,670.14    | 5          | 0         
460   | 3,723,670.14    | 5          | 0         
461   | 3,723,670.14    | 5          | 0         
462   | 3,723,670.14    | 5          | 0         
463   | 3,723,670.14    | 4          | 0         
464   | 3,723,670.14    | 5          | 0         
465   | 3,723,670.14    | 5          | 0         
466   | 3,723,670.14    | 5          | 0         
467   | 3,723,670.14    | 5          | 0         
468   | 3,723,670.14    | 5          | 0         
469   | 3,723,670.14    | 5          | 0         
470   | 3,723,670.14    | 5          | 0         
471   | 3,723,670.14    | 5          | 0         
472   | 3,723,524.70    | 1          | 0         
473   | 3,723,524.70    | 5          | 0         
474   | 3,723,329.01    | 5          | 0         
475   | 3,723,329.01    | 5          | 0         
476   | 3,723,329.01    | 5          | 0         
477   | 3,723,161.52    | 5          | 0         
478   | 3,723,161.52    | 5          | 0         
479   | 3,723,161.52    | 5          | 0         
480   | 3,723,161.52    | 5          | 0         
481   | 3,722,994.02    | 5          | 0         
482   | 3,722,994.02    | 5          | 0         
483   | 3,722,994.02    | 5          | 0         
484   | 3,722,994.02    | 5          | 0         
485   | 3,722,994.02    | 5          | 0         
486   | 3,722,994.02    | 5          | 0         
487   | 3,722,994.02    | 5          | 0         
488   | 3,722,994.02    | 5          | 0         
489   | 3,722,994.02    | 5          | 0         
490   | 3,722,994.02    | 5          | 0         
491   | 3,722,994.02    | 4          | 0         
492   | 3,722,994.02    | 5          | 0         
493   | 3,722,994.02    | 5          | 0         
494   | 3,722,994.02    | 5          | 0         
495   | 3,722,994.02    | 5          | 0         
496   | 3,722,994.02    | 5          | 0         
497   | 3,722,994.02    | 5          | 0         
498   | 3,722,994.02    | 4          | 0         
499   | 3,722,994.02    | 5          | 0         
500   | 3,722,994.02    | 5          | 0         
501   | 3,722,994.02    | 4          | 0         
502   | 3,722,994.02    | 5          | 0         
503   | 3,722,994.02    | 5          | 0         
504   | 3,722,994.02    | 5          | 0         
505   | 3,722,994.02    | 3          | 0         
506   | 3,722,994.02    | 5          | 0         
507   | 3,722,994.02    | 5          | 0         
508   | 3,722,994.02    | 5          | 0         
509   | 3,722,994.02    | 5          | 0         
510   | 3,722,994.02    | 4          | 0         
511   | 3,706,028.83    | 5          | 0         
512   | 3,706,028.83    | 5          | 0         
513   | 3,705,978.64    | 5          | 0         
514   | 3,705,978.64    | 5          | 0         
515   | 3,705,976.74    | 4          | 0         
516   | 3,705,926.55    | 5          | 0         
517   | 3,705,926.55    | 5          | 0         
518   | 3,705,926.55    | 5          | 0         
519   | 3,705,926.55    | 5          | 0         
520   | 3,705,926.55    | 5          | 0         
521   | 3,705,926.55    | 5          | 0         
522   | 3,705,926.55    | 5          | 0         
523   | 3,705,926.55    | 5          | 0         
524   | 3,705,876.36    | 5          | 0         
525   | 3,705,876.36    | 5          | 0         
526   | 3,705,876.36    | 5          | 0         
527   | 3,705,876.36    | 5          | 0         
528   | 3,705,826.17    | 5          | 0         
529   | 3,705,784.70    | 5          | 0         
530   | 3,705,784.70    | 4          | 0         
531   | 3,705,784.70    | 1          | 0         
532   | 3,705,784.70    | 4          | 0         
533   | 3,705,784.70    | 2          | 0         
534   | 3,705,769.64    | 5          | 0         
535   | 3,705,769.64    | 4          | 0         
536   | 3,705,769.64    | 5          | 0         
537   | 3,705,769.64    | 5          | 0         
538   | 3,705,769.64    | 5          | 0         
539   | 3,705,769.64    | 4          | 0         
540   | 3,705,769.64    | 5          | 0         
541   | 3,705,769.64    | 5          | 0         
542   | 3,705,769.64    | 5          | 0         
543   | 3,705,769.64    | 5          | 0         
544   | 3,705,769.64    | 5          | 0         
545   | 3,705,769.64    | 5          | 0         
546   | 3,705,769.64    | 4          | 0         
547   | 3,705,769.64    | 5          | 0         
548   | 3,705,769.64    | 5          | 0         
549   | 3,705,769.64    | 5          | 0         
550   | 3,705,769.64    | 5          | 0         
551   | 3,705,769.64    | 5          | 0         
552   | 3,705,769.64    | 5          | 0         
553   | 3,705,769.64    | 5          | 0         
554   | 3,705,769.64    | 5          | 0         
555   | 3,705,769.64    | 5          | 0         
556   | 3,705,769.64    | 4          | 0         
557   | 3,705,769.64    | 4          | 0         
558   | 3,705,769.64    | 5          | 0         
559   | 3,705,769.64    | 5          | 0         
560   | 3,705,769.64    | 4          | 0         
561   | 3,705,769.64    | 4          | 0         
562   | 3,705,769.64    | 4          | 0         
563   | 3,705,769.64    | 5          | 0         
564   | 3,705,769.64    | 4          | 0         
565   | 3,705,769.64    | 4          | 0         
566   | 3,705,769.64    | 4          | 0         
567   | 3,705,769.64    | 5          | 0         
568   | 3,705,769.64    | 5          | 0         
569   | 3,705,769.64    | 5          | 0         
570   | 3,705,769.64    | 4          | 0         
571   | 3,705,769.64    | 4          | 0         
572   | 3,705,769.64    | 5          | 0         
573   | 3,705,769.64    | 5          | 0         
574   | 3,705,769.64    | 4          | 0         
575   | 3,705,769.64    | 5          | 0         
576   | 3,705,769.64    | 5          | 0         
577   | 3,705,769.64    | 5          | 0         
578   | 3,705,769.64    | 5          | 0         
579   | 3,705,769.64    | 5          | 0         
580   | 3,705,769.64    | 4          | 0         
581   | 3,705,769.64    | 5          | 0         
582   | 3,705,769.64    | 5          | 0         
583   | 3,705,769.64    | 5          | 0         
584   | 3,705,769.64    | 4          | 0         
585   | 3,705,769.64    | 5          | 0         
586   | 3,705,769.64    | 5          | 0         
587   | 3,705,769.64    | 5          | 0         
588   | 3,705,769.64    | 5          | 0         
589   | 3,705,769.64    | 5          | 0         
590   | 3,705,769.64    | 4          | 0         
591   | 3,705,769.64    | 5          | 0         
592   | 3,705,769.64    | 5          | 0         
593   | 3,705,769.64    | 5          | 0         
594   | 3,705,769.64    | 4          | 0         
595   | 3,705,769.64    | 5          | 0         
596   | 3,705,769.64    | 5          | 0         
597   | 3,705,769.64    | 5          | 0         
598   | 3,705,769.64    | 4          | 0         
599   | 3,705,769.64    | 5          | 0         
600   | 3,705,769.64    | 5          | 0         
601   | 3,705,769.64    | 4          | 0         
602   | 3,705,769.64    | 5          | 0         
603   | 3,705,769.64    | 5          | 0         
604   | 3,705,769.64    | 5          | 0         
605   | 3,705,769.64    | 4          | 0         
606   | 3,705,769.64    | 5          | 0         
607   | 3,705,769.64    | 4          | 0         
608   | 3,705,769.64    | 5          | 0         
609   | 3,705,769.64    | 5          | 0         
610   | 3,705,769.64    | 5          | 0         
611   | 3,705,769.64    | 5          | 0         
612   | 3,705,769.64    | 5          | 0         
613   | 3,705,769.64    | 5          | 0         
614   | 3,705,769.64    | 5          | 0         
615   | 3,705,769.64    | 5          | 0         
616   | 3,705,769.64    | 4          | 0         
617   | 3,705,769.64    | 4          | 0         
618   | 3,705,769.64    | 5          | 0         
619   | 3,705,769.64    | 5          | 0         
620   | 3,705,769.64    | 5          | 0         
621   | 3,705,769.64    | 5          | 0         
622   | 3,705,769.64    | 5          | 0         
623   | 3,705,769.64    | 5          | 0         
624   | 3,705,769.64    | 4          | 0         
625   | 3,705,769.64    | 5          | 0         
626   | 3,705,769.64    | 5          | 0         
627   | 3,705,769.64    | 5          | 0         
628   | 3,705,769.64    | 4          | 0         
629   | 3,705,769.64    | 3          | 0         
630   | 3,705,769.64    | 5          | 0         
631   | 3,705,769.64    | 4          | 0         
632   | 3,705,769.64    | 4          | 0         
633   | 3,705,769.64    | 5          | 0         
634   | 3,705,769.64    | 5          | 0         
