==========================================================
 ANALYSIS REPORT: Week 4
==========================================================

0. Solver Configuration
-----------------------
  max_iter             : 1000
  time_limit           : 3600
  tol                  : 1e-08
  patience             : 10
  mip_rc_threshold     : inf
  mip_gap              : 0.01

1. Performance Metrics
----------------------
  Objective Value : 169,900.00
  RMP Relaxed Value (Root): 161,298.62
  Integrality Gap       : 5.3326 %
  MIP Best Bound (Final)  : 169,900.00
  Final MIP Gap           : 0.0000 %
  Execution Time  : 155.5015 sec
  Iterations      : 268
  RMP Time  : 94.6872 s
  MIP Time  : 3.9024 s
  Pool Search Time: 6.0775 s
  Graph Search Time: 50.6087 s
  MIP Decision Variables: 1314 (Columns used in Final MIP)
  MIP Filtered Columns  : 0 (Removed before MIP)

2. Column Generation & Pool Statistics
--------------------------------------
  Total Columns Generated (History) : 2105
  Pool Hits (Reused from History)   : 209
  Graph Gen (Newly Created)         : 1095
  Pool Hit Rate                     : 16.0%

3. Shift Pattern Diversity (Unique Patterns)
------------------------------------------
  Type: TypeA  | Unique Patterns:  418 / Total Gen:  418
       -> Avg Length of Unique Patterns: 47.0 hours
  Type: TypeB  | Unique Patterns:  416 / Total Gen:  832
       -> Avg Length of Unique Patterns: 32.9 hours
  Type: TypeC  | Unique Patterns:  425 / Total Gen:  850
       -> Avg Length of Unique Patterns: 23.2 hours

4. Final Schedule Assignment Breakdown
--------------------------------------
  Emp 0  (TypeA): 47 hours worked
  Emp 1  (TypeB): 31 hours worked
  Emp 2  (TypeB): 36 hours worked
  Emp 3  (TypeC): 21 hours worked
  Emp 4  (TypeC): 25 hours worked

5. Iteration History (Convergence Log)
--------------------------------------
Iter  | RMP Obj Value   | Pool Hits  | Graph Gen 
--------------------------------------------------
1     | 99,016,000.00   | 5          | 0         
2     | 42,163,700.00   | 5          | 0         
3     | 22,199,400.00   | 5          | 0         
4     | 18,530,899.95   | 5          | 0         
5     | 16,697,850.00   | 5          | 0         
6     | 15,947,850.00   | 5          | 0         
7     | 14,199,656.75   | 5          | 0         
8     | 13,406,412.07   | 5          | 0         
9     | 12,201,692.31   | 5          | 0         
10    | 11,716,169.69   | 5          | 0         
11    | 11,637,606.25   | 5          | 0         
12    | 11,434,688.19   | 5          | 0         
13    | 10,925,236.54   | 5          | 0         
14    | 10,781,736.08   | 5          | 0         
15    | 10,700,286.20   | 5          | 0         
16    | 10,696,211.82   | 4          | 1         
17    | 9,375,568.98    | 4          | 1         
18    | 8,600,206.30    | 4          | 1         
19    | 8,370,040.99    | 4          | 1         
20    | 8,195,141.13    | 4          | 1         
21    | 8,016,479.16    | 4          | 1         
22    | 7,881,486.95    | 4          | 1         
23    | 7,744,223.10    | 4          | 1         
24    | 7,397,261.85    | 4          | 1         
25    | 7,233,511.57    | 4          | 1         
26    | 7,197,575.49    | 4          | 1         
27    | 7,197,196.70    | 2          | 3         
28    | 5,802,014.59    | 4          | 1         
29    | 5,464,767.16    | 5          | 0         
30    | 5,377,400.86    | 4          | 1         
31    | 5,131,598.32    | 2          | 3         
32    | 4,549,889.47    | 5          | 0         
33    | 4,409,713.23    | 5          | 0         
34    | 4,330,963.30    | 4          | 1         
35    | 4,296,514.96    | 2          | 3         
36    | 4,067,737.07    | 2          | 3         
37    | 3,801,987.31    | 2          | 3         
38    | 3,367,966.68    | 2          | 3         
39    | 3,171,747.18    | 2          | 3         
40    | 3,070,229.51    | 2          | 3         
41    | 3,029,306.45    | 2          | 3         
42    | 2,870,128.49    | 0          | 5         
43    | 1,964,195.88    | 2          | 3         
44    | 1,466,038.63    | 2          | 3         
45    | 1,265,104.06    | 3          | 2         
46    | 1,161,917.87    | 5          | 0         
47    | 1,158,072.20    | 4          | 1         
48    | 1,146,825.89    | 2          | 3         
49    | 991,049.47      | 3          | 2         
50    | 893,017.34      | 0          | 5         
51    | 841,138.04      | 3          | 2         
52    | 797,899.22      | 0          | 5         
53    | 717,583.09      | 4          | 1         
54    | 716,899.71      | 2          | 3         
55    | 681,224.91      | 0          | 5         
56    | 599,684.46      | 0          | 5         
57    | 552,562.70      | 2          | 3         
58    | 484,071.98      | 0          | 5         
59    | 369,556.57      | 4          | 1         
60    | 340,999.78      | 2          | 3         
61    | 268,108.61      | 2          | 3         
62    | 238,930.50      | 0          | 5         
63    | 237,313.80      | 3          | 2         
64    | 213,268.92      | 0          | 5         
65    | 192,936.79      | 0          | 5         
66    | 186,083.32      | 0          | 5         
67    | 185,423.37      | 0          | 5         
68    | 184,567.84      | 0          | 5         
69    | 184,548.08      | 0          | 5         
70    | 183,819.40      | 0          | 5         
71    | 183,118.87      | 0          | 5         
72    | 179,497.19      | 0          | 5         
73    | 177,495.92      | 0          | 5         
74    | 176,523.06      | 0          | 5         
75    | 175,882.81      | 2          | 3         
76    | 175,615.67      | 0          | 5         
77    | 175,328.33      | 0          | 5         
78    | 174,736.38      | 0          | 5         
79    | 174,289.02      | 0          | 5         
80    | 173,558.99      | 0          | 5         
81    | 173,038.53      | 0          | 5         
82    | 172,509.43      | 0          | 5         
83    | 172,438.40      | 0          | 5         
84    | 171,535.72      | 0          | 5         
85    | 170,987.82      | 0          | 5         
86    | 170,891.71      | 0          | 5         
87    | 170,497.96      | 0          | 5         
88    | 170,149.32      | 0          | 5         
89    | 169,888.35      | 0          | 5         
90    | 169,888.35      | 0          | 5         
91    | 169,737.24      | 0          | 5         
92    | 169,427.62      | 0          | 5         
93    | 168,998.52      | 0          | 5         
94    | 168,542.77      | 0          | 5         
95    | 168,358.95      | 0          | 5         
96    | 168,243.32      | 0          | 5         
97    | 168,031.46      | 0          | 5         
98    | 167,893.54      | 0          | 5         
99    | 167,889.26      | 0          | 5         
100   | 167,828.51      | 0          | 5         
101   | 167,534.59      | 0          | 5         
102   | 167,208.34      | 0          | 5         
103   | 167,117.29      | 0          | 5         
104   | 166,942.85      | 0          | 5         
105   | 166,896.68      | 0          | 5         
106   | 166,655.17      | 0          | 5         
107   | 166,619.87      | 0          | 5         
108   | 166,585.99      | 0          | 5         
109   | 166,565.00      | 0          | 5         
110   | 166,461.21      | 0          | 5         
111   | 166,440.77      | 0          | 5         
112   | 166,265.54      | 0          | 5         
113   | 165,856.43      | 0          | 5         
114   | 165,708.60      | 0          | 5         
115   | 165,708.27      | 0          | 5         
116   | 165,636.53      | 0          | 5         
117   | 165,629.72      | 0          | 5         
118   | 165,619.34      | 0          | 5         
119   | 165,619.06      | 0          | 5         
120   | 165,598.16      | 0          | 5         
121   | 165,596.20      | 0          | 5         
122   | 165,574.69      | 0          | 5         
123   | 165,476.82      | 0          | 5         
124   | 165,405.29      | 0          | 5         
125   | 165,314.18      | 0          | 5         
126   | 165,310.66      | 0          | 5         
127   | 165,124.63      | 0          | 5         
128   | 165,064.65      | 0          | 5         
129   | 165,064.65      | 0          | 5         
130   | 165,036.53      | 0          | 5         
131   | 165,012.84      | 0          | 5         
132   | 164,916.96      | 0          | 5         
133   | 164,899.21      | 0          | 4         
134   | 164,855.56      | 0          | 5         
135   | 164,723.38      | 0          | 5         
136   | 164,723.38      | 0          | 5         
137   | 164,687.04      | 0          | 5         
138   | 164,685.36      | 0          | 5         
139   | 164,635.45      | 0          | 5         
140   | 164,604.65      | 0          | 5         
141   | 164,567.48      | 0          | 5         
142   | 164,437.38      | 0          | 5         
143   | 164,427.44      | 0          | 5         
144   | 164,427.44      | 0          | 5         
145   | 164,288.77      | 0          | 5         
146   | 164,197.74      | 0          | 5         
147   | 164,197.74      | 0          | 5         
148   | 164,197.74      | 0          | 5         
149   | 164,197.74      | 0          | 5         
150   | 164,192.09      | 0          | 5         
151   | 163,813.83      | 0          | 5         
152   | 163,812.67      | 0          | 5         
153   | 163,812.67      | 0          | 5         
154   | 163,579.05      | 0          | 5         
155   | 163,518.95      | 0          | 5         
156   | 163,514.16      | 0          | 5         
157   | 163,514.16      | 0          | 5         
158   | 163,514.16      | 0          | 5         
159   | 163,514.16      | 0          | 5         
160   | 163,514.16      | 0          | 5         
161   | 163,510.45      | 0          | 5         
162   | 163,476.46      | 0          | 5         
163   | 163,453.60      | 0          | 5         
164   | 163,343.71      | 0          | 5         
165   | 163,328.31      | 0          | 5         
166   | 163,328.31      | 0          | 5         
167   | 163,202.22      | 0          | 5         
168   | 163,064.85      | 0          | 5         
169   | 163,046.21      | 0          | 5         
170   | 163,046.21      | 0          | 5         
171   | 162,970.64      | 0          | 5         
172   | 162,850.81      | 0          | 5         
173   | 162,784.17      | 0          | 5         
174   | 162,664.95      | 0          | 5         
175   | 162,664.95      | 0          | 5         
176   | 162,664.95      | 0          | 5         
177   | 162,664.95      | 0          | 4         
178   | 162,650.11      | 0          | 5         
179   | 162,638.26      | 0          | 5         
180   | 162,638.26      | 0          | 4         
181   | 162,635.76      | 0          | 5         
182   | 162,528.90      | 0          | 5         
183   | 162,515.82      | 0          | 5         
184   | 162,515.82      | 0          | 5         
185   | 162,515.82      | 0          | 5         
186   | 162,513.77      | 0          | 5         
187   | 162,396.22      | 0          | 5         
188   | 162,396.22      | 0          | 4         
189   | 162,396.22      | 0          | 4         
190   | 162,396.22      | 0          | 4         
191   | 162,396.22      | 0          | 5         
192   | 162,396.22      | 0          | 4         
193   | 162,377.27      | 0          | 5         
194   | 162,249.59      | 0          | 5         
195   | 162,189.49      | 0          | 5         
196   | 162,159.46      | 0          | 5         
197   | 162,159.46      | 0          | 5         
198   | 162,146.10      | 0          | 5         
199   | 162,146.10      | 0          | 5         
200   | 162,126.18      | 0          | 4         
201   | 162,126.18      | 0          | 5         
202   | 162,126.18      | 0          | 5         
203   | 161,940.33      | 0          | 5         
204   | 161,936.83      | 0          | 5         
205   | 161,936.83      | 0          | 5         
206   | 161,895.00      | 0          | 5         
207   | 161,792.03      | 0          | 5         
208   | 161,792.03      | 0          | 5         
209   | 161,643.71      | 0          | 5         
210   | 161,643.71      | 0          | 5         
211   | 161,643.71      | 0          | 5         
212   | 161,643.71      | 0          | 4         
213   | 161,629.33      | 0          | 5         
214   | 161,629.33      | 0          | 5         
215   | 161,629.33      | 0          | 4         
216   | 161,615.49      | 0          | 5         
217   | 161,615.49      | 0          | 5         
218   | 161,615.49      | 0          | 5         
219   | 161,615.49      | 0          | 4         
220   | 161,615.49      | 0          | 4         
221   | 161,615.49      | 0          | 5         
222   | 161,615.49      | 0          | 5         
223   | 161,587.40      | 0          | 5         
224   | 161,580.99      | 0          | 5         
225   | 161,527.52      | 0          | 4         
226   | 161,527.52      | 0          | 5         
227   | 161,491.10      | 0          | 4         
228   | 161,472.58      | 0          | 4         
229   | 161,438.46      | 0          | 5         
230   | 161,438.36      | 0          | 5         
231   | 161,438.36      | 0          | 4         
232   | 161,423.26      | 0          | 4         
233   | 161,423.26      | 0          | 4         
234   | 161,423.26      | 0          | 5         
235   | 161,423.26      | 0          | 4         
236   | 161,423.26      | 0          | 4         
237   | 161,410.67      | 0          | 5         
238   | 161,388.09      | 0          | 4         
239   | 161,388.09      | 0          | 4         
240   | 161,387.94      | 0          | 4         
241   | 161,387.94      | 0          | 4         
242   | 161,387.94      | 0          | 4         
243   | 161,383.45      | 0          | 5         
244   | 161,383.45      | 0          | 5         
245   | 161,383.45      | 0          | 5         
246   | 161,360.47      | 0          | 5         
247   | 161,360.47      | 0          | 5         
248   | 161,360.47      | 0          | 5         
249   | 161,312.68      | 0          | 4         
250   | 161,312.68      | 0          | 5         
251   | 161,312.68      | 0          | 5         
252   | 161,312.68      | 0          | 4         
253   | 161,312.68      | 0          | 4         
254   | 161,300.96      | 0          | 4         
255   | 161,300.96      | 0          | 4         
256   | 161,300.96      | 0          | 4         
257   | 161,300.96      | 0          | 4         
258   | 161,298.62      | 0          | 5         
259   | 161,298.62      | 0          | 4         
260   | 161,298.62      | 0          | 5         
261   | 161,298.62      | 0          | 4         
262   | 161,298.62      | 0          | 4         
263   | 161,298.62      | 0          | 5         
264   | 161,298.62      | 0          | 5         
265   | 161,298.62      | 0          | 5         
266   | 161,298.62      | 0          | 4         
267   | 161,298.62      | 0          | 5         
268   | 161,298.62      | 0          | 5         
