==========================================================
 ANALYSIS REPORT: Week 4
==========================================================

1. Performance Metrics
----------------------
  Objective Value : 1,172,900.00
  RMP Relaxed Value (Root): 162,658.26
  Integrality Gap       : 621.0824 %
  Execution Time  : 113.2803 sec
  Iterations      : 182
  RMP Time  : 71.5984 s
  MIP Time  : 5.3598 s
  Pool Search Time: 7.1908 s
  Graph Search Time: 28.9213 s
  MIP Decision Variables: 1135 (Columns used in Final MIP)
  MIP Filtered Columns  : 0 (Removed before MIP)

2. Column Generation & Pool Statistics
--------------------------------------
  Total Columns Generated (History) : 2564
  Pool Hits (Reused from History)   : 438
  Graph Gen (Newly Created)         : 687
  Pool Hit Rate                     : 38.9%

3. Shift Pattern Diversity (Unique Patterns)
------------------------------------------
  Type: TypeA  | Unique Patterns:  485 / Total Gen:  485
       -> Avg Length of Unique Patterns: 47.2 hours
  Type: TypeB  | Unique Patterns:  520 / Total Gen: 1040
       -> Avg Length of Unique Patterns: 35.3 hours
  Type: TypeC  | Unique Patterns:  517 / Total Gen: 1034
       -> Avg Length of Unique Patterns: 24.9 hours

4. Final Schedule Assignment Breakdown
--------------------------------------
  Emp 0  (TypeA): 49 hours worked
  Emp 1  (TypeB): 35 hours worked
  Emp 2  (TypeB): 31 hours worked
  Emp 3  (TypeC): 22 hours worked
  Emp 4  (TypeC): 26 hours worked

5. Iteration History (Convergence Log)
--------------------------------------
Iter  | RMP Obj Value   | Pool Hits  | Graph Gen 
--------------------------------------------------
1     | 99,016,000.00   | 10         | 0         
2     | 66,059,300.00   | 10         | 0         
3     | 31,146,400.00   | 10         | 0         
4     | 13,204,200.00   | 10         | 0         
5     | 11,198,466.63   | 10         | 0         
6     | 9,968,276.92    | 10         | 0         
7     | 8,410,888.05    | 10         | 0         
8     | 7,178,269.76    | 10         | 0         
9     | 6,851,943.80    | 10         | 0         
10    | 6,720,764.34    | 10         | 0         
11    | 6,507,907.92    | 10         | 0         
12    | 6,347,678.96    | 10         | 0         
13    | 6,233,657.43    | 10         | 0         
14    | 6,199,008.24    | 6          | 0         
15    | 6,198,315.18    | 0          | 5         
16    | 4,341,982.57    | 10         | 0         
17    | 4,009,773.50    | 10         | 0         
18    | 3,938,436.64    | 10         | 0         
19    | 3,917,167.06    | 10         | 0         
20    | 3,897,151.10    | 2          | 5         
21    | 2,218,050.00    | 10         | 0         
22    | 2,196,546.04    | 10         | 0         
23    | 2,122,612.15    | 10         | 0         
24    | 2,115,772.26    | 10         | 0         
25    | 2,094,583.49    | 10         | 0         
26    | 2,091,115.46    | 3          | 5         
27    | 1,667,029.55    | 10         | 0         
28    | 1,636,682.81    | 10         | 0         
29    | 1,633,491.47    | 4          | 5         
30    | 1,371,239.10    | 0          | 5         
31    | 1,037,238.39    | 10         | 0         
32    | 1,013,502.95    | 10         | 0         
33    | 1,003,629.99    | 1          | 5         
34    | 816,114.20      | 10         | 0         
35    | 810,543.19      | 4          | 5         
36    | 764,413.24      | 8          | 0         
37    | 763,597.26      | 0          | 5         
38    | 654,774.53      | 10         | 0         
39    | 647,990.19      | 1          | 5         
40    | 525,453.06      | 0          | 5         
41    | 403,904.80      | 9          | 0         
42    | 400,893.30      | 0          | 5         
43    | 280,004.31      | 10         | 0         
44    | 274,515.40      | 5          | 5         
45    | 191,200.00      | 10         | 0         
46    | 191,200.00      | 0          | 5         
47    | 187,637.75      | 7          | 0         
48    | 187,466.51      | 2          | 5         
49    | 184,718.89      | 5          | 5         
50    | 183,813.27      | 6          | 0         
51    | 183,799.85      | 2          | 5         
52    | 183,282.55      | 9          | 0         
53    | 183,282.17      | 0          | 5         
54    | 181,967.14      | 5          | 5         
55    | 180,011.24      | 10         | 0         
56    | 179,981.23      | 0          | 5         
57    | 179,112.59      | 10         | 0         
58    | 179,092.52      | 6          | 0         
59    | 179,092.52      | 0          | 5         
60    | 178,829.00      | 0          | 5         
61    | 178,690.07      | 3          | 5         
62    | 177,915.42      | 0          | 5         
63    | 177,399.34      | 4          | 5         
64    | 177,258.85      | 2          | 5         
65    | 177,135.89      | 0          | 5         
66    | 176,785.92      | 0          | 5         
67    | 176,241.65      | 4          | 5         
68    | 175,480.37      | 0          | 5         
69    | 175,422.94      | 2          | 5         
70    | 175,323.28      | 0          | 5         
71    | 175,200.54      | 0          | 5         
72    | 173,270.86      | 4          | 5         
73    | 172,378.20      | 10         | 0         
74    | 172,343.02      | 0          | 5         
75    | 172,006.88      | 2          | 5         
76    | 171,808.96      | 0          | 5         
77    | 171,518.02      | 0          | 5         
78    | 171,319.40      | 0          | 5         
79    | 171,281.68      | 0          | 5         
80    | 170,906.18      | 0          | 5         
81    | 170,606.39      | 0          | 5         
82    | 170,195.35      | 2          | 5         
83    | 170,035.12      | 0          | 5         
84    | 169,876.68      | 0          | 5         
85    | 169,841.65      | 0          | 5         
86    | 169,444.09      | 0          | 5         
87    | 169,361.97      | 0          | 5         
88    | 169,320.83      | 0          | 5         
89    | 169,211.82      | 0          | 5         
90    | 169,006.66      | 0          | 5         
91    | 168,929.99      | 0          | 5         
92    | 168,763.73      | 0          | 5         
93    | 168,405.88      | 0          | 5         
94    | 167,903.82      | 0          | 5         
95    | 167,854.41      | 0          | 5         
96    | 167,848.73      | 0          | 5         
97    | 167,817.01      | 0          | 5         
98    | 167,658.67      | 0          | 5         
99    | 167,560.45      | 0          | 5         
100   | 167,446.42      | 0          | 5         
101   | 167,073.09      | 0          | 5         
102   | 166,943.30      | 0          | 5         
103   | 166,845.17      | 0          | 5         
104   | 166,524.18      | 0          | 5         
105   | 166,449.45      | 0          | 5         
106   | 166,385.87      | 0          | 5         
107   | 166,278.59      | 0          | 5         
108   | 166,260.54      | 0          | 5         
109   | 165,961.65      | 0          | 5         
110   | 165,710.39      | 0          | 5         
111   | 165,542.47      | 0          | 5         
112   | 165,527.64      | 0          | 5         
113   | 165,442.38      | 0          | 5         
114   | 165,329.98      | 0          | 5         
115   | 165,234.72      | 0          | 5         
116   | 165,077.59      | 0          | 5         
117   | 164,796.01      | 0          | 5         
118   | 164,767.66      | 0          | 5         
119   | 164,739.84      | 0          | 4         
120   | 164,739.84      | 0          | 5         
121   | 164,731.50      | 0          | 5         
122   | 164,718.64      | 0          | 4         
123   | 164,690.02      | 0          | 4         
124   | 164,685.40      | 0          | 4         
125   | 164,680.75      | 0          | 4         
126   | 164,562.63      | 0          | 5         
127   | 164,341.69      | 0          | 5         
128   | 164,234.57      | 0          | 5         
129   | 164,230.09      | 0          | 5         
130   | 164,224.08      | 0          | 4         
131   | 164,194.26      | 0          | 5         
132   | 164,159.46      | 0          | 5         
133   | 164,119.94      | 0          | 5         
134   | 164,119.94      | 0          | 5         
135   | 164,119.94      | 0          | 5         
136   | 164,119.94      | 0          | 4         
137   | 164,069.28      | 0          | 5         
138   | 164,069.28      | 0          | 5         
139   | 164,044.11      | 0          | 5         
140   | 163,976.78      | 0          | 5         
141   | 163,786.35      | 0          | 5         
142   | 163,786.35      | 0          | 5         
143   | 163,779.24      | 0          | 5         
144   | 163,750.45      | 0          | 4         
145   | 163,750.45      | 0          | 5         
146   | 163,745.33      | 0          | 5         
147   | 163,723.32      | 0          | 5         
148   | 163,723.32      | 0          | 5         
149   | 163,712.98      | 0          | 5         
150   | 163,483.77      | 0          | 5         
151   | 163,474.56      | 0          | 5         
152   | 163,432.12      | 0          | 5         
153   | 163,369.77      | 0          | 5         
154   | 163,180.58      | 0          | 5         
155   | 163,126.94      | 0          | 5         
156   | 163,068.82      | 0          | 5         
157   | 162,938.42      | 0          | 4         
158   | 162,930.33      | 0          | 5         
159   | 162,930.33      | 0          | 4         
160   | 162,930.33      | 0          | 4         
161   | 162,930.33      | 0          | 4         
162   | 162,930.33      | 0          | 4         
163   | 162,879.06      | 0          | 4         
164   | 162,879.06      | 0          | 4         
165   | 162,845.93      | 0          | 4         
166   | 162,845.93      | 0          | 4         
167   | 162,845.93      | 0          | 4         
168   | 162,845.93      | 0          | 4         
169   | 162,845.93      | 0          | 4         
170   | 162,817.50      | 0          | 5         
171   | 162,817.50      | 0          | 5         
172   | 162,810.45      | 0          | 5         
173   | 162,779.31      | 0          | 5         
174   | 162,779.31      | 0          | 5         
175   | 162,733.34      | 0          | 5         
176   | 162,711.17      | 0          | 5         
177   | 162,658.26      | 0          | 5         
178   | 162,658.26      | 0          | 5         
179   | 162,658.26      | 0          | 4         
180   | 162,658.26      | 0          | 5         
181   | 162,658.26      | 0          | 4         
182   | 162,658.26      | 0          | 4         
