==========================================================
 ANALYSIS REPORT: Week 24
==========================================================

0. Solver Configuration
-----------------------
  max_iter             : 1000
  time_limit           : 3600.0
  tol                  : 1e-08
  patience             : 100
  mip_rc_threshold     : 10000000000.0
  mip_gap              : 0.0001

1. Performance Metrics
----------------------
  Objective Value : 1,176,500.00
  RMP Relaxed Value (Root): 171,700.00
  Integrality Gap       : 585.2068 %
  MIP Best Bound (Final)  : 1,176,500.00
  Final MIP Gap           : 0.0000 %
  Execution Time  : 977.5206 sec
  Iterations      : 560
  RMP Time  : 389.0723 s
  MIP Time  : 22.6145 s
  Pool Search Time: 510.3126 s
  Graph Search Time: 54.7556 s
  MIP Decision Variables: 2315 (Columns used in Final MIP)
  MIP Filtered Columns  : 0 (Removed before MIP)

2. Column Generation & Pool Statistics
--------------------------------------
  Total Columns Generated (History) : 49865
  Pool Hits (Reused from History)   : 1229
  Graph Gen (Newly Created)         : 1076
  Pool Hit Rate                     : 53.3%

3. Shift Pattern Diversity (Unique Patterns)
------------------------------------------
  Type: TypeA  | Unique Patterns: 8671 / Total Gen: 8671
       -> Avg Length of Unique Patterns: 47.5 hours
  Type: TypeB  | Unique Patterns: 15261 / Total Gen: 19759
       -> Avg Length of Unique Patterns: 36.9 hours
  Type: TypeC  | Unique Patterns: 16618 / Total Gen: 21430
       -> Avg Length of Unique Patterns: 25.4 hours

4. Final Schedule Assignment Breakdown
--------------------------------------
  Emp 0  (TypeA): 46 hours worked
  Emp 1  (TypeB): 37 hours worked
  Emp 2  (TypeB): 39 hours worked
  Emp 3  (TypeC): 23 hours worked
  Emp 4  (TypeC): 24 hours worked

5. Iteration History (Convergence Log)
--------------------------------------
Iter  | RMP Obj Value   | Pool Hits  | Graph Gen 
--------------------------------------------------
1     | 105,012,000.00  | 5          | 0         
2     | 71,062,400.00   | 5          | 0         
3     | 48,099,800.00   | 5          | 0         
4     | 35,132,900.00   | 5          | 0         
5     | 23,165,000.00   | 5          | 0         
6     | 23,165,000.00   | 5          | 0         
7     | 15,527,966.64   | 5          | 0         
8     | 15,194,533.25   | 5          | 0         
9     | 13,529,299.99   | 5          | 0         
10    | 11,843,747.03   | 5          | 0         
11    | 10,868,208.95   | 5          | 0         
12    | 10,253,052.96   | 5          | 0         
13    | 9,878,905.32    | 5          | 0         
14    | 9,521,876.84    | 5          | 0         
15    | 9,254,452.96    | 5          | 0         
16    | 8,576,265.51    | 5          | 0         
17    | 8,162,093.87    | 5          | 0         
18    | 7,890,088.00    | 5          | 0         
19    | 7,641,051.32    | 5          | 0         
20    | 7,300,518.67    | 5          | 0         
21    | 6,837,653.41    | 5          | 0         
22    | 6,484,339.60    | 5          | 0         
23    | 6,219,664.04    | 5          | 0         
24    | 5,828,221.50    | 5          | 0         
25    | 5,731,991.56    | 5          | 0         
26    | 5,406,950.26    | 5          | 0         
27    | 5,328,241.94    | 5          | 0         
28    | 5,228,339.42    | 5          | 0         
29    | 5,094,412.85    | 5          | 0         
30    | 4,881,668.69    | 5          | 0         
31    | 4,817,484.27    | 5          | 0         
32    | 4,540,899.08    | 5          | 0         
33    | 4,393,284.35    | 5          | 0         
34    | 4,275,874.43    | 5          | 0         
35    | 3,944,471.73    | 5          | 0         
36    | 3,604,804.63    | 5          | 0         
37    | 3,548,789.47    | 5          | 0         
38    | 3,520,947.78    | 5          | 0         
39    | 3,440,532.48    | 5          | 0         
40    | 3,382,803.66    | 5          | 0         
41    | 3,326,569.63    | 5          | 0         
42    | 3,256,612.79    | 5          | 0         
43    | 3,210,751.20    | 5          | 0         
44    | 3,042,264.04    | 5          | 0         
45    | 3,002,719.77    | 5          | 0         
46    | 2,911,581.58    | 5          | 0         
47    | 2,852,796.01    | 5          | 0         
48    | 2,836,770.22    | 5          | 0         
49    | 2,743,353.84    | 5          | 0         
50    | 2,731,295.67    | 5          | 0         
51    | 2,710,667.83    | 5          | 0         
52    | 2,657,017.13    | 5          | 0         
53    | 2,646,713.10    | 5          | 0         
54    | 2,611,872.61    | 5          | 0         
55    | 2,583,591.52    | 5          | 0         
56    | 2,576,864.24    | 1          | 0         
57    | 2,576,412.47    | 5          | 0         
58    | 2,560,414.81    | 5          | 0         
59    | 2,472,785.01    | 5          | 0         
60    | 2,401,967.45    | 1          | 0         
61    | 2,399,022.63    | 5          | 0         
62    | 2,387,034.23    | 5          | 0         
63    | 2,351,351.60    | 4          | 0         
64    | 2,339,450.07    | 5          | 0         
65    | 2,334,312.19    | 5          | 0         
66    | 2,275,628.38    | 5          | 0         
67    | 2,275,411.89    | 5          | 0         
68    | 2,152,941.32    | 3          | 0         
69    | 2,128,644.40    | 5          | 0         
70    | 2,059,679.09    | 5          | 0         
71    | 2,057,843.64    | 5          | 0         
72    | 1,974,785.30    | 5          | 0         
73    | 1,970,200.45    | 2          | 0         
74    | 1,945,991.39    | 5          | 0         
75    | 1,923,514.56    | 5          | 0         
76    | 1,895,246.13    | 5          | 0         
77    | 1,879,790.21    | 5          | 0         
78    | 1,766,397.93    | 10         | 0         
79    | 1,658,277.11    | 2          | 0         
80    | 1,648,294.08    | 3          | 0         
81    | 1,641,726.26    | 3          | 0         
82    | 1,634,052.18    | 10         | 0         
83    | 1,605,892.71    | 5          | 0         
84    | 1,596,563.76    | 5          | 0         
85    | 1,565,065.88    | 5          | 0         
86    | 1,563,951.31    | 10         | 0         
87    | 1,559,543.73    | 1          | 0         
88    | 1,557,341.49    | 2          | 0         
89    | 1,556,716.49    | 2          | 5         
90    | 1,264,415.70    | 3          | 0         
91    | 1,256,104.85    | 1          | 0         
92    | 1,256,104.85    | 5          | 0         
93    | 1,221,321.46    | 3          | 0         
94    | 1,208,222.68    | 2          | 0         
95    | 1,204,658.62    | 3          | 0         
96    | 1,195,281.61    | 10         | 0         
97    | 1,172,605.83    | 1          | 0         
98    | 1,167,355.41    | 5          | 0         
99    | 1,166,804.17    | 1          | 0         
100   | 1,166,804.17    | 5          | 0         
101   | 1,153,964.53    | 2          | 0         
102   | 1,153,964.53    | 5          | 0         
103   | 1,150,692.06    | 5          | 0         
104   | 1,150,641.47    | 4          | 0         
105   | 1,142,141.58    | 3          | 0         
106   | 1,087,064.65    | 5          | 0         
107   | 1,071,547.13    | 5          | 0         
108   | 1,071,489.89    | 2          | 0         
109   | 1,045,133.03    | 1          | 0         
110   | 1,036,072.81    | 5          | 0         
111   | 1,032,860.46    | 5          | 0         
112   | 1,013,174.40    | 1          | 0         
113   | 1,012,820.54    | 7          | 0         
114   | 1,012,820.54    | 1          | 0         
115   | 1,012,820.54    | 2          | 0         
116   | 1,011,710.68    | 1          | 0         
117   | 1,011,701.75    | 2          | 5         
118   | 676,137.26      | 5          | 0         
119   | 603,628.04      | 3          | 0         
120   | 599,978.98      | 3          | 0         
121   | 599,672.13      | 10         | 0         
122   | 562,734.12      | 4          | 0         
123   | 562,725.92      | 2          | 0         
124   | 561,048.59      | 5          | 0         
125   | 559,054.91      | 2          | 0         
126   | 559,000.07      | 5          | 0         
127   | 550,277.33      | 3          | 0         
128   | 549,953.48      | 1          | 0         
129   | 549,916.79      | 5          | 0         
130   | 540,009.01      | 5          | 0         
131   | 539,886.79      | 5          | 0         
132   | 539,881.43      | 4          | 0         
133   | 537,903.50      | 4          | 0         
134   | 537,519.93      | 5          | 0         
135   | 537,506.59      | 5          | 0         
136   | 537,506.59      | 5          | 0         
137   | 537,286.23      | 10         | 0         
138   | 533,227.46      | 4          | 0         
139   | 533,214.66      | 7          | 0         
140   | 530,726.83      | 4          | 5         
141   | 336,772.37      | 2          | 0         
142   | 336,101.91      | 5          | 0         
143   | 335,459.83      | 10         | 0         
144   | 319,385.23      | 1          | 5         
145   | 244,177.89      | 10         | 0         
146   | 242,443.93      | 3          | 0         
147   | 242,427.55      | 3          | 0         
148   | 241,595.30      | 10         | 0         
149   | 238,812.42      | 5          | 0         
150   | 238,666.97      | 5          | 0         
151   | 238,432.32      | 2          | 5         
152   | 198,242.55      | 1          | 0         
153   | 198,225.95      | 5          | 0         
154   | 197,831.80      | 5          | 0         
155   | 197,754.19      | 1          | 0         
156   | 197,733.43      | 5          | 0         
157   | 197,605.47      | 2          | 0         
158   | 197,593.41      | 3          | 0         
159   | 197,423.16      | 5          | 0         
160   | 197,007.32      | 1          | 0         
161   | 197,007.32      | 3          | 0         
162   | 196,970.21      | 1          | 0         
163   | 196,952.52      | 5          | 0         
164   | 196,826.50      | 2          | 0         
165   | 196,773.40      | 5          | 0         
166   | 196,768.26      | 5          | 0         
167   | 196,501.91      | 10         | 0         
168   | 196,493.08      | 5          | 0         
169   | 196,467.15      | 1          | 0         
170   | 196,452.83      | 5          | 0         
171   | 196,235.71      | 5          | 0         
172   | 196,072.07      | 5          | 0         
173   | 195,804.59      | 10         | 0         
174   | 195,777.10      | 10         | 0         
175   | 195,774.45      | 2          | 0         
176   | 195,774.44      | 3          | 5         
177   | 194,710.02      | 5          | 0         
178   | 194,663.17      | 2          | 0         
179   | 194,650.68      | 5          | 0         
180   | 194,546.73      | 2          | 0         
181   | 194,364.97      | 5          | 0         
182   | 194,359.02      | 5          | 0         
183   | 194,358.47      | 5          | 0         
184   | 194,217.38      | 1          | 0         
185   | 194,217.38      | 10         | 0         
186   | 194,215.42      | 1          | 0         
187   | 194,210.52      | 1          | 0         
188   | 194,205.23      | 2          | 5         
189   | 192,513.69      | 5          | 0         
190   | 192,334.57      | 7          | 0         
191   | 192,301.25      | 2          | 0         
192   | 192,301.25      | 3          | 5         
193   | 191,702.86      | 1          | 0         
194   | 191,702.86      | 5          | 0         
195   | 191,684.87      | 10         | 0         
196   | 191,681.90      | 5          | 0         
197   | 191,629.75      | 3          | 5         
198   | 189,684.19      | 2          | 0         
199   | 189,682.82      | 1          | 0         
200   | 189,682.82      | 1          | 0         
201   | 189,669.73      | 10         | 0         
202   | 189,634.38      | 3          | 0         
203   | 189,614.93      | 1          | 0         
204   | 189,585.98      | 1          | 0         
205   | 189,585.98      | 5          | 0         
206   | 189,585.91      | 1          | 0         
207   | 189,582.40      | 10         | 0         
208   | 189,526.02      | 1          | 0         
209   | 189,388.67      | 1          | 0         
210   | 189,388.67      | 1          | 0         
211   | 189,388.67      | 0          | 5         
212   | 187,578.52      | 4          | 0         
213   | 187,407.24      | 5          | 0         
214   | 187,381.96      | 2          | 0         
215   | 187,381.96      | 5          | 0         
216   | 187,282.22      | 3          | 0         
217   | 187,282.22      | 5          | 0         
218   | 187,197.45      | 10         | 0         
219   | 187,189.16      | 1          | 5         
220   | 185,488.69      | 10         | 0         
221   | 185,443.90      | 2          | 0         
222   | 185,423.15      | 4          | 0         
223   | 185,398.60      | 1          | 0         
224   | 185,394.61      | 3          | 0         
225   | 185,355.04      | 2          | 5         
226   | 184,050.41      | 10         | 0         
227   | 184,026.44      | 4          | 5         
228   | 183,677.42      | 1          | 0         
229   | 183,677.42      | 4          | 0         
230   | 183,614.91      | 3          | 0         
231   | 183,561.48      | 2          | 0         
232   | 183,540.14      | 1          | 0         
233   | 183,540.14      | 1          | 0         
234   | 183,509.55      | 3          | 0         
235   | 183,509.55      | 2          | 5         
236   | 182,919.01      | 5          | 0         
237   | 182,865.56      | 1          | 5         
238   | 182,841.16      | 2          | 0         
239   | 182,796.99      | 4          | 0         
240   | 182,777.91      | 3          | 5         
241   | 181,545.15      | 1          | 0         
242   | 181,545.15      | 1          | 0         
243   | 181,545.15      | 1          | 0         
244   | 181,545.15      | 2          | 0         
245   | 181,500.27      | 2          | 5         
246   | 181,366.01      | 10         | 0         
247   | 181,363.72      | 1          | 5         
248   | 180,918.49      | 1          | 0         
249   | 180,905.30      | 2          | 5         
250   | 180,503.22      | 10         | 0         
251   | 180,503.22      | 0          | 5         
252   | 179,883.78      | 2          | 0         
253   | 179,881.37      | 10         | 0         
254   | 179,878.77      | 0          | 5         
255   | 179,760.01      | 2          | 5         
256   | 179,586.89      | 5          | 5         
257   | 179,419.76      | 2          | 0         
258   | 179,402.09      | 3          | 5         
259   | 179,356.49      | 0          | 5         
260   | 178,806.11      | 3          | 0         
261   | 178,806.10      | 0          | 5         
262   | 178,350.23      | 0          | 5         
263   | 178,269.40      | 2          | 0         
264   | 178,268.62      | 1          | 5         
265   | 177,795.15      | 4          | 0         
266   | 177,764.85      | 0          | 5         
267   | 177,468.57      | 0          | 5         
268   | 177,164.75      | 0          | 5         
269   | 176,895.78      | 5          | 0         
270   | 176,889.10      | 4          | 0         
271   | 176,845.78      | 2          | 0         
272   | 176,575.77      | 0          | 5         
273   | 176,575.77      | 1          | 0         
274   | 176,575.77      | 0          | 5         
275   | 176,338.82      | 2          | 0         
276   | 176,274.73      | 0          | 5         
277   | 176,273.46      | 0          | 5         
278   | 176,087.39      | 2          | 0         
279   | 176,087.29      | 4          | 0         
280   | 175,907.80      | 1          | 0         
281   | 175,907.80      | 2          | 0         
282   | 175,827.91      | 1          | 0         
283   | 175,827.91      | 1          | 0         
284   | 175,823.14      | 3          | 0         
285   | 175,822.42      | 0          | 5         
286   | 175,785.71      | 4          | 0         
287   | 175,785.71      | 1          | 0         
288   | 175,785.71      | 0          | 5         
289   | 175,728.82      | 0          | 5         
290   | 175,728.82      | 3          | 0         
291   | 175,632.92      | 0          | 5         
292   | 175,392.43      | 1          | 0         
293   | 175,392.43      | 0          | 5         
294   | 175,373.10      | 2          | 5         
295   | 175,297.51      | 0          | 5         
296   | 175,277.64      | 3          | 0         
297   | 175,166.79      | 1          | 0         
298   | 175,166.02      | 0          | 5         
299   | 175,136.59      | 0          | 5         
300   | 175,136.59      | 0          | 5         
301   | 175,104.70      | 1          | 0         
302   | 175,104.70      | 3          | 0         
303   | 175,104.70      | 0          | 5         
304   | 175,041.31      | 1          | 0         
305   | 175,041.31      | 1          | 0         
306   | 175,041.31      | 0          | 5         
307   | 174,963.50      | 0          | 5         
308   | 174,963.50      | 0          | 5         
309   | 174,872.46      | 2          | 5         
310   | 174,750.01      | 0          | 5         
311   | 174,614.76      | 2          | 0         
312   | 174,614.76      | 0          | 5         
313   | 174,435.37      | 0          | 5         
314   | 174,332.07      | 0          | 5         
315   | 174,332.07      | 1          | 0         
316   | 174,331.28      | 0          | 5         
317   | 174,330.87      | 3          | 0         
318   | 174,329.16      | 1          | 0         
319   | 174,329.16      | 0          | 5         
320   | 174,325.27      | 1          | 0         
321   | 174,320.61      | 0          | 5         
322   | 174,213.13      | 0          | 5         
323   | 174,147.51      | 3          | 0         
324   | 174,130.31      | 1          | 0         
325   | 174,130.31      | 0          | 5         
326   | 174,124.74      | 0          | 5         
327   | 174,029.48      | 0          | 5         
328   | 174,024.29      | 0          | 5         
329   | 174,021.83      | 0          | 5         
330   | 173,993.59      | 0          | 5         
331   | 173,991.76      | 0          | 5         
332   | 173,856.86      | 0          | 5         
333   | 173,786.07      | 0          | 5         
334   | 173,749.58      | 0          | 5         
335   | 173,732.00      | 0          | 5         
336   | 173,685.39      | 0          | 5         
337   | 173,616.35      | 0          | 5         
338   | 173,616.35      | 0          | 5         
339   | 173,381.14      | 0          | 5         
340   | 173,263.18      | 0          | 5         
341   | 173,078.27      | 0          | 5         
342   | 172,977.58      | 0          | 5         
343   | 172,977.58      | 0          | 5         
344   | 172,977.58      | 0          | 5         
345   | 172,899.09      | 0          | 5         
346   | 172,887.98      | 0          | 5         
347   | 172,858.52      | 0          | 5         
348   | 172,853.45      | 1          | 0         
349   | 172,853.45      | 0          | 5         
350   | 172,838.58      | 2          | 0         
351   | 172,828.58      | 1          | 0         
352   | 172,822.47      | 0          | 5         
353   | 172,671.53      | 0          | 5         
354   | 172,648.32      | 0          | 5         
355   | 172,477.37      | 0          | 5         
356   | 172,463.42      | 1          | 0         
357   | 172,463.42      | 0          | 5         
358   | 172,419.72      | 0          | 5         
359   | 172,419.72      | 0          | 5         
360   | 172,361.30      | 0          | 5         
361   | 172,356.87      | 2          | 0         
362   | 172,356.87      | 0          | 5         
363   | 172,356.87      | 1          | 0         
364   | 172,356.28      | 1          | 0         
365   | 172,356.28      | 0          | 5         
366   | 172,346.88      | 0          | 5         
367   | 172,346.88      | 0          | 5         
368   | 172,346.88      | 1          | 0         
369   | 172,340.87      | 4          | 0         
370   | 172,340.87      | 0          | 5         
371   | 172,304.80      | 0          | 5         
372   | 172,304.80      | 0          | 5         
373   | 172,304.80      | 0          | 5         
374   | 172,304.80      | 0          | 5         
375   | 172,304.80      | 0          | 5         
376   | 172,304.80      | 0          | 5         
377   | 172,304.62      | 0          | 5         
378   | 172,304.62      | 0          | 5         
379   | 172,266.67      | 1          | 0         
380   | 172,266.67      | 0          | 5         
381   | 172,266.67      | 0          | 5         
382   | 172,266.67      | 0          | 5         
383   | 172,266.67      | 0          | 5         
384   | 172,266.67      | 0          | 5         
385   | 172,266.67      | 2          | 0         
386   | 172,266.67      | 0          | 5         
387   | 172,266.67      | 0          | 5         
388   | 172,266.67      | 1          | 0         
389   | 172,266.67      | 0          | 5         
390   | 172,266.67      | 0          | 5         
391   | 172,266.67      | 0          | 5         
392   | 172,266.67      | 0          | 5         
393   | 172,266.67      | 0          | 5         
394   | 172,266.67      | 1          | 0         
395   | 172,266.67      | 0          | 5         
396   | 172,266.67      | 0          | 5         
397   | 172,266.67      | 0          | 5         
398   | 172,266.67      | 0          | 5         
399   | 172,266.67      | 0          | 5         
400   | 172,266.67      | 0          | 5         
401   | 172,266.67      | 1          | 0         
402   | 172,266.67      | 3          | 0         
403   | 172,266.67      | 0          | 5         
404   | 172,266.67      | 1          | 0         
405   | 172,266.67      | 0          | 5         
406   | 172,266.67      | 0          | 5         
407   | 172,266.67      | 0          | 5         
408   | 172,266.67      | 0          | 3         
409   | 172,266.67      | 1          | 0         
410   | 172,266.67      | 0          | 5         
411   | 172,266.67      | 1          | 0         
412   | 172,213.23      | 0          | 5         
413   | 172,213.23      | 0          | 5         
414   | 172,213.23      | 2          | 0         
415   | 172,209.86      | 0          | 5         
416   | 172,135.29      | 4          | 0         
417   | 172,135.17      | 0          | 5         
418   | 172,135.17      | 0          | 5         
419   | 172,135.17      | 0          | 5         
420   | 172,124.91      | 0          | 5         
421   | 172,124.91      | 0          | 5         
422   | 172,124.91      | 2          | 0         
423   | 172,124.91      | 0          | 5         
424   | 172,069.49      | 0          | 5         
425   | 172,069.49      | 1          | 0         
426   | 172,069.49      | 0          | 5         
427   | 172,069.49      | 2          | 0         
428   | 172,069.49      | 3          | 0         
429   | 172,069.49      | 0          | 5         
430   | 172,069.43      | 1          | 0         
431   | 172,069.43      | 0          | 5         
432   | 172,069.23      | 0          | 5         
433   | 172,067.73      | 0          | 4         
434   | 172,067.73      | 1          | 0         
435   | 172,067.73      | 2          | 0         
436   | 172,067.73      | 0          | 5         
437   | 172,067.73      | 0          | 5         
438   | 172,067.73      | 0          | 4         
439   | 172,067.73      | 0          | 4         
440   | 172,052.94      | 0          | 5         
441   | 171,950.00      | 0          | 3         
442   | 171,950.00      | 0          | 4         
443   | 171,950.00      | 1          | 0         
444   | 171,950.00      | 0          | 4         
445   | 171,950.00      | 0          | 4         
446   | 171,950.00      | 0          | 2         
447   | 171,918.18      | 0          | 4         
448   | 171,918.18      | 2          | 0         
449   | 171,918.18      | 0          | 5         
450   | 171,918.18      | 0          | 4         
451   | 171,918.18      | 0          | 4         
452   | 171,866.67      | 0          | 3         
453   | 171,866.67      | 0          | 2         
454   | 171,866.67      | 0          | 5         
455   | 171,866.67      | 3          | 0         
456   | 171,866.67      | 0          | 3         
457   | 171,866.67      | 0          | 4         
458   | 171,866.67      | 0          | 5         
459   | 171,866.67      | 0          | 5         
460   | 171,866.67      | 1          | 0         
461   | 171,866.67      | 1          | 0         
462   | 171,866.67      | 0          | 5         
463   | 171,866.67      | 0          | 5         
464   | 171,856.06      | 0          | 5         
465   | 171,856.06      | 0          | 5         
466   | 171,856.06      | 0          | 5         
467   | 171,856.06      | 0          | 4         
468   | 171,856.06      | 0          | 5         
469   | 171,856.06      | 1          | 0         
470   | 171,856.06      | 0          | 4         
471   | 171,856.06      | 0          | 4         
472   | 171,856.06      | 0          | 4         
473   | 171,853.85      | 0          | 5         
474   | 171,853.85      | 0          | 5         
475   | 171,853.85      | 0          | 4         
476   | 171,853.85      | 0          | 4         
477   | 171,853.85      | 0          | 4         
478   | 171,853.85      | 0          | 4         
479   | 171,853.85      | 0          | 4         
480   | 171,853.85      | 0          | 4         
481   | 171,853.85      | 1          | 0         
482   | 171,853.85      | 0          | 5         
483   | 171,853.85      | 0          | 4         
484   | 171,853.85      | 2          | 0         
485   | 171,853.85      | 0          | 5         
486   | 171,853.85      | 0          | 5         
487   | 171,853.85      | 0          | 4         
488   | 171,853.85      | 0          | 4         
489   | 171,853.85      | 0          | 4         
490   | 171,853.85      | 0          | 5         
491   | 171,825.32      | 0          | 5         
492   | 171,825.32      | 0          | 5         
493   | 171,825.32      | 0          | 5         
494   | 171,825.32      | 1          | 0         
495   | 171,811.11      | 1          | 0         
496   | 171,811.11      | 0          | 5         
497   | 171,802.38      | 0          | 5         
498   | 171,802.38      | 0          | 5         
499   | 171,802.38      | 1          | 0         
500   | 171,802.38      | 0          | 4         
501   | 171,802.38      | 1          | 0         
502   | 171,802.38      | 1          | 0         
503   | 171,802.38      | 1          | 0         
504   | 171,802.38      | 1          | 0         
505   | 171,802.38      | 0          | 5         
506   | 171,766.67      | 0          | 5         
507   | 171,766.67      | 1          | 0         
508   | 171,766.67      | 0          | 5         
509   | 171,766.67      | 0          | 4         
510   | 171,766.67      | 0          | 4         
511   | 171,766.67      | 0          | 5         
512   | 171,766.67      | 0          | 4         
513   | 171,766.67      | 2          | 0         
514   | 171,766.67      | 0          | 5         
515   | 171,766.67      | 0          | 5         
516   | 171,766.67      | 1          | 0         
517   | 171,766.67      | 2          | 0         
518   | 171,766.67      | 1          | 0         
519   | 171,766.67      | 2          | 0         
520   | 171,766.67      | 0          | 4         
521   | 171,700.00      | 0          | 5         
522   | 171,700.00      | 0          | 5         
523   | 171,700.00      | 0          | 2         
524   | 171,700.00      | 0          | 2         
525   | 171,700.00      | 0          | 5         
526   | 171,700.00      | 0          | 2         
527   | 171,700.00      | 0          | 2         
528   | 171,700.00      | 1          | 0         
529   | 171,700.00      | 0          | 2         
530   | 171,700.00      | 0          | 2         
531   | 171,700.00      | 0          | 3         
532   | 171,700.00      | 0          | 2         
533   | 171,700.00      | 0          | 5         
534   | 171,700.00      | 0          | 3         
535   | 171,700.00      | 0          | 4         
536   | 171,700.00      | 0          | 2         
537   | 171,700.00      | 0          | 2         
538   | 171,700.00      | 0          | 2         
539   | 171,700.00      | 0          | 2         
540   | 171,700.00      | 0          | 2         
541   | 171,700.00      | 0          | 2         
542   | 171,700.00      | 1          | 0         
543   | 171,700.00      | 0          | 2         
544   | 171,700.00      | 0          | 3         
545   | 171,700.00      | 0          | 2         
546   | 171,700.00      | 0          | 2         
547   | 171,700.00      | 2          | 0         
548   | 171,700.00      | 3          | 0         
549   | 171,700.00      | 0          | 2         
550   | 171,700.00      | 2          | 0         
551   | 171,700.00      | 0          | 2         
552   | 171,700.00      | 0          | 3         
553   | 171,700.00      | 0          | 2         
554   | 171,700.00      | 0          | 2         
555   | 171,700.00      | 3          | 0         
556   | 171,700.00      | 0          | 2         
557   | 171,700.00      | 0          | 5         
558   | 171,700.00      | 0          | 2         
559   | 171,700.00      | 0          | 4         
560   | 171,700.00      | 0          | 0         
