==========================================================
 ANALYSIS REPORT: Week 30
==========================================================

0. Solver Configuration
-----------------------
  max_iter             : 1000
  time_limit           : 3600.0
  tol                  : 1e-08
  patience             : 100
  mip_rc_threshold     : 10000000000.0
  mip_gap              : 0.0001

1. Performance Metrics
----------------------
  Objective Value : 3,188,700.00
  RMP Relaxed Value (Root): 1,053,557.15
  Integrality Gap       : 202.6604 %
  MIP Best Bound (Final)  : 3,188,700.00
  Final MIP Gap           : 0.0000 %
  Execution Time  : 548.5051 sec
  Iterations      : 375
  RMP Time  : 184.3779 s
  MIP Time  : 19.1247 s
  Pool Search Time: 311.7787 s
  Graph Search Time: 32.8068 s
  MIP Decision Variables: 1632 (Columns used in Final MIP)
  MIP Filtered Columns  : 0 (Removed before MIP)

2. Column Generation & Pool Statistics
--------------------------------------
  Total Columns Generated (History) : 59528
  Pool Hits (Reused from History)   : 1015
  Graph Gen (Newly Created)         : 607
  Pool Hit Rate                     : 62.6%

3. Shift Pattern Diversity (Unique Patterns)
------------------------------------------
  Type: TypeA  | Unique Patterns: 10518 / Total Gen: 10518
       -> Avg Length of Unique Patterns: 47.5 hours
  Type: TypeB  | Unique Patterns: 18182 / Total Gen: 23727
       -> Avg Length of Unique Patterns: 36.9 hours
  Type: TypeC  | Unique Patterns: 19380 / Total Gen: 25278
       -> Avg Length of Unique Patterns: 25.4 hours

4. Final Schedule Assignment Breakdown
--------------------------------------
  Emp 0  (TypeA): 49 hours worked
  Emp 1  (TypeB): 35 hours worked
  Emp 2  (TypeB): 38 hours worked
  Emp 3  (TypeC): 27 hours worked
  Emp 4  (TypeC): 22 hours worked

5. Iteration History (Convergence Log)
--------------------------------------
Iter  | RMP Obj Value   | Pool Hits  | Graph Gen 
--------------------------------------------------
1     | 100,016,000.00  | 5          | 0         
2     | 69,061,600.00   | 5          | 0         
3     | 49,105,300.00   | 5          | 0         
4     | 34,142,700.00   | 5          | 0         
5     | 18,195,400.00   | 5          | 0         
6     | 14,198,700.00   | 5          | 0         
7     | 14,193,600.00   | 5          | 0         
8     | 14,193,600.00   | 5          | 0         
9     | 13,995,080.00   | 5          | 0         
10    | 12,819,737.50   | 5          | 0         
11    | 11,976,211.10   | 5          | 0         
12    | 10,698,200.01   | 5          | 0         
13    | 10,544,023.06   | 5          | 0         
14    | 9,848,840.00    | 5          | 0         
15    | 9,413,118.44    | 5          | 0         
16    | 9,215,988.59    | 5          | 0         
17    | 8,882,104.86    | 5          | 0         
18    | 8,582,928.84    | 5          | 0         
19    | 8,018,553.58    | 5          | 0         
20    | 7,646,651.98    | 5          | 0         
21    | 7,213,685.73    | 5          | 0         
22    | 6,828,568.80    | 5          | 0         
23    | 6,645,334.69    | 5          | 0         
24    | 6,561,194.62    | 5          | 0         
25    | 6,294,267.36    | 5          | 0         
26    | 6,122,180.10    | 5          | 0         
27    | 5,827,263.51    | 5          | 0         
28    | 5,777,828.61    | 5          | 0         
29    | 5,710,882.19    | 5          | 0         
30    | 5,551,382.87    | 5          | 0         
31    | 5,341,323.65    | 5          | 0         
32    | 5,051,862.15    | 5          | 0         
33    | 4,962,301.36    | 5          | 0         
34    | 4,565,702.59    | 5          | 0         
35    | 4,495,702.81    | 5          | 0         
36    | 4,476,101.38    | 5          | 0         
37    | 4,322,748.76    | 5          | 0         
38    | 4,136,471.43    | 5          | 0         
39    | 4,098,147.82    | 5          | 0         
40    | 4,078,291.55    | 5          | 0         
41    | 3,987,858.06    | 5          | 0         
42    | 3,934,064.06    | 5          | 0         
43    | 3,647,654.61    | 5          | 0         
44    | 3,632,656.53    | 5          | 0         
45    | 3,556,548.21    | 5          | 0         
46    | 3,537,445.70    | 5          | 0         
47    | 3,500,298.85    | 5          | 0         
48    | 3,462,813.69    | 5          | 0         
49    | 3,450,480.71    | 5          | 0         
50    | 3,441,267.21    | 5          | 0         
51    | 3,431,705.22    | 5          | 0         
52    | 3,404,219.17    | 5          | 0         
53    | 3,402,677.72    | 5          | 0         
54    | 3,377,945.17    | 5          | 0         
55    | 3,300,810.41    | 5          | 0         
56    | 3,259,820.30    | 5          | 0         
57    | 3,257,812.63    | 5          | 0         
58    | 3,256,895.66    | 5          | 0         
59    | 3,250,054.10    | 5          | 0         
60    | 3,202,749.72    | 3          | 0         
61    | 3,202,721.14    | 5          | 0         
62    | 3,202,018.24    | 4          | 0         
63    | 3,188,270.43    | 2          | 0         
64    | 3,185,909.39    | 1          | 0         
65    | 3,185,909.39    | 5          | 0         
66    | 3,182,212.21    | 5          | 0         
67    | 3,154,386.62    | 3          | 0         
68    | 3,091,510.98    | 5          | 0         
69    | 3,086,819.13    | 5          | 0         
70    | 3,069,016.38    | 5          | 0         
71    | 3,068,979.93    | 5          | 0         
72    | 3,023,314.30    | 3          | 0         
73    | 3,013,259.32    | 5          | 0         
74    | 2,992,190.28    | 5          | 0         
75    | 2,989,372.85    | 1          | 0         
76    | 2,986,288.93    | 5          | 0         
77    | 2,924,947.31    | 5          | 0         
78    | 2,897,064.40    | 3          | 0         
79    | 2,896,351.94    | 5          | 0         
80    | 2,872,930.12    | 3          | 0         
81    | 2,870,637.12    | 5          | 0         
82    | 2,870,243.49    | 3          | 0         
83    | 2,868,894.87    | 5          | 0         
84    | 2,851,121.90    | 5          | 0         
85    | 2,835,815.71    | 2          | 0         
86    | 2,835,240.32    | 5          | 0         
87    | 2,825,014.99    | 3          | 0         
88    | 2,810,637.39    | 5          | 0         
89    | 2,810,361.04    | 5          | 0         
90    | 2,787,804.81    | 5          | 0         
91    | 2,787,804.81    | 10         | 0         
92    | 2,722,506.40    | 2          | 0         
93    | 2,719,547.67    | 1          | 0         
94    | 2,719,374.96    | 5          | 0         
95    | 2,719,266.64    | 5          | 0         
96    | 2,712,594.47    | 5          | 0         
97    | 2,707,475.26    | 1          | 0         
98    | 2,707,274.47    | 4          | 0         
99    | 2,668,301.38    | 5          | 0         
100   | 2,658,129.49    | 3          | 0         
101   | 2,651,085.59    | 2          | 0         
102   | 2,639,218.00    | 5          | 0         
103   | 2,634,172.52    | 1          | 0         
104   | 2,634,172.52    | 3          | 0         
105   | 2,633,981.77    | 1          | 0         
106   | 2,633,905.92    | 3          | 0         
107   | 2,612,626.44    | 5          | 0         
108   | 2,612,144.27    | 2          | 0         
109   | 2,605,384.06    | 1          | 0         
110   | 2,602,196.10    | 1          | 0         
111   | 2,601,005.11    | 5          | 0         
112   | 2,555,492.02    | 5          | 0         
113   | 2,551,238.51    | 10         | 0         
114   | 2,544,166.18    | 10         | 0         
115   | 2,539,624.38    | 2          | 0         
116   | 2,523,270.25    | 1          | 0         
117   | 2,522,112.05    | 4          | 5         
118   | 2,043,423.30    | 3          | 0         
119   | 2,039,563.66    | 1          | 0         
120   | 2,039,021.64    | 5          | 0         
121   | 2,036,330.51    | 5          | 0         
122   | 2,035,426.46    | 5          | 0         
123   | 2,035,426.46    | 5          | 0         
124   | 2,021,571.59    | 5          | 0         
125   | 2,021,034.85    | 5          | 0         
126   | 2,020,432.40    | 5          | 0         
127   | 2,010,820.36    | 1          | 0         
128   | 2,010,820.36    | 4          | 0         
129   | 2,005,725.93    | 10         | 0         
130   | 1,998,854.92    | 5          | 0         
131   | 1,998,636.18    | 3          | 5         
132   | 1,751,853.33    | 5          | 0         
133   | 1,732,342.08    | 3          | 0         
134   | 1,730,909.01    | 1          | 0         
135   | 1,730,721.85    | 5          | 0         
136   | 1,723,703.87    | 1          | 0         
137   | 1,723,703.87    | 1          | 0         
138   | 1,723,669.94    | 2          | 0         
139   | 1,723,585.38    | 3          | 0         
140   | 1,723,238.78    | 5          | 0         
141   | 1,721,178.00    | 3          | 0         
142   | 1,721,178.00    | 2          | 0         
143   | 1,721,178.00    | 2          | 0         
144   | 1,720,578.54    | 4          | 0         
145   | 1,706,857.75    | 10         | 0         
146   | 1,683,640.06    | 10         | 0         
147   | 1,683,640.06    | 1          | 0         
148   | 1,683,640.06    | 4          | 0         
149   | 1,683,617.16    | 1          | 0         
150   | 1,683,585.70    | 5          | 0         
151   | 1,682,665.89    | 1          | 0         
152   | 1,682,615.27    | 4          | 0         
153   | 1,680,247.76    | 1          | 0         
154   | 1,673,189.73    | 2          | 0         
155   | 1,672,519.95    | 5          | 0         
156   | 1,669,582.35    | 1          | 0         
157   | 1,669,506.82    | 5          | 0         
158   | 1,669,452.36    | 5          | 0         
159   | 1,669,342.75    | 10         | 0         
160   | 1,668,758.93    | 10         | 0         
161   | 1,667,653.63    | 3          | 5         
162   | 1,606,437.88    | 6          | 0         
163   | 1,603,957.45    | 4          | 0         
164   | 1,603,939.80    | 7          | 0         
165   | 1,603,911.81    | 2          | 5         
166   | 1,529,525.97    | 5          | 0         
167   | 1,529,394.97    | 1          | 0         
168   | 1,529,191.15    | 5          | 0         
169   | 1,523,812.90    | 10         | 0         
170   | 1,522,422.41    | 1          | 0         
171   | 1,522,397.48    | 1          | 0         
172   | 1,522,147.78    | 10         | 0         
173   | 1,521,834.51    | 5          | 0         
174   | 1,521,656.51    | 4          | 0         
175   | 1,521,642.35    | 1          | 0         
176   | 1,521,634.00    | 5          | 0         
177   | 1,521,634.00    | 2          | 0         
178   | 1,521,634.00    | 5          | 0         
179   | 1,510,211.98    | 4          | 5         
180   | 1,451,155.63    | 2          | 0         
181   | 1,451,145.65    | 3          | 0         
182   | 1,451,144.89    | 4          | 5         
183   | 1,440,225.49    | 9          | 0         
184   | 1,440,188.67    | 0          | 5         
185   | 1,383,491.15    | 1          | 0         
186   | 1,383,019.89    | 7          | 0         
187   | 1,382,036.55    | 5          | 5         
188   | 1,344,220.70    | 4          | 0         
189   | 1,344,220.70    | 1          | 0         
190   | 1,344,220.70    | 1          | 0         
191   | 1,344,220.70    | 1          | 0         
192   | 1,344,220.70    | 5          | 0         
193   | 1,343,720.58    | 4          | 5         
194   | 1,319,044.33    | 3          | 5         
195   | 1,282,355.40    | 1          | 0         
196   | 1,282,355.40    | 4          | 5         
197   | 1,269,985.90    | 5          | 0         
198   | 1,267,644.86    | 1          | 0         
199   | 1,267,644.86    | 1          | 5         
200   | 1,261,088.64    | 1          | 0         
201   | 1,261,088.64    | 1          | 0         
202   | 1,261,087.71    | 4          | 5         
203   | 1,219,759.62    | 5          | 0         
204   | 1,219,650.60    | 1          | 0         
205   | 1,219,650.60    | 10         | 0         
206   | 1,219,362.36    | 5          | 0         
207   | 1,219,357.23    | 1          | 5         
208   | 1,214,079.91    | 1          | 5         
209   | 1,212,166.05    | 0          | 5         
210   | 1,212,111.45    | 0          | 5         
211   | 1,155,181.47    | 1          | 5         
212   | 1,140,503.43    | 2          | 0         
213   | 1,140,503.43    | 4          | 0         
214   | 1,140,417.65    | 2          | 0         
215   | 1,140,164.67    | 1          | 5         
216   | 1,118,176.57    | 3          | 5         
217   | 1,114,914.72    | 3          | 0         
218   | 1,114,581.94    | 5          | 0         
219   | 1,108,845.29    | 5          | 5         
220   | 1,102,812.80    | 3          | 5         
221   | 1,102,812.80    | 0          | 5         
222   | 1,102,812.81    | 0          | 5         
223   | 1,102,812.80    | 0          | 5         
224   | 1,100,567.40    | 4          | 0         
225   | 1,100,503.35    | 0          | 5         
226   | 1,099,999.05    | 1          | 0         
227   | 1,099,916.44    | 0          | 5         
228   | 1,099,815.06    | 4          | 5         
229   | 1,099,814.88    | 2          | 0         
230   | 1,099,814.76    | 1          | 0         
231   | 1,099,814.76    | 0          | 5         
232   | 1,095,276.45    | 0          | 5         
233   | 1,094,599.80    | 1          | 0         
234   | 1,094,599.80    | 4          | 0         
235   | 1,094,599.80    | 1          | 5         
236   | 1,090,746.10    | 0          | 5         
237   | 1,087,772.65    | 7          | 0         
238   | 1,087,760.18    | 0          | 5         
239   | 1,079,164.24    | 0          | 5         
240   | 1,075,275.26    | 0          | 5         
241   | 1,072,896.36    | 2          | 5         
242   | 1,072,896.36    | 4          | 0         
243   | 1,072,878.12    | 1          | 0         
244   | 1,070,517.46    | 6          | 0         
245   | 1,070,517.46    | 0          | 5         
246   | 1,070,252.15    | 0          | 5         
247   | 1,066,217.24    | 0          | 5         
248   | 1,062,426.16    | 5          | 0         
249   | 1,062,305.05    | 0          | 5         
250   | 1,061,827.19    | 0          | 5         
251   | 1,060,602.37    | 0          | 5         
252   | 1,058,563.91    | 0          | 5         
253   | 1,058,563.91    | 5          | 0         
254   | 1,058,359.92    | 3          | 0         
255   | 1,058,215.23    | 2          | 5         
256   | 1,058,082.15    | 0          | 5         
257   | 1,057,735.72    | 2          | 0         
258   | 1,057,735.72    | 0          | 5         
259   | 1,057,735.72    | 0          | 5         
260   | 1,057,735.72    | 0          | 5         
261   | 1,057,735.72    | 0          | 5         
262   | 1,057,389.98    | 0          | 5         
263   | 1,057,366.41    | 0          | 5         
264   | 1,057,233.00    | 0          | 5         
265   | 1,056,842.31    | 2          | 0         
266   | 1,056,842.31    | 0          | 5         
267   | 1,056,674.33    | 0          | 5         
268   | 1,056,674.33    | 0          | 5         
269   | 1,056,674.33    | 0          | 5         
270   | 1,056,674.33    | 0          | 5         
271   | 1,056,674.33    | 0          | 5         
272   | 1,056,285.72    | 0          | 5         
273   | 1,056,285.72    | 0          | 5         
274   | 1,056,285.72    | 0          | 5         
275   | 1,056,228.57    | 0          | 5         
276   | 1,056,115.33    | 1          | 0         
277   | 1,056,115.33    | 3          | 0         
278   | 1,056,005.33    | 0          | 5         
279   | 1,055,843.29    | 0          | 5         
280   | 1,055,725.00    | 0          | 5         
281   | 1,055,725.00    | 0          | 5         
282   | 1,055,593.82    | 0          | 5         
283   | 1,055,593.82    | 1          | 0         
284   | 1,055,510.72    | 1          | 0         
285   | 1,055,510.72    | 0          | 5         
286   | 1,055,303.48    | 0          | 5         
287   | 1,055,080.82    | 0          | 5         
288   | 1,055,069.01    | 0          | 5         
289   | 1,055,022.29    | 0          | 4         
290   | 1,055,022.29    | 0          | 5         
291   | 1,054,990.43    | 1          | 0         
292   | 1,054,964.29    | 0          | 5         
293   | 1,054,964.29    | 4          | 0         
294   | 1,054,964.29    | 0          | 5         
295   | 1,054,964.29    | 0          | 5         
296   | 1,054,964.29    | 1          | 0         
297   | 1,054,964.29    | 0          | 5         
298   | 1,054,941.14    | 0          | 5         
299   | 1,054,834.13    | 0          | 5         
300   | 1,054,834.13    | 0          | 2         
301   | 1,054,834.13    | 0          | 3         
302   | 1,054,834.13    | 0          | 2         
303   | 1,054,834.13    | 2          | 0         
304   | 1,054,814.45    | 0          | 5         
305   | 1,054,814.45    | 0          | 5         
306   | 1,054,654.84    | 0          | 5         
307   | 1,054,654.84    | 0          | 5         
308   | 1,054,517.92    | 3          | 0         
309   | 1,054,517.92    | 0          | 5         
310   | 1,054,504.96    | 0          | 5         
311   | 1,054,504.96    | 2          | 0         
312   | 1,054,504.96    | 4          | 0         
313   | 1,054,504.96    | 0          | 5         
314   | 1,054,504.96    | 0          | 3         
315   | 1,054,306.66    | 0          | 5         
316   | 1,054,275.00    | 0          | 5         
317   | 1,054,275.00    | 4          | 0         
318   | 1,054,243.24    | 1          | 0         
319   | 1,054,243.24    | 1          | 0         
320   | 1,054,243.24    | 0          | 5         
321   | 1,054,243.24    | 0          | 5         
322   | 1,054,206.23    | 0          | 5         
323   | 1,054,206.23    | 0          | 5         
324   | 1,054,122.93    | 0          | 5         
325   | 1,054,122.93    | 0          | 5         
326   | 1,054,122.93    | 0          | 4         
327   | 1,054,105.20    | 3          | 0         
328   | 1,054,105.20    | 0          | 5         
329   | 1,054,105.20    | 3          | 0         
330   | 1,054,105.20    | 1          | 0         
331   | 1,054,105.20    | 0          | 5         
332   | 1,054,105.20    | 1          | 0         
333   | 1,054,105.20    | 3          | 0         
334   | 1,054,105.20    | 0          | 4         
335   | 1,054,105.20    | 0          | 4         
336   | 1,054,105.20    | 4          | 0         
337   | 1,054,105.20    | 0          | 5         
338   | 1,053,840.18    | 0          | 3         
339   | 1,053,840.18    | 1          | 0         
340   | 1,053,840.18    | 0          | 2         
341   | 1,053,840.18    | 0          | 2         
342   | 1,053,840.18    | 0          | 4         
343   | 1,053,763.57    | 0          | 5         
344   | 1,053,763.57    | 0          | 5         
345   | 1,053,697.03    | 1          | 0         
346   | 1,053,697.03    | 0          | 5         
347   | 1,053,694.65    | 0          | 5         
348   | 1,053,566.07    | 0          | 5         
349   | 1,053,566.07    | 0          | 2         
350   | 1,053,566.07    | 0          | 2         
351   | 1,053,566.07    | 1          | 0         
352   | 1,053,565.48    | 2          | 0         
353   | 1,053,565.48    | 3          | 0         
354   | 1,053,565.48    | 1          | 0         
355   | 1,053,565.48    | 1          | 0         
356   | 1,053,565.48    | 2          | 0         
357   | 1,053,565.48    | 0          | 5         
358   | 1,053,565.48    | 0          | 4         
359   | 1,053,565.48    | 0          | 5         
360   | 1,053,565.48    | 1          | 0         
361   | 1,053,565.48    | 1          | 0         
362   | 1,053,565.48    | 0          | 4         
363   | 1,053,565.48    | 0          | 4         
364   | 1,053,565.48    | 0          | 5         
365   | 1,053,559.46    | 0          | 5         
366   | 1,053,559.46    | 0          | 5         
367   | 1,053,559.23    | 1          | 0         
368   | 1,053,559.23    | 0          | 5         
369   | 1,053,559.23    | 0          | 2         
370   | 1,053,557.15    | 0          | 5         
371   | 1,053,557.15    | 0          | 4         
372   | 1,053,557.15    | 0          | 3         
373   | 1,053,557.15    | 0          | 5         
374   | 1,053,557.15    | 1          | 0         
375   | 1,053,557.15    | 0          | 0         
