==========================================================
 ANALYSIS REPORT: Week 9
==========================================================

0. Solver Configuration
-----------------------
  max_iter             : 1000
  time_limit           : 3600.0
  tol                  : 1e-08
  patience             : 100
  mip_rc_threshold     : 10000000000.0
  mip_gap              : 0.0001

1. Performance Metrics
----------------------
  Objective Value : 2,183,600.00
  RMP Relaxed Value (Root): 1,680,150.00
  Integrality Gap       : 29.9646 %
  MIP Best Bound (Final)  : 2,183,600.00
  Final MIP Gap           : 0.0000 %
  Execution Time  : 430.1929 sec
  Iterations      : 422
  RMP Time  : 213.9679 s
  MIP Time  : 8.4741 s
  Pool Search Time: 173.4052 s
  Graph Search Time: 33.9454 s
  MIP Decision Variables: 1751 (Columns used in Final MIP)
  MIP Filtered Columns  : 0 (Removed before MIP)

2. Column Generation & Pool Statistics
--------------------------------------
  Total Columns Generated (History) : 23522
  Pool Hits (Reused from History)   : 1008
  Graph Gen (Newly Created)         : 733
  Pool Hit Rate                     : 57.9%

3. Shift Pattern Diversity (Unique Patterns)
------------------------------------------
  Type: TypeA  | Unique Patterns: 4174 / Total Gen: 4174
       -> Avg Length of Unique Patterns: 47.4 hours
  Type: TypeB  | Unique Patterns: 7366 / Total Gen: 9200
       -> Avg Length of Unique Patterns: 36.5 hours
  Type: TypeC  | Unique Patterns: 8224 / Total Gen: 10143
       -> Avg Length of Unique Patterns: 25.3 hours

4. Final Schedule Assignment Breakdown
--------------------------------------
  Emp 0  (TypeA): 47 hours worked
  Emp 1  (TypeB): 37 hours worked
  Emp 2  (TypeB): 33 hours worked
  Emp 3  (TypeC): 25 hours worked
  Emp 4  (TypeC): 26 hours worked

5. Iteration History (Convergence Log)
--------------------------------------
Iter  | RMP Obj Value   | Pool Hits  | Graph Gen 
--------------------------------------------------
1     | 102,012,000.00  | 5          | 0         
2     | 68,061,300.00   | 5          | 0         
3     | 47,100,400.00   | 5          | 0         
4     | 35,141,700.00   | 5          | 0         
5     | 19,190,700.00   | 5          | 0         
6     | 17,692,250.00   | 5          | 0         
7     | 14,861,900.00   | 5          | 0         
8     | 14,740,100.02   | 5          | 0         
9     | 13,783,416.68   | 5          | 0         
10    | 13,198,500.00   | 5          | 0         
11    | 11,865,633.30   | 5          | 0         
12    | 11,865,633.30   | 5          | 0         
13    | 11,135,385.65   | 5          | 0         
14    | 10,697,975.78   | 5          | 0         
15    | 10,048,519.46   | 5          | 0         
16    | 9,756,057.81    | 5          | 0         
17    | 9,479,290.55    | 5          | 0         
18    | 8,752,990.50    | 5          | 0         
19    | 8,373,284.76    | 5          | 0         
20    | 8,097,191.59    | 5          | 0         
21    | 7,749,474.65    | 5          | 0         
22    | 7,416,437.45    | 5          | 0         
23    | 7,313,264.85    | 5          | 0         
24    | 7,152,427.65    | 5          | 0         
25    | 7,114,634.52    | 5          | 0         
26    | 6,843,489.33    | 5          | 0         
27    | 6,565,880.16    | 5          | 0         
28    | 6,518,722.51    | 5          | 0         
29    | 6,452,830.86    | 5          | 0         
30    | 6,119,349.87    | 5          | 0         
31    | 5,992,041.54    | 5          | 0         
32    | 5,961,372.84    | 5          | 0         
33    | 5,931,850.20    | 5          | 0         
34    | 5,767,081.61    | 5          | 0         
35    | 5,694,837.79    | 5          | 0         
36    | 5,596,479.17    | 5          | 0         
37    | 5,495,430.60    | 5          | 0         
38    | 5,492,637.80    | 5          | 0         
39    | 5,467,990.68    | 5          | 0         
40    | 5,359,599.21    | 5          | 0         
41    | 5,354,512.85    | 5          | 0         
42    | 5,289,575.03    | 5          | 0         
43    | 5,192,186.86    | 5          | 0         
44    | 5,101,966.68    | 5          | 0         
45    | 5,072,834.67    | 5          | 0         
46    | 5,072,627.52    | 3          | 0         
47    | 5,062,551.84    | 5          | 0         
48    | 4,960,699.86    | 5          | 0         
49    | 4,955,514.23    | 5          | 0         
50    | 4,931,887.87    | 4          | 0         
51    | 4,929,390.81    | 5          | 0         
52    | 4,845,418.90    | 5          | 0         
53    | 4,766,913.08    | 3          | 0         
54    | 4,733,648.06    | 5          | 0         
55    | 4,576,327.28    | 5          | 0         
56    | 4,416,127.99    | 1          | 0         
57    | 4,407,549.94    | 5          | 0         
58    | 4,277,470.65    | 5          | 0         
59    | 4,228,592.29    | 5          | 0         
60    | 4,228,592.29    | 5          | 0         
61    | 4,228,592.29    | 2          | 0         
62    | 4,228,163.78    | 5          | 0         
63    | 4,218,638.07    | 4          | 0         
64    | 3,913,272.94    | 5          | 0         
65    | 3,754,330.54    | 2          | 0         
66    | 3,752,189.47    | 10         | 0         
67    | 3,711,629.98    | 2          | 0         
68    | 3,711,419.21    | 5          | 0         
69    | 3,695,944.61    | 5          | 0         
70    | 3,653,978.99    | 4          | 0         
71    | 3,642,899.94    | 5          | 0         
72    | 3,621,584.45    | 2          | 0         
73    | 3,621,576.82    | 5          | 0         
74    | 3,540,547.11    | 5          | 0         
75    | 3,513,806.92    | 5          | 0         
76    | 3,506,144.56    | 5          | 0         
77    | 3,480,483.70    | 3          | 0         
78    | 3,472,081.85    | 5          | 0         
79    | 3,410,909.26    | 3          | 0         
80    | 3,403,131.36    | 5          | 0         
81    | 3,384,908.38    | 5          | 0         
82    | 3,374,730.79    | 5          | 0         
83    | 3,374,149.02    | 10         | 0         
84    | 3,354,819.60    | 1          | 5         
85    | 2,656,710.63    | 10         | 0         
86    | 2,656,710.63    | 4          | 0         
87    | 2,656,616.99    | 10         | 0         
88    | 2,656,215.58    | 5          | 0         
89    | 2,497,121.70    | 3          | 0         
90    | 2,495,257.92    | 5          | 0         
91    | 2,463,023.74    | 10         | 0         
92    | 2,462,424.20    | 5          | 0         
93    | 2,462,420.61    | 2          | 5         
94    | 2,400,842.01    | 5          | 0         
95    | 2,392,939.99    | 5          | 0         
96    | 2,383,724.22    | 5          | 0         
97    | 2,358,006.65    | 5          | 0         
98    | 2,357,838.84    | 5          | 0         
99    | 2,357,318.32    | 3          | 0         
100   | 2,356,320.70    | 1          | 0         
101   | 2,356,320.70    | 2          | 5         
102   | 2,195,596.42    | 10         | 0         
103   | 2,195,596.42    | 5          | 0         
104   | 2,195,596.42    | 3          | 0         
105   | 2,195,387.12    | 1          | 0         
106   | 2,195,020.15    | 3          | 0         
107   | 2,195,020.15    | 5          | 0         
108   | 2,194,790.95    | 2          | 0         
109   | 2,194,790.95    | 0          | 5         
110   | 2,034,742.19    | 5          | 0         
111   | 2,028,678.78    | 4          | 0         
112   | 2,028,674.54    | 5          | 0         
113   | 2,028,121.78    | 5          | 5         
114   | 2,021,584.17    | 5          | 0         
115   | 2,021,307.18    | 6          | 0         
116   | 2,019,468.70    | 5          | 0         
117   | 2,019,429.58    | 5          | 5         
118   | 1,931,256.82    | 5          | 0         
119   | 1,931,256.82    | 10         | 0         
120   | 1,923,103.03    | 1          | 0         
121   | 1,918,390.07    | 5          | 0         
122   | 1,915,483.85    | 1          | 0         
123   | 1,914,484.30    | 4          | 0         
124   | 1,914,484.30    | 5          | 0         
125   | 1,914,143.08    | 5          | 0         
126   | 1,913,731.62    | 10         | 0         
127   | 1,913,731.62    | 2          | 5         
128   | 1,827,099.01    | 5          | 0         
129   | 1,827,099.01    | 5          | 0         
130   | 1,827,048.22    | 3          | 0         
131   | 1,824,304.34    | 5          | 0         
132   | 1,823,048.16    | 1          | 0         
133   | 1,822,931.66    | 5          | 0         
134   | 1,822,869.52    | 2          | 0         
135   | 1,816,778.84    | 5          | 0         
136   | 1,816,732.69    | 3          | 0         
137   | 1,816,732.69    | 1          | 0         
138   | 1,816,732.69    | 5          | 0         
139   | 1,816,732.69    | 2          | 0         
140   | 1,816,644.65    | 5          | 0         
141   | 1,815,350.96    | 5          | 0         
142   | 1,815,346.83    | 5          | 0         
143   | 1,808,372.66    | 0          | 5         
144   | 1,699,498.78    | 5          | 0         
145   | 1,699,345.72    | 5          | 0         
146   | 1,699,202.61    | 3          | 5         
147   | 1,698,606.90    | 2          | 0         
148   | 1,698,600.66    | 5          | 0         
149   | 1,698,396.01    | 4          | 0         
150   | 1,698,214.66    | 5          | 0         
151   | 1,698,214.66    | 5          | 0         
152   | 1,698,214.66    | 4          | 5         
153   | 1,695,922.27    | 0          | 5         
154   | 1,694,739.33    | 4          | 0         
155   | 1,694,722.19    | 1          | 0         
156   | 1,694,722.19    | 5          | 0         
157   | 1,694,709.50    | 1          | 0         
158   | 1,694,660.04    | 1          | 5         
159   | 1,693,322.97    | 2          | 0         
160   | 1,693,006.12    | 5          | 0         
161   | 1,693,006.12    | 4          | 0         
162   | 1,692,983.44    | 5          | 0         
163   | 1,692,983.44    | 3          | 0         
164   | 1,692,983.44    | 3          | 0         
165   | 1,692,974.80    | 1          | 0         
166   | 1,692,974.80    | 5          | 0         
167   | 1,692,750.52    | 2          | 0         
168   | 1,692,750.52    | 10         | 0         
169   | 1,692,750.52    | 5          | 0         
170   | 1,692,750.52    | 1          | 0         
171   | 1,692,750.52    | 0          | 5         
172   | 1,692,587.15    | 5          | 0         
173   | 1,692,569.35    | 1          | 0         
174   | 1,692,569.35    | 7          | 0         
175   | 1,692,569.35    | 5          | 0         
176   | 1,692,569.35    | 3          | 5         
177   | 1,692,210.49    | 3          | 0         
178   | 1,692,106.68    | 5          | 0         
179   | 1,692,061.89    | 1          | 0         
180   | 1,692,061.89    | 1          | 0         
181   | 1,692,030.97    | 0          | 5         
182   | 1,691,378.98    | 0          | 5         
183   | 1,690,751.43    | 2          | 0         
184   | 1,690,751.43    | 0          | 5         
185   | 1,690,751.43    | 1          | 5         
186   | 1,690,726.56    | 3          | 5         
187   | 1,690,726.56    | 1          | 0         
188   | 1,690,683.01    | 0          | 5         
189   | 1,690,683.01    | 1          | 0         
190   | 1,690,683.01    | 1          | 5         
191   | 1,690,683.01    | 1          | 0         
192   | 1,690,683.01    | 2          | 5         
193   | 1,689,716.39    | 5          | 0         
194   | 1,689,252.19    | 2          | 0         
195   | 1,689,252.19    | 5          | 0         
196   | 1,689,016.53    | 5          | 0         
197   | 1,689,016.53    | 5          | 0         
198   | 1,689,006.01    | 1          | 0         
199   | 1,689,006.01    | 1          | 0         
200   | 1,689,002.36    | 0          | 5         
201   | 1,689,002.36    | 1          | 0         
202   | 1,688,969.65    | 0          | 5         
203   | 1,688,553.47    | 2          | 0         
204   | 1,688,550.27    | 1          | 0         
205   | 1,688,550.27    | 3          | 0         
206   | 1,688,518.31    | 0          | 5         
207   | 1,687,966.59    | 0          | 5         
208   | 1,687,966.59    | 0          | 5         
209   | 1,687,826.39    | 4          | 0         
210   | 1,687,515.95    | 0          | 5         
211   | 1,686,714.38    | 2          | 0         
212   | 1,686,601.88    | 5          | 0         
213   | 1,686,402.04    | 2          | 0         
214   | 1,686,402.04    | 0          | 5         
215   | 1,686,402.04    | 4          | 0         
216   | 1,686,402.04    | 0          | 5         
217   | 1,685,561.09    | 4          | 0         
218   | 1,685,561.09    | 1          | 0         
219   | 1,685,556.42    | 2          | 0         
220   | 1,685,556.42    | 0          | 5         
221   | 1,685,556.42    | 2          | 5         
222   | 1,685,556.42    | 0          | 5         
223   | 1,685,142.72    | 2          | 0         
224   | 1,685,142.72    | 3          | 0         
225   | 1,684,839.59    | 1          | 0         
226   | 1,684,839.59    | 1          | 0         
227   | 1,684,839.59    | 1          | 0         
228   | 1,684,839.59    | 1          | 5         
229   | 1,684,839.59    | 2          | 0         
230   | 1,684,782.30    | 0          | 5         
231   | 1,684,782.30    | 4          | 5         
232   | 1,684,782.30    | 3          | 0         
233   | 1,684,662.50    | 3          | 0         
234   | 1,684,662.50    | 0          | 5         
235   | 1,684,662.50    | 3          | 0         
236   | 1,684,658.80    | 1          | 0         
237   | 1,684,658.80    | 5          | 0         
238   | 1,684,658.80    | 0          | 5         
239   | 1,684,198.96    | 5          | 0         
240   | 1,684,144.66    | 5          | 0         
241   | 1,684,117.03    | 1          | 0         
242   | 1,684,117.03    | 0          | 5         
243   | 1,683,939.00    | 5          | 0         
244   | 1,683,939.00    | 3          | 0         
245   | 1,683,780.30    | 0          | 5         
246   | 1,683,715.69    | 1          | 0         
247   | 1,683,715.69    | 0          | 5         
248   | 1,683,699.62    | 1          | 0         
249   | 1,683,247.74    | 0          | 5         
250   | 1,683,221.13    | 3          | 0         
251   | 1,683,077.06    | 5          | 0         
252   | 1,682,989.49    | 0          | 5         
253   | 1,682,838.41    | 0          | 5         
254   | 1,682,666.23    | 1          | 0         
255   | 1,682,666.23    | 2          | 0         
256   | 1,682,666.23    | 0          | 5         
257   | 1,682,666.23    | 0          | 5         
258   | 1,682,471.14    | 2          | 0         
259   | 1,682,471.14    | 1          | 0         
260   | 1,682,469.46    | 1          | 0         
261   | 1,682,469.46    | 2          | 0         
262   | 1,682,469.46    | 3          | 0         
263   | 1,682,469.46    | 0          | 5         
264   | 1,682,469.46    | 0          | 5         
265   | 1,682,469.46    | 0          | 5         
266   | 1,682,394.59    | 0          | 5         
267   | 1,682,168.64    | 0          | 5         
268   | 1,682,168.64    | 0          | 5         
269   | 1,682,168.64    | 0          | 5         
270   | 1,681,942.04    | 2          | 0         
271   | 1,681,942.04    | 0          | 5         
272   | 1,681,838.27    | 0          | 5         
273   | 1,681,838.27    | 0          | 5         
274   | 1,681,795.71    | 0          | 5         
275   | 1,681,795.71    | 0          | 5         
276   | 1,681,760.43    | 4          | 0         
277   | 1,681,723.58    | 0          | 5         
278   | 1,681,723.58    | 0          | 5         
279   | 1,681,723.58    | 0          | 5         
280   | 1,681,644.52    | 0          | 5         
281   | 1,681,644.52    | 1          | 0         
282   | 1,681,644.52    | 0          | 5         
283   | 1,681,644.52    | 0          | 5         
284   | 1,681,644.52    | 1          | 0         
285   | 1,681,644.52    | 0          | 5         
286   | 1,681,541.68    | 0          | 5         
287   | 1,681,463.28    | 0          | 5         
288   | 1,681,463.28    | 0          | 5         
289   | 1,681,269.75    | 1          | 0         
290   | 1,681,269.75    | 3          | 0         
291   | 1,681,269.75    | 0          | 5         
292   | 1,681,269.75    | 2          | 0         
293   | 1,681,269.75    | 1          | 0         
294   | 1,681,269.75    | 0          | 5         
295   | 1,681,269.75    | 0          | 5         
296   | 1,681,179.95    | 1          | 0         
297   | 1,681,179.95    | 4          | 0         
298   | 1,681,106.18    | 2          | 0         
299   | 1,681,106.18    | 0          | 5         
300   | 1,681,106.18    | 2          | 0         
301   | 1,681,106.18    | 0          | 5         
302   | 1,681,106.18    | 0          | 5         
303   | 1,681,106.18    | 4          | 0         
304   | 1,681,067.88    | 3          | 0         
305   | 1,681,067.88    | 1          | 0         
306   | 1,681,067.88    | 3          | 0         
307   | 1,681,067.88    | 1          | 0         
308   | 1,681,067.88    | 0          | 5         
309   | 1,681,067.88    | 0          | 5         
310   | 1,681,067.88    | 2          | 0         
311   | 1,681,067.88    | 1          | 0         
312   | 1,681,067.88    | 0          | 5         
313   | 1,681,067.88    | 1          | 0         
314   | 1,681,067.88    | 0          | 5         
315   | 1,681,067.88    | 1          | 0         
316   | 1,681,067.88    | 0          | 5         
317   | 1,681,031.93    | 0          | 5         
318   | 1,681,031.93    | 0          | 5         
319   | 1,681,031.93    | 0          | 4         
320   | 1,681,031.93    | 1          | 0         
321   | 1,681,031.93    | 0          | 5         
322   | 1,680,904.71    | 0          | 5         
323   | 1,680,904.71    | 0          | 5         
324   | 1,680,904.71    | 0          | 5         
325   | 1,680,900.91    | 0          | 5         
326   | 1,680,868.10    | 0          | 5         
327   | 1,680,868.10    | 1          | 0         
328   | 1,680,779.22    | 1          | 0         
329   | 1,680,779.22    | 1          | 0         
330   | 1,680,779.22    | 0          | 5         
331   | 1,680,779.22    | 0          | 5         
332   | 1,680,779.22    | 1          | 0         
333   | 1,680,779.22    | 0          | 5         
334   | 1,680,779.22    | 2          | 0         
335   | 1,680,779.22    | 1          | 0         
336   | 1,680,779.22    | 0          | 5         
337   | 1,680,681.11    | 0          | 5         
338   | 1,680,664.28    | 0          | 5         
339   | 1,680,664.27    | 0          | 5         
340   | 1,680,661.23    | 1          | 0         
341   | 1,680,661.23    | 1          | 0         
342   | 1,680,661.23    | 0          | 5         
343   | 1,680,661.23    | 0          | 5         
344   | 1,680,661.23    | 0          | 5         
345   | 1,680,661.23    | 0          | 5         
346   | 1,680,661.23    | 1          | 0         
347   | 1,680,661.23    | 0          | 4         
348   | 1,680,661.23    | 0          | 4         
349   | 1,680,661.23    | 0          | 5         
350   | 1,680,661.23    | 1          | 0         
351   | 1,680,661.23    | 0          | 5         
352   | 1,680,661.23    | 0          | 5         
353   | 1,680,661.23    | 0          | 5         
354   | 1,680,595.45    | 2          | 0         
355   | 1,680,595.45    | 0          | 4         
356   | 1,680,595.45    | 0          | 4         
357   | 1,680,595.45    | 0          | 4         
358   | 1,680,595.45    | 0          | 5         
359   | 1,680,595.45    | 2          | 0         
360   | 1,680,595.45    | 0          | 5         
361   | 1,680,373.00    | 0          | 4         
362   | 1,680,373.00    | 5          | 0         
363   | 1,680,373.00    | 0          | 4         
364   | 1,680,353.85    | 0          | 4         
365   | 1,680,353.85    | 5          | 0         
366   | 1,680,353.85    | 1          | 0         
367   | 1,680,353.85    | 0          | 5         
368   | 1,680,353.85    | 0          | 5         
369   | 1,680,353.85    | 0          | 4         
370   | 1,680,353.85    | 0          | 4         
371   | 1,680,353.85    | 0          | 5         
372   | 1,680,353.85    | 1          | 0         
373   | 1,680,353.85    | 0          | 5         
374   | 1,680,353.85    | 0          | 4         
375   | 1,680,353.85    | 0          | 5         
376   | 1,680,353.85    | 1          | 0         
377   | 1,680,353.85    | 0          | 4         
378   | 1,680,353.85    | 0          | 5         
379   | 1,680,338.29    | 1          | 0         
380   | 1,680,338.29    | 0          | 5         
381   | 1,680,338.29    | 0          | 5         
382   | 1,680,338.29    | 0          | 5         
383   | 1,680,333.95    | 1          | 0         
384   | 1,680,333.95    | 0          | 4         
385   | 1,680,333.95    | 0          | 4         
386   | 1,680,333.95    | 1          | 0         
387   | 1,680,333.95    | 0          | 5         
388   | 1,680,333.95    | 0          | 4         
389   | 1,680,333.95    | 0          | 4         
390   | 1,680,332.58    | 1          | 0         
391   | 1,680,332.58    | 2          | 0         
392   | 1,680,332.58    | 0          | 5         
393   | 1,680,289.29    | 1          | 0         
394   | 1,680,289.29    | 0          | 4         
395   | 1,680,272.99    | 0          | 4         
396   | 1,680,272.99    | 0          | 4         
397   | 1,680,272.99    | 0          | 5         
398   | 1,680,272.99    | 0          | 4         
399   | 1,680,272.99    | 1          | 0         
400   | 1,680,271.68    | 0          | 4         
401   | 1,680,199.53    | 1          | 0         
402   | 1,680,199.53    | 0          | 5         
403   | 1,680,171.14    | 2          | 0         
404   | 1,680,171.14    | 0          | 5         
405   | 1,680,171.14    | 0          | 4         
406   | 1,680,150.00    | 0          | 5         
407   | 1,680,150.00    | 0          | 4         
408   | 1,680,150.00    | 0          | 4         
409   | 1,680,150.00    | 0          | 3         
410   | 1,680,150.00    | 0          | 5         
411   | 1,680,150.00    | 0          | 4         
412   | 1,680,150.00    | 2          | 0         
413   | 1,680,150.00    | 0          | 5         
414   | 1,680,150.00    | 0          | 4         
415   | 1,680,150.00    | 0          | 2         
416   | 1,680,150.00    | 0          | 3         
417   | 1,680,150.00    | 0          | 3         
418   | 1,680,150.00    | 0          | 2         
419   | 1,680,150.00    | 0          | 2         
420   | 1,680,150.00    | 0          | 2         
421   | 1,680,150.00    | 0          | 3         
422   | 1,680,150.00    | 0          | 0         
