==========================================================
 ANALYSIS REPORT: Week 2
==========================================================

0. Solver Configuration
-----------------------
  max_iter             : 1000
  time_limit           : 3600.0
  tol                  : 1e-08
  patience             : 100
  mip_rc_threshold     : 10000000000.0
  mip_gap              : 0.0001

1. Performance Metrics
----------------------
  Objective Value : 5,198,900.00
  RMP Relaxed Value (Root): 2,366,988.89
  Integrality Gap       : 119.6419 %
  MIP Best Bound (Final)  : 5,198,900.00
  Final MIP Gap           : 0.0000 %
  Execution Time  : 1533.6808 sec
  Iterations      : 1000
  RMP Time  : 1274.4020 s
  MIP Time  : 68.3415 s
  Pool Search Time: 171.0844 s
  Graph Search Time: 18.5575 s
  MIP Decision Variables: 4167 (Columns used in Final MIP)
  MIP Filtered Columns  : 0 (Removed before MIP)

2. Column Generation & Pool Statistics
--------------------------------------
  Total Columns Generated (History) : 7768
  Pool Hits (Reused from History)   : 3727
  Graph Gen (Newly Created)         : 430
  Pool Hit Rate                     : 89.7%

3. Shift Pattern Diversity (Unique Patterns)
------------------------------------------
  Type: TypeA  | Unique Patterns: 1405 / Total Gen: 1405
       -> Avg Length of Unique Patterns: 46.7 hours
  Type: TypeB  | Unique Patterns: 2107 / Total Gen: 2722
       -> Avg Length of Unique Patterns: 35.7 hours
  Type: TypeC  | Unique Patterns: 3051 / Total Gen: 3636
       -> Avg Length of Unique Patterns: 25.9 hours

4. Final Schedule Assignment Breakdown
--------------------------------------
  Emp 0  (TypeA): 47 hours worked
  Emp 1  (TypeB): 38 hours worked
  Emp 2  (TypeB): 39 hours worked
  Emp 3  (TypeC): 28 hours worked
  Emp 4  (TypeC): 28 hours worked

5. Iteration History (Convergence Log)
--------------------------------------
Iter  | RMP Obj Value   | Pool Hits  | Graph Gen 
--------------------------------------------------
1     | 127,012,000.00  | 5          | 0         
2     | 93,053,900.00   | 5          | 0         
3     | 53,133,100.00   | 5          | 0         
4     | 40,157,300.00   | 5          | 0         
5     | 40,157,300.00   | 5          | 0         
6     | 34,180,150.00   | 5          | 0         
7     | 30,682,900.00   | 5          | 0         
8     | 28,688,350.00   | 5          | 0         
9     | 25,764,228.56   | 5          | 0         
10    | 23,698,250.00   | 5          | 0         
11    | 22,998,360.00   | 5          | 0         
12    | 22,298,523.29   | 5          | 0         
13    | 21,252,918.47   | 5          | 0         
14    | 20,916,647.57   | 5          | 0         
15    | 20,690,628.87   | 5          | 0         
16    | 20,468,559.94   | 5          | 0         
17    | 20,424,255.56   | 5          | 0         
18    | 20,341,952.00   | 5          | 0         
19    | 20,201,383.36   | 5          | 0         
20    | 19,702,091.73   | 5          | 0         
21    | 19,316,650.03   | 5          | 0         
22    | 19,308,339.39   | 5          | 0         
23    | 19,136,040.09   | 5          | 0         
24    | 18,996,118.54   | 5          | 0         
25    | 18,859,194.92   | 5          | 0         
26    | 18,854,127.75   | 5          | 0         
27    | 18,803,165.45   | 5          | 0         
28    | 18,470,444.02   | 5          | 0         
29    | 18,289,891.37   | 5          | 0         
30    | 17,994,788.82   | 5          | 0         
31    | 17,818,206.36   | 5          | 0         
32    | 17,630,861.86   | 5          | 0         
33    | 17,024,784.43   | 5          | 0         
34    | 16,709,772.64   | 5          | 0         
35    | 16,304,345.00   | 5          | 0         
36    | 16,079,225.00   | 5          | 0         
37    | 15,770,208.37   | 5          | 0         
38    | 15,669,633.33   | 5          | 0         
39    | 15,654,859.66   | 5          | 0         
40    | 15,625,072.88   | 5          | 0         
41    | 15,595,351.46   | 5          | 0         
42    | 15,567,021.48   | 5          | 0         
43    | 15,442,340.48   | 5          | 0         
44    | 15,442,037.47   | 5          | 0         
45    | 14,979,049.00   | 5          | 0         
46    | 14,979,049.00   | 5          | 0         
47    | 14,618,096.01   | 5          | 0         
48    | 14,602,443.47   | 5          | 0         
49    | 14,418,470.83   | 5          | 0         
50    | 14,369,370.80   | 5          | 0         
51    | 14,368,362.65   | 5          | 0         
52    | 13,984,958.57   | 5          | 0         
53    | 13,984,852.35   | 5          | 0         
54    | 13,522,054.52   | 5          | 0         
55    | 13,479,851.86   | 5          | 0         
56    | 13,349,837.33   | 5          | 0         
57    | 13,224,926.05   | 5          | 0         
58    | 13,202,664.71   | 5          | 0         
59    | 13,115,461.83   | 5          | 0         
60    | 13,027,844.73   | 5          | 0         
61    | 12,844,364.40   | 5          | 0         
62    | 12,844,280.37   | 5          | 0         
63    | 12,748,936.09   | 5          | 0         
64    | 12,680,064.94   | 5          | 0         
65    | 12,561,006.50   | 5          | 0         
66    | 12,463,232.61   | 5          | 0         
67    | 12,462,776.09   | 5          | 0         
68    | 12,455,740.43   | 5          | 0         
69    | 12,387,039.21   | 5          | 0         
70    | 12,367,356.28   | 5          | 0         
71    | 12,093,003.57   | 5          | 0         
72    | 12,092,454.91   | 5          | 0         
73    | 12,032,428.71   | 5          | 0         
74    | 12,027,550.00   | 5          | 0         
75    | 11,927,257.79   | 5          | 0         
76    | 11,897,855.79   | 5          | 0         
77    | 11,814,191.41   | 5          | 0         
78    | 11,813,699.68   | 5          | 0         
79    | 11,747,408.45   | 5          | 0         
80    | 11,734,495.77   | 5          | 0         
81    | 11,634,483.71   | 5          | 0         
82    | 11,629,124.68   | 3          | 0         
83    | 11,628,758.58   | 5          | 0         
84    | 10,799,084.05   | 5          | 0         
85    | 10,779,202.15   | 5          | 0         
86    | 10,778,077.20   | 5          | 0         
87    | 10,777,131.28   | 5          | 0         
88    | 10,776,607.16   | 5          | 0         
89    | 10,773,670.32   | 5          | 0         
90    | 10,769,015.36   | 5          | 0         
91    | 10,768,674.91   | 5          | 0         
92    | 10,768,637.28   | 5          | 0         
93    | 10,677,010.50   | 5          | 0         
94    | 10,489,201.34   | 5          | 0         
95    | 10,485,112.39   | 5          | 0         
96    | 10,418,897.11   | 5          | 0         
97    | 10,244,029.31   | 5          | 0         
98    | 10,234,238.77   | 5          | 0         
99    | 10,208,967.22   | 5          | 0         
100   | 10,092,233.50   | 5          | 0         
101   | 10,091,936.60   | 5          | 0         
102   | 9,943,424.25    | 5          | 0         
103   | 9,942,942.15    | 5          | 0         
104   | 9,940,280.29    | 5          | 0         
105   | 9,939,889.65    | 5          | 0         
106   | 9,939,717.23    | 5          | 0         
107   | 9,860,143.96    | 4          | 0         
108   | 9,830,828.10    | 5          | 0         
109   | 9,799,454.31    | 5          | 0         
110   | 9,797,353.24    | 5          | 0         
111   | 9,779,367.25    | 5          | 0         
112   | 9,755,395.94    | 5          | 0         
113   | 9,732,498.51    | 5          | 0         
114   | 9,731,508.69    | 5          | 0         
115   | 9,723,993.03    | 5          | 0         
116   | 9,722,826.52    | 5          | 0         
117   | 9,709,192.75    | 5          | 0         
118   | 9,689,447.01    | 5          | 0         
119   | 9,685,558.93    | 5          | 0         
120   | 9,668,383.10    | 5          | 0         
121   | 9,661,995.87    | 5          | 0         
122   | 9,642,598.25    | 5          | 0         
123   | 9,561,968.15    | 5          | 0         
124   | 9,561,759.18    | 5          | 0         
125   | 9,556,702.71    | 3          | 0         
126   | 9,556,657.88    | 5          | 0         
127   | 9,554,354.26    | 5          | 0         
128   | 9,545,953.69    | 5          | 0         
129   | 9,535,988.81    | 5          | 0         
130   | 9,535,624.47    | 4          | 0         
131   | 9,535,217.09    | 5          | 0         
132   | 9,450,871.78    | 5          | 0         
133   | 9,450,769.66    | 5          | 0         
134   | 9,450,636.31    | 5          | 0         
135   | 9,449,810.73    | 5          | 0         
136   | 9,449,071.02    | 5          | 0         
137   | 9,445,076.90    | 5          | 0         
138   | 9,444,575.56    | 5          | 0         
139   | 9,430,779.43    | 2          | 0         
140   | 9,430,736.57    | 5          | 0         
141   | 9,430,613.19    | 5          | 0         
142   | 9,410,670.55    | 5          | 0         
143   | 9,401,782.24    | 5          | 0         
144   | 9,401,579.14    | 5          | 0         
145   | 9,401,138.85    | 5          | 0         
146   | 9,371,744.48    | 5          | 0         
147   | 9,355,382.51    | 5          | 0         
148   | 9,350,037.37    | 5          | 0         
149   | 9,350,035.99    | 5          | 0         
150   | 9,341,328.94    | 5          | 0         
151   | 9,340,608.57    | 4          | 0         
152   | 9,340,437.14    | 5          | 0         
153   | 9,339,597.14    | 5          | 0         
154   | 9,338,751.43    | 5          | 0         
155   | 9,335,460.90    | 5          | 0         
156   | 9,334,932.12    | 5          | 0         
157   | 9,327,932.82    | 5          | 0         
158   | 9,327,822.24    | 5          | 0         
159   | 9,226,709.87    | 5          | 0         
160   | 9,184,310.77    | 5          | 0         
161   | 9,180,966.52    | 5          | 0         
162   | 9,180,703.28    | 5          | 0         
163   | 9,180,524.83    | 5          | 0         
164   | 9,180,216.69    | 5          | 0         
165   | 9,173,468.93    | 5          | 0         
166   | 9,173,292.39    | 5          | 0         
167   | 9,173,209.12    | 5          | 0         
168   | 9,172,959.67    | 5          | 0         
169   | 9,172,617.29    | 5          | 0         
170   | 9,172,542.43    | 5          | 0         
171   | 9,172,514.81    | 5          | 0         
172   | 9,172,380.06    | 5          | 0         
173   | 9,172,378.81    | 5          | 0         
174   | 9,172,357.72    | 5          | 0         
175   | 9,145,314.07    | 5          | 0         
176   | 9,145,062.05    | 5          | 0         
177   | 9,141,350.00    | 5          | 0         
178   | 9,141,311.45    | 5          | 0         
179   | 9,141,290.12    | 5          | 0         
180   | 9,138,469.81    | 5          | 0         
181   | 9,137,250.93    | 5          | 0         
182   | 9,137,137.77    | 5          | 0         
183   | 9,136,869.31    | 5          | 0         
184   | 9,136,591.24    | 5          | 0         
185   | 9,136,283.14    | 5          | 0         
186   | 9,134,250.88    | 5          | 0         
187   | 9,131,369.68    | 5          | 0         
188   | 9,080,026.58    | 5          | 0         
189   | 9,079,350.85    | 5          | 0         
190   | 9,049,831.79    | 5          | 0         
191   | 9,049,209.87    | 5          | 0         
192   | 8,996,657.92    | 4          | 0         
193   | 8,996,569.46    | 5          | 0         
194   | 8,996,505.74    | 5          | 0         
195   | 8,996,250.52    | 5          | 0         
196   | 8,944,522.73    | 5          | 0         
197   | 8,939,811.65    | 4          | 0         
198   | 8,939,811.65    | 5          | 0         
199   | 8,939,289.22    | 5          | 0         
200   | 8,939,070.86    | 2          | 0         
201   | 8,939,070.86    | 4          | 0         
202   | 8,939,066.53    | 5          | 0         
203   | 8,938,823.76    | 2          | 0         
204   | 8,938,823.76    | 5          | 0         
205   | 8,938,490.15    | 5          | 0         
206   | 8,938,244.91    | 5          | 0         
207   | 8,938,173.95    | 5          | 0         
208   | 8,938,002.42    | 5          | 0         
209   | 8,937,989.03    | 1          | 0         
210   | 8,937,989.03    | 5          | 0         
211   | 8,937,694.02    | 5          | 0         
212   | 8,878,219.47    | 5          | 0         
213   | 8,877,775.95    | 5          | 0         
214   | 8,869,103.67    | 5          | 0         
215   | 8,791,991.66    | 5          | 0         
216   | 8,791,825.26    | 4          | 0         
217   | 8,791,825.26    | 5          | 0         
218   | 8,791,762.99    | 5          | 0         
219   | 8,791,303.59    | 5          | 0         
220   | 8,791,057.51    | 5          | 0         
221   | 8,790,389.59    | 5          | 0         
222   | 8,790,349.81    | 3          | 0         
223   | 8,790,174.17    | 3          | 0         
224   | 8,790,049.64    | 5          | 0         
225   | 8,789,903.17    | 5          | 0         
226   | 8,789,903.17    | 5          | 0         
227   | 8,789,882.27    | 5          | 0         
228   | 8,789,720.19    | 5          | 0         
229   | 8,746,576.72    | 5          | 0         
230   | 8,746,486.69    | 3          | 0         
231   | 8,746,338.84    | 5          | 0         
232   | 8,746,321.84    | 5          | 0         
233   | 8,746,251.57    | 5          | 0         
234   | 8,746,207.68    | 1          | 0         
235   | 8,746,202.91    | 5          | 0         
236   | 8,746,187.56    | 5          | 0         
237   | 8,745,983.33    | 5          | 0         
238   | 8,745,983.33    | 5          | 0         
239   | 8,745,927.78    | 5          | 0         
240   | 8,745,872.22    | 1          | 0         
241   | 8,745,749.01    | 5          | 0         
242   | 8,745,483.33    | 5          | 0         
243   | 8,745,188.89    | 5          | 0         
244   | 8,745,172.22    | 5          | 0         
245   | 8,745,083.33    | 5          | 0         
246   | 8,745,011.11    | 5          | 0         
247   | 8,700,644.36    | 5          | 0         
248   | 8,700,583.30    | 5          | 0         
249   | 8,697,699.64    | 5          | 0         
250   | 8,697,609.30    | 3          | 0         
251   | 8,696,033.50    | 5          | 0         
252   | 8,693,851.98    | 5          | 0         
253   | 8,693,757.56    | 5          | 0         
254   | 8,687,167.30    | 5          | 0         
255   | 8,687,045.01    | 2          | 0         
256   | 8,687,045.01    | 5          | 0         
257   | 8,686,703.12    | 5          | 0         
258   | 8,686,532.58    | 5          | 0         
259   | 8,686,531.20    | 5          | 0         
260   | 8,686,531.20    | 1          | 0         
261   | 8,686,531.20    | 5          | 0         
262   | 8,686,381.42    | 5          | 0         
263   | 8,686,276.16    | 5          | 0         
264   | 8,686,200.58    | 5          | 0         
265   | 8,686,141.70    | 5          | 0         
266   | 8,685,994.69    | 4          | 0         
267   | 8,685,994.68    | 5          | 0         
268   | 8,685,988.93    | 5          | 0         
269   | 8,685,867.92    | 5          | 0         
270   | 8,426,514.80    | 3          | 0         
271   | 8,426,461.18    | 5          | 0         
272   | 8,426,244.33    | 4          | 0         
273   | 8,426,102.94    | 0          | 5         
274   | 7,172,068.41    | 5          | 0         
275   | 7,152,179.31    | 2          | 0         
276   | 7,152,045.18    | 5          | 0         
277   | 7,057,907.62    | 5          | 0         
278   | 7,057,724.14    | 5          | 0         
279   | 7,028,554.70    | 5          | 0         
280   | 7,028,404.45    | 5          | 0         
281   | 7,028,181.49    | 5          | 0         
282   | 7,027,946.64    | 5          | 0         
283   | 7,027,442.67    | 5          | 0         
284   | 7,020,524.20    | 4          | 0         
285   | 7,020,520.01    | 5          | 0         
286   | 7,017,255.84    | 5          | 0         
287   | 7,015,975.11    | 5          | 0         
288   | 6,974,604.05    | 5          | 0         
289   | 6,974,548.08    | 5          | 0         
290   | 6,973,979.95    | 5          | 0         
291   | 6,759,341.81    | 5          | 0         
292   | 6,747,985.14    | 3          | 0         
293   | 6,582,665.09    | 5          | 0         
294   | 6,545,360.78    | 5          | 0         
295   | 6,543,729.36    | 5          | 0         
296   | 6,542,017.93    | 5          | 0         
297   | 6,474,418.01    | 4          | 0         
298   | 6,474,401.28    | 5          | 0         
299   | 6,431,456.01    | 5          | 0         
300   | 6,431,456.01    | 5          | 0         
301   | 6,431,039.83    | 5          | 0         
302   | 6,429,907.33    | 1          | 0         
303   | 6,429,907.33    | 4          | 0         
304   | 6,429,907.33    | 2          | 0         
305   | 6,429,665.70    | 5          | 0         
306   | 6,414,570.29    | 5          | 0         
307   | 6,414,368.22    | 5          | 0         
308   | 6,414,353.03    | 4          | 0         
309   | 6,413,934.99    | 5          | 0         
310   | 6,333,446.26    | 5          | 0         
311   | 6,330,028.58    | 5          | 0         
312   | 6,329,531.74    | 5          | 0         
313   | 6,320,511.19    | 5          | 0         
314   | 6,320,486.99    | 5          | 0         
315   | 6,320,401.07    | 5          | 0         
316   | 6,320,331.51    | 2          | 0         
317   | 6,320,331.51    | 5          | 0         
318   | 6,318,830.87    | 5          | 0         
319   | 6,318,099.83    | 5          | 0         
320   | 6,318,099.83    | 3          | 0         
321   | 6,296,150.84    | 2          | 0         
322   | 6,237,131.59    | 5          | 0         
323   | 6,236,686.24    | 3          | 0         
324   | 6,236,633.32    | 5          | 0         
325   | 6,181,778.19    | 5          | 0         
326   | 6,181,668.04    | 3          | 0         
327   | 6,181,631.45    | 5          | 0         
328   | 6,181,510.29    | 3          | 0         
329   | 6,181,497.93    | 5          | 0         
330   | 6,181,352.29    | 5          | 0         
331   | 6,181,305.49    | 1          | 0         
332   | 6,181,305.49    | 5          | 0         
333   | 6,180,978.64    | 5          | 0         
334   | 6,180,459.80    | 4          | 0         
335   | 6,180,455.88    | 5          | 0         
336   | 6,180,412.26    | 0          | 5         
337   | 5,789,550.59    | 5          | 0         
338   | 5,784,937.26    | 5          | 0         
339   | 5,784,937.26    | 5          | 0         
340   | 5,784,651.87    | 5          | 0         
341   | 5,727,047.55    | 5          | 0         
342   | 5,722,557.95    | 5          | 0         
343   | 5,721,910.10    | 5          | 0         
344   | 5,720,271.11    | 4          | 0         
345   | 5,720,206.79    | 5          | 0         
346   | 5,720,066.30    | 4          | 0         
347   | 5,719,793.69    | 4          | 0         
348   | 5,709,690.43    | 5          | 0         
349   | 5,670,529.82    | 5          | 0         
350   | 5,670,354.01    | 5          | 0         
351   | 5,670,239.39    | 4          | 0         
352   | 5,670,237.78    | 5          | 0         
353   | 5,664,960.00    | 4          | 0         
354   | 5,660,875.20    | 5          | 0         
355   | 5,660,588.53    | 5          | 0         
356   | 5,579,669.29    | 5          | 0         
357   | 5,493,996.27    | 5          | 0         
358   | 5,493,952.38    | 4          | 0         
359   | 5,493,807.12    | 3          | 0         
360   | 5,493,807.12    | 5          | 0         
361   | 5,493,807.12    | 4          | 0         
362   | 5,493,807.12    | 5          | 0         
363   | 5,418,660.58    | 5          | 0         
364   | 5,404,752.76    | 2          | 0         
365   | 5,404,705.86    | 5          | 0         
366   | 5,404,705.02    | 4          | 0         
367   | 5,404,705.02    | 0          | 5         
368   | 5,020,310.87    | 5          | 0         
369   | 5,020,285.37    | 5          | 0         
370   | 5,020,283.42    | 0          | 5         
371   | 4,525,562.84    | 5          | 0         
372   | 4,525,562.84    | 5          | 0         
373   | 4,525,517.22    | 4          | 0         
374   | 4,523,611.02    | 2          | 0         
375   | 4,523,611.02    | 5          | 0         
376   | 4,523,611.02    | 5          | 0         
377   | 4,523,338.85    | 1          | 0         
378   | 4,523,338.85    | 5          | 0         
379   | 4,523,028.16    | 3          | 0         
380   | 4,522,994.65    | 4          | 0         
381   | 4,522,978.55    | 1          | 0         
382   | 4,522,634.07    | 1          | 0         
383   | 4,522,634.07    | 2          | 0         
384   | 4,522,532.02    | 5          | 0         
385   | 4,522,480.11    | 5          | 0         
386   | 4,519,733.44    | 5          | 0         
387   | 4,519,722.19    | 1          | 0         
388   | 4,519,722.19    | 2          | 0         
389   | 4,519,722.19    | 0          | 5         
390   | 4,379,461.37    | 5          | 0         
391   | 4,379,388.41    | 5          | 0         
392   | 4,379,388.41    | 5          | 0         
393   | 4,379,228.17    | 5          | 0         
394   | 4,379,154.65    | 5          | 0         
395   | 4,379,133.73    | 5          | 0         
396   | 4,378,737.25    | 4          | 0         
397   | 4,378,730.61    | 5          | 0         
398   | 4,361,607.21    | 5          | 0         
399   | 4,361,595.42    | 0          | 5         
400   | 4,082,230.67    | 5          | 0         
401   | 4,073,613.01    | 3          | 0         
402   | 4,073,559.77    | 1          | 0         
403   | 4,073,559.77    | 5          | 0         
404   | 4,073,434.23    | 5          | 0         
405   | 4,073,373.38    | 2          | 0         
406   | 4,073,373.38    | 5          | 0         
407   | 4,073,304.22    | 5          | 0         
408   | 4,073,269.86    | 3          | 0         
409   | 4,073,269.86    | 0          | 5         
410   | 3,877,402.09    | 5          | 0         
411   | 3,877,274.36    | 5          | 0         
412   | 3,864,884.04    | 4          | 0         
413   | 3,864,797.82    | 5          | 0         
414   | 3,864,769.21    | 4          | 0         
415   | 3,864,732.69    | 5          | 0         
416   | 3,864,732.60    | 5          | 0         
417   | 3,864,732.60    | 5          | 0         
418   | 3,864,701.16    | 5          | 0         
419   | 3,864,701.16    | 5          | 0         
420   | 3,864,657.59    | 5          | 0         
421   | 3,864,594.62    | 3          | 0         
422   | 3,864,594.62    | 5          | 0         
423   | 3,864,572.61    | 3          | 0         
424   | 3,864,497.80    | 3          | 0         
425   | 3,864,497.81    | 2          | 0         
426   | 3,864,497.81    | 5          | 0         
427   | 3,864,480.30    | 5          | 0         
428   | 3,864,480.30    | 0          | 5         
429   | 3,695,862.91    | 5          | 0         
430   | 3,695,859.63    | 5          | 0         
431   | 3,695,843.17    | 5          | 0         
432   | 3,695,809.30    | 2          | 0         
433   | 3,695,809.30    | 5          | 0         
434   | 3,695,809.30    | 5          | 0         
435   | 3,695,809.30    | 5          | 0         
436   | 3,695,765.95    | 1          | 5         
437   | 3,581,336.35    | 2          | 0         
438   | 3,580,624.03    | 5          | 0         
439   | 3,526,641.22    | 2          | 0         
440   | 3,526,519.77    | 5          | 0         
441   | 3,526,514.27    | 3          | 0         
442   | 3,526,337.14    | 3          | 0         
443   | 3,526,337.14    | 1          | 0         
444   | 3,526,337.14    | 3          | 0         
445   | 3,526,337.14    | 5          | 0         
446   | 3,481,211.76    | 1          | 0         
447   | 3,481,211.76    | 0          | 5         
448   | 3,405,770.94    | 5          | 0         
449   | 3,394,237.38    | 5          | 0         
450   | 3,384,625.68    | 5          | 0         
451   | 3,370,690.29    | 4          | 0         
452   | 3,370,616.28    | 0          | 5         
453   | 3,327,003.17    | 5          | 0         
454   | 3,326,891.93    | 0          | 5         
455   | 3,272,499.31    | 4          | 0         
456   | 3,272,319.23    | 4          | 0         
457   | 3,272,319.23    | 4          | 0         
458   | 3,272,319.23    | 5          | 0         
459   | 3,272,265.39    | 5          | 0         
460   | 3,254,176.73    | 0          | 5         
461   | 3,164,304.41    | 4          | 0         
462   | 3,164,304.41    | 5          | 0         
463   | 3,164,282.41    | 2          | 0         
464   | 3,164,282.41    | 2          | 0         
465   | 3,164,282.41    | 5          | 0         
466   | 3,164,282.41    | 4          | 0         
467   | 3,164,282.41    | 5          | 0         
468   | 3,164,223.85    | 3          | 0         
469   | 3,164,223.85    | 3          | 0         
470   | 3,164,223.85    | 4          | 0         
471   | 3,163,870.96    | 1          | 0         
472   | 3,163,870.96    | 4          | 0         
473   | 3,163,870.96    | 0          | 5         
474   | 3,076,319.02    | 5          | 0         
475   | 3,074,168.81    | 3          | 0         
476   | 3,074,168.81    | 5          | 0         
477   | 3,074,062.91    | 5          | 0         
478   | 3,074,062.91    | 5          | 0         
479   | 3,074,060.86    | 2          | 0         
480   | 3,074,060.86    | 3          | 0         
481   | 3,074,060.86    | 5          | 0         
482   | 3,074,060.86    | 5          | 0         
483   | 3,074,036.21    | 3          | 0         
484   | 3,074,036.21    | 2          | 0         
485   | 3,074,036.21    | 5          | 0         
486   | 3,074,036.21    | 1          | 0         
487   | 3,074,036.21    | 5          | 0         
488   | 3,074,036.21    | 1          | 0         
489   | 3,074,036.21    | 4          | 0         
490   | 3,074,036.21    | 1          | 0         
491   | 3,074,036.21    | 5          | 0         
492   | 3,073,528.76    | 4          | 0         
493   | 3,073,449.49    | 5          | 0         
494   | 3,073,449.49    | 5          | 0         
495   | 3,073,449.49    | 5          | 0         
496   | 3,073,401.84    | 3          | 0         
497   | 3,073,401.84    | 3          | 0         
498   | 3,073,401.84    | 5          | 0         
499   | 3,073,401.84    | 5          | 0         
500   | 3,073,401.84    | 5          | 0         
501   | 3,073,401.84    | 4          | 0         
502   | 3,073,352.16    | 1          | 0         
503   | 3,073,352.16    | 2          | 0         
504   | 3,073,350.12    | 5          | 0         
505   | 3,073,350.12    | 5          | 0         
506   | 3,073,350.12    | 5          | 0         
507   | 3,073,350.12    | 5          | 0         
508   | 3,073,350.12    | 5          | 0         
509   | 3,073,350.12    | 0          | 5         
510   | 3,029,558.11    | 5          | 0         
511   | 3,029,558.11    | 5          | 0         
512   | 3,029,545.15    | 5          | 0         
513   | 3,029,545.15    | 2          | 0         
514   | 3,029,545.15    | 5          | 0         
515   | 3,029,545.15    | 5          | 0         
516   | 3,029,545.15    | 5          | 0         
517   | 3,023,244.95    | 5          | 0         
518   | 3,022,574.17    | 5          | 0         
519   | 3,022,574.17    | 4          | 0         
520   | 3,019,515.59    | 5          | 0         
521   | 3,015,165.50    | 5          | 0         
522   | 3,015,165.50    | 5          | 0         
523   | 3,015,146.51    | 3          | 0         
524   | 3,015,066.25    | 3          | 0         
525   | 3,015,066.25    | 2          | 0         
526   | 3,015,066.25    | 5          | 0         
527   | 3,014,991.15    | 1          | 0         
528   | 3,014,991.15    | 5          | 0         
529   | 3,014,376.02    | 5          | 0         
530   | 3,014,376.02    | 5          | 0         
531   | 3,014,376.02    | 4          | 0         
532   | 3,014,376.02    | 2          | 0         
533   | 3,014,376.02    | 5          | 0         
534   | 3,014,357.48    | 1          | 0         
535   | 3,014,357.48    | 2          | 0         
536   | 3,014,342.16    | 0          | 5         
537   | 2,977,353.14    | 0          | 5         
538   | 2,933,037.35    | 2          | 0         
539   | 2,933,037.35    | 5          | 0         
540   | 2,933,037.36    | 5          | 0         
541   | 2,933,037.35    | 5          | 0         
542   | 2,932,759.36    | 5          | 0         
543   | 2,932,759.36    | 3          | 0         
544   | 2,932,759.36    | 5          | 0         
545   | 2,932,759.36    | 5          | 0         
546   | 2,932,759.36    | 5          | 0         
547   | 2,932,759.36    | 1          | 0         
548   | 2,932,759.36    | 2          | 0         
549   | 2,932,759.36    | 5          | 0         
550   | 2,932,759.36    | 5          | 0         
551   | 2,932,759.36    | 1          | 0         
552   | 2,932,759.36    | 0          | 5         
553   | 2,926,583.84    | 0          | 5         
554   | 2,831,092.77    | 5          | 0         
555   | 2,831,092.77    | 2          | 0         
556   | 2,831,092.77    | 5          | 0         
557   | 2,831,080.83    | 0          | 5         
558   | 2,769,034.48    | 4          | 0         
559   | 2,769,034.48    | 4          | 0         
560   | 2,769,034.48    | 3          | 0         
561   | 2,769,034.48    | 5          | 0         
562   | 2,769,034.48    | 0          | 5         
563   | 2,762,869.22    | 4          | 0         
564   | 2,762,737.75    | 5          | 0         
565   | 2,762,655.45    | 5          | 0         
566   | 2,762,655.45    | 3          | 0         
567   | 2,762,655.45    | 5          | 0         
568   | 2,762,653.49    | 4          | 0         
569   | 2,762,653.49    | 4          | 0         
570   | 2,762,653.49    | 1          | 0         
571   | 2,762,653.49    | 4          | 0         
572   | 2,762,651.98    | 5          | 0         
573   | 2,762,651.98    | 3          | 0         
574   | 2,762,651.98    | 5          | 0         
575   | 2,762,524.54    | 2          | 0         
576   | 2,762,524.54    | 2          | 0         
577   | 2,762,524.54    | 1          | 0         
578   | 2,762,520.17    | 2          | 0         
579   | 2,762,474.22    | 5          | 0         
580   | 2,762,459.10    | 5          | 0         
581   | 2,762,459.10    | 0          | 5         
582   | 2,747,388.52    | 5          | 0         
583   | 2,747,388.52    | 5          | 0         
584   | 2,723,474.28    | 0          | 5         
585   | 2,694,915.58    | 1          | 0         
586   | 2,694,915.58    | 0          | 5         
587   | 2,666,033.88    | 3          | 0         
588   | 2,666,009.38    | 5          | 0         
589   | 2,666,008.04    | 1          | 0         
590   | 2,666,008.04    | 2          | 0         
591   | 2,665,956.91    | 2          | 0         
592   | 2,665,956.91    | 0          | 5         
593   | 2,623,602.18    | 3          | 0         
594   | 2,622,521.81    | 3          | 0         
595   | 2,622,515.57    | 2          | 0         
596   | 2,622,498.19    | 1          | 0         
597   | 2,622,498.19    | 2          | 0         
598   | 2,622,498.19    | 5          | 0         
599   | 2,622,430.96    | 5          | 0         
600   | 2,622,430.96    | 3          | 0         
601   | 2,622,430.96    | 5          | 0         
602   | 2,612,809.15    | 3          | 0         
603   | 2,612,809.15    | 2          | 0         
604   | 2,612,808.58    | 5          | 0         
605   | 2,612,808.58    | 5          | 0         
606   | 2,612,790.63    | 5          | 0         
607   | 2,612,790.63    | 5          | 0         
608   | 2,612,790.63    | 3          | 0         
609   | 2,611,792.04    | 5          | 0         
610   | 2,611,716.86    | 0          | 5         
611   | 2,578,240.94    | 5          | 0         
612   | 2,578,240.94    | 5          | 0         
613   | 2,578,232.03    | 5          | 0         
614   | 2,577,497.48    | 5          | 0         
615   | 2,577,456.36    | 5          | 0         
616   | 2,577,366.23    | 3          | 0         
617   | 2,577,366.23    | 0          | 5         
618   | 2,541,273.77    | 5          | 0         
619   | 2,536,668.91    | 1          | 0         
620   | 2,536,575.32    | 0          | 5         
621   | 2,519,972.22    | 2          | 0         
622   | 2,519,972.22    | 3          | 0         
623   | 2,519,972.22    | 2          | 0         
624   | 2,519,972.22    | 3          | 0         
625   | 2,519,972.22    | 3          | 0         
626   | 2,515,071.25    | 5          | 0         
627   | 2,507,871.96    | 2          | 0         
628   | 2,507,871.96    | 5          | 0         
629   | 2,507,871.96    | 5          | 0         
630   | 2,507,844.35    | 2          | 0         
631   | 2,507,844.35    | 5          | 0         
632   | 2,507,844.35    | 2          | 0         
633   | 2,507,844.35    | 3          | 0         
634   | 2,507,844.35    | 5          | 0         
635   | 2,507,844.35    | 4          | 0         
636   | 2,507,844.35    | 2          | 0         
637   | 2,507,844.35    | 4          | 0         
638   | 2,507,844.35    | 5          | 0         
639   | 2,507,844.35    | 3          | 0         
640   | 2,507,844.35    | 1          | 0         
641   | 2,507,844.35    | 1          | 0         
642   | 2,507,844.35    | 2          | 0         
643   | 2,507,844.35    | 2          | 0         
644   | 2,507,844.35    | 2          | 0         
645   | 2,507,844.35    | 2          | 0         
646   | 2,507,844.35    | 2          | 0         
647   | 2,506,434.68    | 5          | 0         
648   | 2,506,399.07    | 0          | 5         
649   | 2,487,958.48    | 2          | 0         
650   | 2,487,958.48    | 2          | 0         
651   | 2,476,656.91    | 5          | 0         
652   | 2,475,269.54    | 0          | 5         
653   | 2,470,993.65    | 5          | 0         
654   | 2,470,832.27    | 5          | 0         
655   | 2,470,826.82    | 5          | 0         
656   | 2,467,776.23    | 3          | 0         
657   | 2,467,776.23    | 3          | 0         
658   | 2,467,618.78    | 5          | 0         
659   | 2,467,618.79    | 3          | 0         
660   | 2,465,705.61    | 4          | 0         
661   | 2,465,703.61    | 2          | 0         
662   | 2,465,629.26    | 0          | 5         
663   | 2,456,575.52    | 5          | 0         
664   | 2,454,835.00    | 5          | 0         
665   | 2,454,835.00    | 5          | 0         
666   | 2,454,835.00    | 1          | 0         
667   | 2,454,835.00    | 5          | 0         
668   | 2,454,835.00    | 4          | 0         
669   | 2,454,835.00    | 5          | 0         
670   | 2,454,589.03    | 2          | 0         
671   | 2,454,589.03    | 1          | 0         
672   | 2,454,589.03    | 5          | 0         
673   | 2,423,391.44    | 4          | 0         
674   | 2,423,391.44    | 4          | 0         
675   | 2,423,391.44    | 5          | 0         
676   | 2,423,391.44    | 3          | 0         
677   | 2,423,391.44    | 4          | 0         
678   | 2,423,391.44    | 5          | 0         
679   | 2,423,391.44    | 5          | 0         
680   | 2,422,969.20    | 3          | 0         
681   | 2,422,969.20    | 5          | 0         
682   | 2,422,969.20    | 2          | 0         
683   | 2,422,969.20    | 4          | 0         
684   | 2,422,969.20    | 1          | 0         
685   | 2,422,969.20    | 5          | 0         
686   | 2,422,969.20    | 5          | 0         
687   | 2,422,969.20    | 5          | 0         
688   | 2,422,969.20    | 2          | 0         
689   | 2,422,969.20    | 5          | 0         
690   | 2,422,969.20    | 5          | 0         
691   | 2,420,036.42    | 0          | 5         
692   | 2,417,422.11    | 0          | 5         
693   | 2,412,887.58    | 5          | 0         
694   | 2,412,886.70    | 5          | 0         
695   | 2,412,886.70    | 2          | 0         
696   | 2,412,886.70    | 4          | 0         
697   | 2,412,886.70    | 5          | 0         
698   | 2,412,886.70    | 5          | 0         
699   | 2,412,886.70    | 4          | 0         
700   | 2,412,886.70    | 2          | 0         
701   | 2,412,886.70    | 5          | 0         
702   | 2,412,886.70    | 5          | 0         
703   | 2,412,786.89    | 1          | 0         
704   | 2,412,786.89    | 5          | 0         
705   | 2,412,786.89    | 1          | 0         
706   | 2,412,786.89    | 1          | 0         
707   | 2,412,786.89    | 2          | 0         
708   | 2,409,736.48    | 5          | 0         
709   | 2,403,439.10    | 5          | 0         
710   | 2,403,439.10    | 2          | 0         
711   | 2,403,439.10    | 5          | 0         
712   | 2,403,194.30    | 2          | 0         
713   | 2,403,194.30    | 0          | 5         
714   | 2,403,194.30    | 0          | 5         
715   | 2,402,618.83    | 5          | 0         
716   | 2,402,618.83    | 3          | 0         
717   | 2,402,618.83    | 5          | 0         
718   | 2,402,618.83    | 4          | 0         
719   | 2,402,618.83    | 2          | 0         
720   | 2,402,618.83    | 2          | 0         
721   | 2,402,618.83    | 3          | 0         
722   | 2,399,032.73    | 5          | 0         
723   | 2,399,032.73    | 5          | 0         
724   | 2,399,032.73    | 5          | 0         
725   | 2,398,124.39    | 0          | 5         
726   | 2,398,124.39    | 1          | 0         
727   | 2,398,124.39    | 0          | 5         
728   | 2,398,124.39    | 2          | 0         
729   | 2,397,002.07    | 3          | 0         
730   | 2,397,002.07    | 4          | 0         
731   | 2,396,466.14    | 4          | 0         
732   | 2,396,466.14    | 4          | 0         
733   | 2,396,466.14    | 5          | 0         
734   | 2,396,466.14    | 5          | 0         
735   | 2,396,466.14    | 2          | 0         
736   | 2,396,466.14    | 5          | 0         
737   | 2,396,466.14    | 5          | 0         
738   | 2,396,466.14    | 5          | 0         
739   | 2,396,466.14    | 1          | 0         
740   | 2,396,466.14    | 0          | 5         
741   | 2,391,510.42    | 0          | 5         
742   | 2,371,411.54    | 3          | 0         
743   | 2,371,411.54    | 3          | 0         
744   | 2,371,411.54    | 3          | 0         
745   | 2,371,411.54    | 1          | 0         
746   | 2,371,411.54    | 2          | 0         
747   | 2,371,411.54    | 5          | 0         
748   | 2,371,411.54    | 4          | 0         
749   | 2,371,411.54    | 5          | 0         
750   | 2,371,317.84    | 1          | 0         
751   | 2,371,317.83    | 4          | 0         
752   | 2,371,317.83    | 2          | 0         
753   | 2,371,317.84    | 2          | 0         
754   | 2,371,317.84    | 0          | 5         
755   | 2,370,762.58    | 2          | 0         
756   | 2,370,762.58    | 5          | 0         
757   | 2,370,689.91    | 0          | 5         
758   | 2,370,639.86    | 3          | 0         
759   | 2,370,639.86    | 4          | 0         
760   | 2,370,639.86    | 1          | 0         
761   | 2,370,639.86    | 2          | 0         
762   | 2,370,639.86    | 2          | 0         
763   | 2,370,639.86    | 2          | 0         
764   | 2,370,639.86    | 5          | 0         
765   | 2,370,639.86    | 2          | 0         
766   | 2,370,639.86    | 5          | 0         
767   | 2,370,639.86    | 4          | 0         
768   | 2,370,639.86    | 2          | 0         
769   | 2,370,639.86    | 3          | 0         
770   | 2,370,639.86    | 5          | 0         
771   | 2,370,639.86    | 3          | 0         
772   | 2,370,639.86    | 5          | 0         
773   | 2,370,639.86    | 2          | 0         
774   | 2,370,639.86    | 4          | 0         
775   | 2,370,639.86    | 1          | 0         
776   | 2,370,639.86    | 1          | 0         
777   | 2,370,639.86    | 0          | 5         
778   | 2,370,407.61    | 3          | 0         
779   | 2,370,347.13    | 2          | 0         
780   | 2,370,347.13    | 3          | 0         
781   | 2,370,093.30    | 0          | 5         
782   | 2,369,988.22    | 1          | 0         
783   | 2,369,988.22    | 0          | 5         
784   | 2,369,975.45    | 2          | 0         
785   | 2,369,975.45    | 2          | 0         
786   | 2,369,975.45    | 2          | 0         
787   | 2,369,975.45    | 5          | 0         
788   | 2,369,975.45    | 3          | 0         
789   | 2,369,975.45    | 5          | 0         
790   | 2,369,975.45    | 4          | 0         
791   | 2,369,975.45    | 4          | 0         
792   | 2,369,975.45    | 2          | 0         
793   | 2,369,975.45    | 3          | 0         
794   | 2,369,975.45    | 5          | 0         
795   | 2,369,975.45    | 0          | 5         
796   | 2,369,955.63    | 5          | 0         
797   | 2,369,939.50    | 2          | 0         
798   | 2,369,939.50    | 5          | 0         
799   | 2,369,939.50    | 2          | 0         
800   | 2,369,939.50    | 5          | 0         
801   | 2,369,939.50    | 0          | 5         
802   | 2,369,555.74    | 4          | 0         
803   | 2,369,555.74    | 4          | 0         
804   | 2,369,275.18    | 3          | 0         
805   | 2,369,275.18    | 4          | 0         
806   | 2,369,275.18    | 0          | 5         
807   | 2,369,275.18    | 5          | 0         
808   | 2,369,275.18    | 0          | 5         
809   | 2,369,258.95    | 3          | 0         
810   | 2,369,258.95    | 1          | 0         
811   | 2,369,258.95    | 0          | 5         
812   | 2,369,188.11    | 2          | 0         
813   | 2,369,188.11    | 0          | 5         
814   | 2,369,188.11    | 3          | 0         
815   | 2,369,188.11    | 0          | 5         
816   | 2,369,063.45    | 5          | 0         
817   | 2,369,045.77    | 2          | 0         
818   | 2,369,041.10    | 5          | 0         
819   | 2,369,039.21    | 1          | 0         
820   | 2,369,039.21    | 0          | 5         
821   | 2,368,856.41    | 4          | 0         
822   | 2,368,848.86    | 0          | 5         
823   | 2,368,848.86    | 5          | 0         
824   | 2,368,848.86    | 2          | 0         
825   | 2,368,848.86    | 0          | 5         
826   | 2,368,554.43    | 5          | 0         
827   | 2,368,554.43    | 5          | 0         
828   | 2,368,554.43    | 3          | 0         
829   | 2,368,554.43    | 5          | 0         
830   | 2,368,554.43    | 3          | 0         
831   | 2,368,554.43    | 2          | 0         
832   | 2,368,554.43    | 2          | 0         
833   | 2,368,554.43    | 3          | 0         
834   | 2,368,554.34    | 2          | 0         
835   | 2,368,554.34    | 4          | 0         
836   | 2,368,554.34    | 5          | 0         
837   | 2,368,554.34    | 4          | 0         
838   | 2,368,554.34    | 4          | 0         
839   | 2,368,554.34    | 3          | 0         
840   | 2,368,554.34    | 5          | 0         
841   | 2,368,402.54    | 5          | 0         
842   | 2,368,402.54    | 3          | 0         
843   | 2,368,402.54    | 4          | 0         
844   | 2,368,402.54    | 5          | 0         
845   | 2,368,275.70    | 0          | 5         
846   | 2,368,275.70    | 2          | 0         
847   | 2,368,190.68    | 1          | 0         
848   | 2,368,190.68    | 1          | 0         
849   | 2,368,190.68    | 2          | 0         
850   | 2,368,190.68    | 0          | 5         
851   | 2,368,190.68    | 0          | 5         
852   | 2,368,190.68    | 2          | 0         
853   | 2,368,190.68    | 2          | 0         
854   | 2,368,190.68    | 1          | 0         
855   | 2,368,190.68    | 3          | 0         
856   | 2,368,190.68    | 2          | 0         
857   | 2,368,121.42    | 0          | 5         
858   | 2,368,121.42    | 0          | 5         
859   | 2,368,121.42    | 0          | 5         
860   | 2,367,909.81    | 3          | 0         
861   | 2,367,909.81    | 1          | 0         
862   | 2,367,909.81    | 5          | 0         
863   | 2,367,909.81    | 4          | 0         
864   | 2,367,820.09    | 1          | 0         
865   | 2,367,820.09    | 0          | 5         
866   | 2,367,726.04    | 0          | 5         
867   | 2,367,511.75    | 5          | 0         
868   | 2,367,511.75    | 3          | 0         
869   | 2,367,511.75    | 2          | 0         
870   | 2,367,511.75    | 3          | 0         
871   | 2,367,511.75    | 0          | 5         
872   | 2,367,511.75    | 1          | 0         
873   | 2,367,511.75    | 0          | 5         
874   | 2,367,511.75    | 5          | 0         
875   | 2,367,511.75    | 0          | 5         
876   | 2,367,511.75    | 5          | 0         
877   | 2,367,399.57    | 3          | 0         
878   | 2,367,399.57    | 5          | 0         
879   | 2,367,399.57    | 2          | 0         
880   | 2,367,399.57    | 1          | 0         
881   | 2,367,399.57    | 0          | 5         
882   | 2,367,399.57    | 4          | 0         
883   | 2,367,399.57    | 0          | 5         
884   | 2,367,399.57    | 5          | 0         
885   | 2,367,399.57    | 2          | 0         
886   | 2,367,399.57    | 0          | 5         
887   | 2,367,399.57    | 0          | 5         
888   | 2,367,392.95    | 4          | 0         
889   | 2,367,392.95    | 5          | 0         
890   | 2,367,392.95    | 5          | 0         
891   | 2,367,392.95    | 1          | 0         
892   | 2,367,392.95    | 5          | 0         
893   | 2,367,392.95    | 5          | 0         
894   | 2,367,387.77    | 5          | 0         
895   | 2,367,387.77    | 5          | 0         
896   | 2,367,387.77    | 4          | 0         
897   | 2,367,387.77    | 4          | 0         
898   | 2,367,387.77    | 0          | 5         
899   | 2,367,387.77    | 1          | 0         
900   | 2,367,387.77    | 3          | 0         
901   | 2,367,387.77    | 0          | 5         
902   | 2,367,387.77    | 3          | 0         
903   | 2,367,387.77    | 0          | 5         
904   | 2,367,387.77    | 5          | 0         
905   | 2,367,387.77    | 2          | 0         
906   | 2,367,387.77    | 0          | 5         
907   | 2,367,387.77    | 5          | 0         
908   | 2,367,387.77    | 3          | 0         
909   | 2,367,387.77    | 5          | 0         
910   | 2,367,387.77    | 5          | 0         
911   | 2,367,387.77    | 1          | 0         
912   | 2,367,387.77    | 1          | 0         
913   | 2,367,387.77    | 5          | 0         
914   | 2,367,387.77    | 5          | 0         
915   | 2,367,387.77    | 5          | 0         
916   | 2,367,387.77    | 5          | 0         
917   | 2,367,387.77    | 0          | 5         
918   | 2,367,323.92    | 2          | 0         
919   | 2,367,323.92    | 5          | 0         
920   | 2,367,323.92    | 1          | 0         
921   | 2,367,323.92    | 5          | 0         
922   | 2,367,323.92    | 5          | 0         
923   | 2,367,323.92    | 4          | 0         
924   | 2,367,323.92    | 5          | 0         
925   | 2,367,323.92    | 5          | 0         
926   | 2,367,323.92    | 5          | 0         
927   | 2,367,323.92    | 5          | 0         
928   | 2,367,323.92    | 5          | 0         
929   | 2,367,323.92    | 0          | 5         
930   | 2,367,323.92    | 2          | 0         
931   | 2,367,323.92    | 1          | 0         
932   | 2,367,323.92    | 5          | 0         
933   | 2,367,323.92    | 3          | 0         
934   | 2,367,323.92    | 4          | 0         
935   | 2,367,323.92    | 5          | 0         
936   | 2,367,323.92    | 5          | 0         
937   | 2,367,323.92    | 5          | 0         
938   | 2,367,323.92    | 5          | 0         
939   | 2,367,323.92    | 5          | 0         
940   | 2,367,323.92    | 5          | 0         
941   | 2,367,323.92    | 3          | 0         
942   | 2,367,323.92    | 5          | 0         
943   | 2,367,323.92    | 5          | 0         
944   | 2,367,323.92    | 0          | 5         
945   | 2,367,323.92    | 4          | 0         
946   | 2,367,323.92    | 0          | 5         
947   | 2,367,323.92    | 5          | 0         
948   | 2,367,323.92    | 5          | 0         
949   | 2,367,261.19    | 4          | 0         
950   | 2,367,261.19    | 1          | 0         
951   | 2,367,261.19    | 0          | 5         
952   | 2,367,261.19    | 0          | 5         
953   | 2,367,094.88    | 4          | 0         
954   | 2,367,094.88    | 4          | 0         
955   | 2,367,094.88    | 2          | 0         
956   | 2,367,094.88    | 5          | 0         
957   | 2,367,094.88    | 2          | 0         
958   | 2,367,094.88    | 5          | 0         
959   | 2,367,094.88    | 5          | 0         
960   | 2,367,094.88    | 4          | 0         
961   | 2,367,026.03    | 5          | 0         
962   | 2,367,026.03    | 2          | 0         
963   | 2,367,026.03    | 3          | 0         
964   | 2,367,026.03    | 5          | 0         
965   | 2,367,026.03    | 4          | 0         
966   | 2,367,026.03    | 3          | 0         
967   | 2,367,026.03    | 1          | 0         
968   | 2,367,026.03    | 3          | 0         
969   | 2,367,026.03    | 5          | 0         
970   | 2,367,026.03    | 1          | 0         
971   | 2,367,026.03    | 4          | 0         
972   | 2,367,026.03    | 3          | 0         
973   | 2,367,026.03    | 5          | 0         
974   | 2,367,026.03    | 5          | 0         
975   | 2,367,026.03    | 5          | 0         
976   | 2,367,026.03    | 3          | 0         
977   | 2,367,026.03    | 2          | 0         
978   | 2,367,026.03    | 4          | 0         
979   | 2,367,026.03    | 5          | 0         
980   | 2,367,026.03    | 2          | 0         
981   | 2,367,026.03    | 0          | 5         
982   | 2,367,026.03    | 2          | 0         
983   | 2,367,026.03    | 5          | 0         
984   | 2,367,026.03    | 4          | 0         
985   | 2,367,026.03    | 5          | 0         
986   | 2,366,988.89    | 5          | 0         
987   | 2,366,988.89    | 1          | 0         
988   | 2,366,988.89    | 5          | 0         
989   | 2,366,988.89    | 4          | 0         
990   | 2,366,988.89    | 4          | 0         
991   | 2,366,988.89    | 0          | 5         
992   | 2,366,988.89    | 0          | 5         
993   | 2,366,988.89    | 1          | 0         
994   | 2,366,988.89    | 0          | 5         
995   | 2,366,988.89    | 0          | 5         
996   | 2,366,988.89    | 0          | 5         
997   | 2,366,988.89    | 0          | 5         
998   | 2,366,988.89    | 2          | 0         
999   | 2,366,988.89    | 2          | 0         
1000  | 2,366,988.89    | 1          | 0         
