==========================================================
 ANALYSIS REPORT: Week 26
==========================================================

0. Solver Configuration
-----------------------
  max_iter             : 1000
  time_limit           : 3600.0
  tol                  : 1e-08
  patience             : 100
  mip_rc_threshold     : 10000000000.0
  mip_gap              : 0.0001

1. Performance Metrics
----------------------
  Objective Value : 1,176,900.00
  RMP Relaxed Value (Root): 679,400.00
  Integrality Gap       : 73.2264 %
  MIP Best Bound (Final)  : 1,176,900.00
  Final MIP Gap           : 0.0000 %
  Execution Time  : 1290.8601 sec
  Iterations      : 624
  RMP Time  : 497.8347 s
  MIP Time  : 15.1829 s
  Pool Search Time: 705.0424 s
  Graph Search Time: 71.8839 s
  MIP Decision Variables: 2544 (Columns used in Final MIP)
  MIP Filtered Columns  : 0 (Removed before MIP)

2. Column Generation & Pool Statistics
--------------------------------------
  Total Columns Generated (History) : 54069
  Pool Hits (Reused from History)   : 1188
  Graph Gen (Newly Created)         : 1346
  Pool Hit Rate                     : 46.9%

3. Shift Pattern Diversity (Unique Patterns)
------------------------------------------
  Type: TypeA  | Unique Patterns: 9410 / Total Gen: 9410
       -> Avg Length of Unique Patterns: 47.5 hours
  Type: TypeB  | Unique Patterns: 16606 / Total Gen: 21560
       -> Avg Length of Unique Patterns: 36.8 hours
  Type: TypeC  | Unique Patterns: 17797 / Total Gen: 23094
       -> Avg Length of Unique Patterns: 25.4 hours

4. Final Schedule Assignment Breakdown
--------------------------------------
  Emp 0  (TypeA): 47 hours worked
  Emp 1  (TypeB): 36 hours worked
  Emp 2  (TypeB): 36 hours worked
  Emp 3  (TypeC): 26 hours worked
  Emp 4  (TypeC): 22 hours worked

5. Iteration History (Convergence Log)
--------------------------------------
Iter  | RMP Obj Value   | Pool Hits  | Graph Gen 
--------------------------------------------------
1     | 105,012,000.00  | 5          | 0         
2     | 74,060,900.00   | 5          | 0         
3     | 34,144,000.00   | 5          | 0         
4     | 22,177,000.00   | 5          | 0         
5     | 22,177,000.00   | 5          | 0         
6     | 13,709,250.00   | 5          | 0         
7     | 13,456,825.00   | 5          | 0         
8     | 12,206,350.00   | 5          | 0         
9     | 11,588,884.59   | 5          | 0         
10    | 11,035,983.33   | 5          | 0         
11    | 10,313,042.94   | 5          | 0         
12    | 9,761,767.65    | 5          | 0         
13    | 9,208,602.40    | 5          | 0         
14    | 8,892,372.41    | 5          | 0         
15    | 8,427,487.25    | 5          | 0         
16    | 8,282,648.91    | 5          | 0         
17    | 7,998,018.65    | 5          | 0         
18    | 7,901,480.96    | 5          | 0         
19    | 7,541,262.30    | 5          | 0         
20    | 7,400,191.73    | 5          | 0         
21    | 7,037,418.10    | 5          | 0         
22    | 6,769,715.56    | 5          | 0         
23    | 6,685,667.95    | 5          | 0         
24    | 6,474,744.02    | 5          | 0         
25    | 6,432,073.65    | 5          | 0         
26    | 6,195,008.09    | 5          | 0         
27    | 6,063,456.58    | 5          | 0         
28    | 6,041,131.07    | 5          | 0         
29    | 5,904,427.13    | 5          | 0         
30    | 5,865,731.81    | 5          | 0         
31    | 5,346,760.96    | 5          | 0         
32    | 5,107,546.96    | 5          | 0         
33    | 5,034,353.69    | 5          | 0         
34    | 4,813,333.64    | 5          | 0         
35    | 4,750,202.70    | 5          | 0         
36    | 4,579,460.88    | 5          | 0         
37    | 4,483,427.21    | 5          | 0         
38    | 4,470,411.91    | 5          | 0         
39    | 4,451,484.32    | 5          | 0         
40    | 4,379,788.93    | 5          | 0         
41    | 4,308,570.13    | 5          | 0         
42    | 4,027,492.63    | 5          | 0         
43    | 4,008,149.03    | 5          | 0         
44    | 3,893,217.44    | 5          | 0         
45    | 3,688,723.36    | 5          | 0         
46    | 3,645,178.62    | 5          | 0         
47    | 3,615,327.20    | 5          | 0         
48    | 3,570,832.26    | 5          | 0         
49    | 3,434,948.55    | 4          | 0         
50    | 3,425,524.57    | 5          | 0         
51    | 3,334,629.40    | 5          | 0         
52    | 3,311,657.15    | 5          | 0         
53    | 3,305,788.47    | 5          | 0         
54    | 3,279,817.88    | 5          | 0         
55    | 3,139,536.28    | 5          | 0         
56    | 3,106,436.62    | 5          | 0         
57    | 3,090,503.97    | 5          | 0         
58    | 3,071,054.88    | 5          | 0         
59    | 3,035,151.20    | 5          | 0         
60    | 3,030,829.26    | 5          | 0         
61    | 2,984,484.56    | 5          | 0         
62    | 2,948,356.66    | 5          | 0         
63    | 2,934,865.03    | 5          | 0         
64    | 2,859,313.65    | 10         | 0         
65    | 2,651,278.90    | 5          | 0         
66    | 2,641,229.75    | 5          | 0         
67    | 2,633,130.57    | 5          | 0         
68    | 2,624,508.32    | 3          | 0         
69    | 2,623,498.44    | 5          | 0         
70    | 2,581,283.08    | 5          | 0         
71    | 2,580,541.54    | 5          | 0         
72    | 2,567,589.44    | 4          | 0         
73    | 2,556,986.86    | 3          | 0         
74    | 2,556,851.36    | 2          | 0         
75    | 2,556,647.80    | 3          | 0         
76    | 2,515,568.60    | 2          | 0         
77    | 2,504,786.79    | 5          | 0         
78    | 2,496,474.69    | 5          | 0         
79    | 2,493,575.08    | 4          | 0         
80    | 2,449,219.83    | 5          | 0         
81    | 2,405,873.11    | 5          | 0         
82    | 2,403,520.99    | 2          | 0         
83    | 2,400,530.69    | 5          | 0         
84    | 2,392,183.81    | 5          | 0         
85    | 2,391,347.84    | 2          | 0         
86    | 2,388,599.89    | 1          | 0         
87    | 2,384,256.62    | 2          | 0         
88    | 2,381,470.67    | 1          | 0         
89    | 2,381,437.82    | 5          | 0         
90    | 2,357,677.10    | 4          | 0         
91    | 2,357,677.10    | 2          | 0         
92    | 2,335,229.15    | 5          | 0         
93    | 2,329,653.64    | 10         | 0         
94    | 2,271,965.27    | 10         | 0         
95    | 2,270,716.66    | 4          | 0         
96    | 2,268,195.93    | 5          | 0         
97    | 2,216,363.70    | 3          | 0         
98    | 2,209,399.17    | 2          | 0         
99    | 2,208,674.70    | 1          | 0         
100   | 2,208,674.70    | 10         | 0         
101   | 2,184,423.34    | 1          | 0         
102   | 2,184,315.41    | 2          | 0         
103   | 2,182,396.07    | 3          | 0         
104   | 2,172,671.51    | 6          | 0         
105   | 2,166,425.92    | 5          | 0         
106   | 2,148,834.33    | 7          | 0         
107   | 2,148,510.64    | 1          | 0         
108   | 2,148,491.32    | 1          | 0         
109   | 2,146,931.34    | 3          | 0         
110   | 2,135,899.24    | 1          | 0         
111   | 2,121,372.31    | 2          | 0         
112   | 2,118,937.71    | 3          | 0         
113   | 2,077,783.41    | 4          | 0         
114   | 2,072,123.46    | 3          | 0         
115   | 2,072,035.49    | 3          | 0         
116   | 2,066,337.21    | 5          | 0         
117   | 1,993,261.16    | 3          | 0         
118   | 1,972,509.12    | 2          | 0         
119   | 1,966,591.74    | 8          | 0         
120   | 1,951,268.98    | 3          | 5         
121   | 1,534,213.82    | 2          | 0         
122   | 1,526,264.21    | 3          | 0         
123   | 1,515,667.30    | 5          | 0         
124   | 1,451,549.76    | 2          | 0         
125   | 1,448,077.79    | 5          | 0         
126   | 1,411,240.22    | 4          | 0         
127   | 1,410,672.69    | 10         | 0         
128   | 1,387,421.62    | 5          | 0         
129   | 1,387,413.22    | 5          | 0         
130   | 1,384,296.26    | 4          | 0         
131   | 1,373,816.37    | 5          | 0         
132   | 1,337,830.22    | 3          | 0         
133   | 1,334,903.95    | 10         | 0         
134   | 1,326,709.19    | 3          | 0         
135   | 1,321,657.36    | 1          | 0         
136   | 1,321,464.61    | 1          | 0         
137   | 1,319,795.07    | 2          | 5         
138   | 1,171,983.37    | 10         | 0         
139   | 1,171,983.37    | 4          | 5         
140   | 1,099,065.00    | 4          | 0         
141   | 1,095,621.39    | 3          | 0         
142   | 1,095,429.16    | 5          | 0         
143   | 1,095,011.18    | 1          | 0         
144   | 1,095,011.18    | 2          | 0         
145   | 1,095,011.18    | 1          | 0         
146   | 1,094,498.16    | 10         | 0         
147   | 1,083,464.46    | 5          | 0         
148   | 1,078,049.26    | 8          | 0         
149   | 1,077,999.53    | 2          | 0         
150   | 1,077,911.51    | 10         | 0         
151   | 1,077,911.51    | 1          | 0         
152   | 1,069,504.68    | 3          | 5         
153   | 1,067,855.26    | 6          | 0         
154   | 1,067,606.85    | 7          | 0         
155   | 1,067,606.85    | 1          | 0         
156   | 1,067,590.78    | 0          | 5         
157   | 1,050,306.80    | 5          | 0         
158   | 1,039,090.60    | 2          | 0         
159   | 1,036,397.94    | 3          | 0         
160   | 1,032,854.89    | 7          | 0         
161   | 1,030,598.26    | 1          | 0         
162   | 1,027,794.85    | 1          | 0         
163   | 1,027,794.85    | 3          | 0         
164   | 1,022,254.73    | 5          | 5         
165   | 899,042.73      | 1          | 0         
166   | 883,376.61      | 1          | 0         
167   | 883,376.61      | 5          | 0         
168   | 881,246.57      | 5          | 0         
169   | 878,875.28      | 10         | 0         
170   | 878,786.62      | 1          | 0         
171   | 878,786.62      | 5          | 5         
172   | 830,338.16      | 1          | 0         
173   | 830,021.18      | 5          | 0         
174   | 829,848.33      | 5          | 0         
175   | 829,848.34      | 5          | 0         
176   | 829,848.34      | 1          | 0         
177   | 829,848.34      | 1          | 0         
178   | 829,848.34      | 2          | 0         
179   | 829,848.33      | 2          | 0         
180   | 829,232.17      | 4          | 0         
181   | 829,229.07      | 10         | 0         
182   | 829,229.07      | 5          | 0         
183   | 829,229.07      | 10         | 0         
184   | 828,160.44      | 1          | 0         
185   | 828,160.44      | 5          | 0         
186   | 783,411.96      | 5          | 0         
187   | 763,720.58      | 5          | 0         
188   | 763,720.58      | 2          | 0         
189   | 763,720.58      | 2          | 0         
190   | 763,695.04      | 3          | 0         
191   | 763,579.12      | 1          | 0         
192   | 763,579.12      | 10         | 0         
193   | 761,998.14      | 4          | 5         
194   | 737,372.91      | 1          | 0         
195   | 737,197.72      | 2          | 0         
196   | 737,197.72      | 10         | 0         
197   | 735,532.14      | 1          | 5         
198   | 735,521.13      | 2          | 5         
199   | 717,298.12      | 5          | 0         
200   | 717,298.12      | 4          | 0         
201   | 717,295.23      | 4          | 0         
202   | 717,295.23      | 5          | 0         
203   | 717,230.79      | 2          | 0         
204   | 717,209.49      | 1          | 0         
205   | 717,182.62      | 4          | 0         
206   | 717,119.56      | 10         | 0         
207   | 716,422.19      | 5          | 0         
208   | 716,328.75      | 0          | 5         
209   | 703,304.55      | 7          | 0         
210   | 702,851.00      | 1          | 5         
211   | 698,926.45      | 2          | 5         
212   | 696,240.95      | 5          | 0         
213   | 696,227.21      | 5          | 5         
214   | 694,334.69      | 4          | 0         
215   | 694,323.84      | 9          | 0         
216   | 694,313.06      | 1          | 0         
217   | 694,313.06      | 0          | 5         
218   | 694,313.06      | 4          | 0         
219   | 694,141.15      | 0          | 5         
220   | 693,091.38      | 1          | 0         
221   | 693,091.38      | 10         | 0         
222   | 693,076.15      | 5          | 0         
223   | 693,076.15      | 0          | 5         
224   | 692,530.72      | 3          | 5         
225   | 690,872.95      | 2          | 0         
226   | 690,872.95      | 2          | 0         
227   | 690,872.43      | 1          | 0         
228   | 690,845.78      | 3          | 5         
229   | 690,845.78      | 0          | 5         
230   | 690,542.88      | 0          | 5         
231   | 690,414.87      | 5          | 0         
232   | 690,396.54      | 1          | 0         
233   | 690,396.54      | 1          | 0         
234   | 690,396.54      | 1          | 0         
235   | 690,396.54      | 0          | 5         
236   | 690,361.56      | 2          | 5         
237   | 690,361.47      | 5          | 0         
238   | 690,361.47      | 0          | 5         
239   | 690,361.47      | 0          | 5         
240   | 690,333.46      | 2          | 0         
241   | 690,189.56      | 5          | 0         
242   | 690,095.65      | 0          | 5         
243   | 689,987.67      | 0          | 5         
244   | 689,941.84      | 0          | 5         
245   | 689,941.84      | 5          | 0         
246   | 689,650.77      | 0          | 5         
247   | 688,909.22      | 1          | 0         
248   | 688,904.50      | 10         | 0         
249   | 688,886.07      | 3          | 0         
250   | 688,886.07      | 2          | 0         
251   | 688,506.87      | 2          | 5         
252   | 688,506.77      | 0          | 5         
253   | 688,506.77      | 0          | 5         
254   | 688,425.97      | 4          | 5         
255   | 688,195.69      | 2          | 0         
256   | 688,195.69      | 0          | 5         
257   | 688,195.69      | 2          | 0         
258   | 688,138.83      | 0          | 5         
259   | 687,994.46      | 0          | 5         
260   | 687,994.46      | 0          | 5         
261   | 687,760.32      | 2          | 0         
262   | 687,760.33      | 4          | 0         
263   | 687,760.32      | 1          | 5         
264   | 687,010.67      | 0          | 5         
265   | 686,811.07      | 4          | 0         
266   | 686,811.07      | 1          | 0         
267   | 686,803.52      | 0          | 5         
268   | 686,803.52      | 0          | 5         
269   | 686,291.69      | 5          | 0         
270   | 686,291.69      | 0          | 5         
271   | 685,277.53      | 1          | 5         
272   | 685,151.19      | 2          | 5         
273   | 684,831.38      | 1          | 5         
274   | 684,831.39      | 0          | 5         
275   | 684,474.31      | 2          | 0         
276   | 684,472.68      | 3          | 5         
277   | 684,328.12      | 0          | 5         
278   | 683,917.32      | 2          | 0         
279   | 683,842.22      | 2          | 0         
280   | 683,842.22      | 0          | 5         
281   | 683,730.03      | 0          | 5         
282   | 683,730.03      | 0          | 5         
283   | 683,718.62      | 0          | 5         
284   | 683,539.76      | 1          | 0         
285   | 683,534.03      | 0          | 5         
286   | 683,413.01      | 1          | 0         
287   | 683,408.76      | 0          | 5         
288   | 683,378.02      | 2          | 0         
289   | 683,367.40      | 0          | 5         
290   | 683,342.91      | 0          | 5         
291   | 683,342.91      | 4          | 0         
292   | 683,313.87      | 1          | 0         
293   | 683,313.87      | 3          | 0         
294   | 683,308.04      | 0          | 5         
295   | 683,308.04      | 0          | 5         
296   | 683,148.80      | 0          | 5         
297   | 683,142.18      | 0          | 5         
298   | 683,005.02      | 1          | 0         
299   | 683,005.02      | 0          | 5         
300   | 682,914.35      | 2          | 0         
301   | 682,914.35      | 1          | 0         
302   | 682,914.35      | 0          | 5         
303   | 682,895.37      | 1          | 0         
304   | 682,895.37      | 0          | 5         
305   | 682,863.27      | 0          | 5         
306   | 682,860.91      | 0          | 5         
307   | 682,839.09      | 0          | 5         
308   | 682,812.16      | 0          | 5         
309   | 682,812.14      | 1          | 0         
310   | 682,812.14      | 1          | 0         
311   | 682,809.37      | 0          | 5         
312   | 682,598.89      | 2          | 0         
313   | 682,594.94      | 5          | 0         
314   | 682,583.41      | 0          | 5         
315   | 682,583.41      | 0          | 5         
316   | 682,516.96      | 0          | 5         
317   | 682,463.99      | 0          | 5         
318   | 682,463.99      | 0          | 5         
319   | 682,463.99      | 3          | 0         
320   | 682,462.48      | 0          | 5         
321   | 682,368.68      | 0          | 5         
322   | 682,368.68      | 0          | 5         
323   | 682,325.00      | 0          | 5         
324   | 681,892.75      | 0          | 5         
325   | 681,892.75      | 0          | 5         
326   | 681,892.75      | 0          | 5         
327   | 681,747.78      | 0          | 5         
328   | 681,746.94      | 2          | 0         
329   | 681,746.94      | 0          | 5         
330   | 681,746.94      | 0          | 5         
331   | 681,730.98      | 0          | 5         
332   | 681,729.62      | 0          | 5         
333   | 681,729.62      | 0          | 5         
334   | 681,719.19      | 3          | 0         
335   | 681,719.19      | 0          | 5         
336   | 681,661.81      | 0          | 5         
337   | 681,661.81      | 1          | 5         
338   | 681,661.81      | 0          | 5         
339   | 681,620.96      | 0          | 5         
340   | 681,620.96      | 1          | 0         
341   | 681,620.96      | 0          | 5         
342   | 681,620.96      | 0          | 5         
343   | 681,620.96      | 0          | 5         
344   | 681,601.55      | 0          | 5         
345   | 681,451.62      | 0          | 5         
346   | 681,381.92      | 0          | 5         
347   | 681,381.92      | 0          | 5         
348   | 681,372.14      | 0          | 5         
349   | 681,257.97      | 0          | 5         
350   | 681,235.72      | 0          | 5         
351   | 681,027.57      | 0          | 5         
352   | 680,997.87      | 4          | 0         
353   | 680,997.87      | 2          | 0         
354   | 680,964.14      | 0          | 5         
355   | 680,941.03      | 0          | 5         
356   | 680,920.25      | 0          | 5         
357   | 680,920.25      | 0          | 5         
358   | 680,920.25      | 0          | 5         
359   | 680,920.25      | 1          | 0         
360   | 680,920.25      | 0          | 5         
361   | 680,717.50      | 1          | 0         
362   | 680,717.50      | 0          | 5         
363   | 680,717.50      | 0          | 5         
364   | 680,640.02      | 1          | 0         
365   | 680,448.56      | 0          | 5         
366   | 680,448.56      | 0          | 5         
367   | 680,448.56      | 0          | 5         
368   | 680,448.56      | 0          | 5         
369   | 680,448.56      | 2          | 0         
370   | 680,448.56      | 3          | 0         
371   | 680,448.56      | 2          | 0         
372   | 680,448.56      | 2          | 0         
373   | 680,448.56      | 0          | 5         
374   | 680,448.56      | 0          | 5         
375   | 680,448.56      | 0          | 5         
376   | 680,448.56      | 0          | 5         
377   | 680,421.61      | 0          | 5         
378   | 680,421.61      | 0          | 5         
379   | 680,421.61      | 0          | 5         
380   | 680,417.39      | 1          | 0         
381   | 680,417.39      | 1          | 0         
382   | 680,417.39      | 2          | 0         
383   | 680,417.39      | 0          | 5         
384   | 680,417.39      | 1          | 0         
385   | 680,403.11      | 2          | 0         
386   | 680,370.17      | 0          | 5         
387   | 680,269.13      | 0          | 5         
388   | 680,266.72      | 1          | 0         
389   | 680,261.39      | 0          | 5         
390   | 680,249.24      | 0          | 5         
391   | 680,249.24      | 0          | 5         
392   | 680,249.24      | 0          | 5         
393   | 680,143.95      | 2          | 0         
394   | 680,143.95      | 0          | 5         
395   | 680,143.95      | 2          | 0         
396   | 680,143.77      | 0          | 5         
397   | 680,143.77      | 0          | 5         
398   | 680,010.34      | 0          | 5         
399   | 680,010.34      | 0          | 5         
400   | 680,010.34      | 0          | 5         
401   | 679,966.26      | 0          | 5         
402   | 679,966.26      | 0          | 5         
403   | 679,966.18      | 0          | 5         
404   | 679,966.18      | 0          | 5         
405   | 679,888.07      | 0          | 5         
406   | 679,888.07      | 0          | 5         
407   | 679,888.07      | 0          | 5         
408   | 679,884.62      | 0          | 5         
409   | 679,884.62      | 0          | 5         
410   | 679,884.62      | 1          | 0         
411   | 679,884.62      | 0          | 5         
412   | 679,884.62      | 0          | 5         
413   | 679,881.91      | 0          | 5         
414   | 679,881.91      | 0          | 5         
415   | 679,881.91      | 0          | 5         
416   | 679,881.91      | 0          | 5         
417   | 679,835.46      | 0          | 5         
418   | 679,835.47      | 0          | 5         
419   | 679,833.98      | 0          | 5         
420   | 679,703.21      | 1          | 0         
421   | 679,703.21      | 0          | 5         
422   | 679,703.21      | 0          | 5         
423   | 679,703.20      | 0          | 4         
424   | 679,703.21      | 0          | 5         
425   | 679,703.20      | 0          | 5         
426   | 679,703.21      | 0          | 5         
427   | 679,658.93      | 0          | 5         
428   | 679,651.97      | 0          | 5         
429   | 679,651.97      | 0          | 5         
430   | 679,651.97      | 0          | 5         
431   | 679,651.97      | 0          | 5         
432   | 679,651.97      | 2          | 0         
433   | 679,651.97      | 0          | 5         
434   | 679,651.97      | 0          | 5         
435   | 679,651.97      | 2          | 0         
436   | 679,624.11      | 0          | 5         
437   | 679,624.11      | 0          | 5         
438   | 679,624.11      | 1          | 0         
439   | 679,624.11      | 1          | 0         
440   | 679,624.11      | 0          | 5         
441   | 679,624.11      | 2          | 0         
442   | 679,624.11      | 0          | 5         
443   | 679,624.11      | 0          | 4         
444   | 679,624.11      | 0          | 5         
445   | 679,624.11      | 1          | 0         
446   | 679,624.11      | 1          | 0         
447   | 679,624.11      | 1          | 0         
448   | 679,624.11      | 0          | 5         
449   | 679,624.11      | 0          | 5         
450   | 679,624.11      | 0          | 5         
451   | 679,624.11      | 0          | 5         
452   | 679,624.11      | 1          | 0         
453   | 679,624.11      | 3          | 0         
454   | 679,624.11      | 0          | 5         
455   | 679,500.00      | 4          | 0         
456   | 679,500.00      | 0          | 5         
457   | 679,500.00      | 0          | 4         
458   | 679,500.00      | 0          | 4         
459   | 679,500.00      | 1          | 0         
460   | 679,500.00      | 0          | 5         
461   | 679,500.00      | 0          | 5         
462   | 679,500.00      | 0          | 5         
463   | 679,500.00      | 0          | 4         
464   | 679,500.00      | 0          | 5         
465   | 679,500.00      | 0          | 4         
466   | 679,500.00      | 0          | 5         
467   | 679,500.00      | 0          | 5         
468   | 679,500.00      | 1          | 0         
469   | 679,500.00      | 0          | 3         
470   | 679,500.00      | 0          | 5         
471   | 679,500.00      | 0          | 5         
472   | 679,500.00      | 0          | 5         
473   | 679,500.00      | 0          | 5         
474   | 679,500.00      | 2          | 0         
475   | 679,500.00      | 0          | 4         
476   | 679,500.00      | 1          | 0         
477   | 679,500.00      | 0          | 4         
478   | 679,500.00      | 2          | 0         
479   | 679,500.00      | 0          | 2         
480   | 679,500.00      | 0          | 5         
481   | 679,500.00      | 0          | 5         
482   | 679,500.00      | 0          | 3         
483   | 679,500.00      | 0          | 3         
484   | 679,500.00      | 0          | 5         
485   | 679,500.00      | 1          | 0         
486   | 679,483.33      | 0          | 5         
487   | 679,483.33      | 1          | 0         
488   | 679,483.33      | 0          | 5         
489   | 679,483.33      | 1          | 0         
490   | 679,483.33      | 0          | 5         
491   | 679,483.33      | 0          | 4         
492   | 679,483.33      | 0          | 4         
493   | 679,483.33      | 2          | 0         
494   | 679,474.58      | 0          | 5         
495   | 679,474.58      | 0          | 3         
496   | 679,474.58      | 0          | 5         
497   | 679,474.58      | 0          | 2         
498   | 679,474.58      | 0          | 3         
499   | 679,474.58      | 1          | 0         
500   | 679,473.68      | 0          | 5         
501   | 679,473.68      | 1          | 0         
502   | 679,473.69      | 1          | 0         
503   | 679,473.69      | 1          | 0         
504   | 679,473.68      | 4          | 0         
505   | 679,473.68      | 1          | 0         
506   | 679,473.68      | 1          | 0         
507   | 679,473.69      | 0          | 5         
508   | 679,473.68      | 0          | 5         
509   | 679,473.68      | 0          | 5         
510   | 679,473.68      | 0          | 5         
511   | 679,473.69      | 0          | 5         
512   | 679,473.68      | 0          | 5         
513   | 679,473.69      | 0          | 5         
514   | 679,473.68      | 0          | 5         
515   | 679,473.68      | 2          | 0         
516   | 679,473.69      | 0          | 5         
517   | 679,473.68      | 0          | 3         
518   | 679,473.69      | 0          | 3         
519   | 679,473.68      | 0          | 4         
520   | 679,473.68      | 0          | 5         
521   | 679,473.68      | 0          | 4         
522   | 679,473.68      | 4          | 0         
523   | 679,473.69      | 0          | 2         
524   | 679,473.68      | 0          | 5         
525   | 679,473.68      | 0          | 5         
526   | 679,473.69      | 0          | 2         
527   | 679,473.68      | 0          | 5         
528   | 679,473.68      | 0          | 2         
529   | 679,473.68      | 0          | 5         
530   | 679,473.68      | 1          | 0         
531   | 679,473.68      | 0          | 3         
532   | 679,473.68      | 0          | 5         
533   | 679,473.69      | 0          | 2         
534   | 679,473.69      | 0          | 3         
535   | 679,473.69      | 0          | 4         
536   | 679,473.69      | 0          | 5         
537   | 679,473.68      | 0          | 2         
538   | 679,473.69      | 0          | 3         
539   | 679,473.68      | 0          | 2         
540   | 679,431.82      | 1          | 0         
541   | 679,431.82      | 1          | 0         
542   | 679,431.82      | 0          | 5         
543   | 679,431.82      | 0          | 4         
544   | 679,431.82      | 0          | 4         
545   | 679,431.82      | 0          | 5         
546   | 679,431.82      | 2          | 0         
547   | 679,431.82      | 0          | 4         
548   | 679,431.82      | 0          | 5         
549   | 679,431.82      | 3          | 0         
550   | 679,431.82      | 3          | 0         
551   | 679,431.82      | 0          | 5         
552   | 679,431.82      | 1          | 0         
553   | 679,431.82      | 0          | 4         
554   | 679,431.82      | 2          | 0         
555   | 679,431.82      | 1          | 0         
556   | 679,431.82      | 0          | 4         
557   | 679,431.82      | 1          | 0         
558   | 679,431.82      | 1          | 0         
559   | 679,431.82      | 0          | 4         
560   | 679,431.82      | 0          | 5         
561   | 679,431.82      | 3          | 0         
562   | 679,431.82      | 0          | 5         
563   | 679,431.82      | 0          | 5         
564   | 679,431.82      | 2          | 0         
565   | 679,431.82      | 0          | 5         
566   | 679,431.82      | 1          | 0         
567   | 679,431.82      | 4          | 0         
568   | 679,425.00      | 0          | 4         
569   | 679,425.00      | 0          | 2         
570   | 679,425.00      | 1          | 0         
571   | 679,425.00      | 0          | 3         
572   | 679,425.00      | 0          | 4         
573   | 679,425.00      | 0          | 4         
574   | 679,425.00      | 0          | 2         
575   | 679,425.00      | 0          | 3         
576   | 679,425.00      | 0          | 3         
577   | 679,425.00      | 0          | 2         
578   | 679,425.00      | 0          | 3         
579   | 679,425.00      | 0          | 3         
580   | 679,425.00      | 0          | 2         
581   | 679,425.00      | 0          | 2         
582   | 679,425.00      | 2          | 0         
583   | 679,425.00      | 0          | 2         
584   | 679,425.00      | 0          | 3         
585   | 679,425.00      | 0          | 4         
586   | 679,425.00      | 0          | 2         
587   | 679,425.00      | 0          | 3         
588   | 679,425.00      | 0          | 2         
589   | 679,425.00      | 0          | 2         
590   | 679,425.00      | 0          | 5         
591   | 679,425.00      | 0          | 2         
592   | 679,425.00      | 0          | 3         
593   | 679,425.00      | 0          | 3         
594   | 679,425.00      | 0          | 3         
595   | 679,425.00      | 0          | 2         
596   | 679,425.00      | 0          | 3         
597   | 679,425.00      | 0          | 2         
598   | 679,425.00      | 0          | 3         
599   | 679,425.00      | 0          | 2         
600   | 679,425.00      | 0          | 2         
601   | 679,425.00      | 0          | 3         
602   | 679,425.00      | 0          | 3         
603   | 679,425.00      | 0          | 2         
604   | 679,425.00      | 0          | 2         
605   | 679,425.00      | 1          | 0         
606   | 679,425.00      | 0          | 2         
607   | 679,425.00      | 0          | 3         
608   | 679,425.00      | 0          | 2         
609   | 679,425.00      | 0          | 3         
610   | 679,425.00      | 0          | 4         
611   | 679,425.00      | 0          | 2         
612   | 679,425.00      | 0          | 2         
613   | 679,425.00      | 0          | 2         
614   | 679,425.00      | 0          | 2         
615   | 679,425.00      | 0          | 2         
616   | 679,425.00      | 0          | 2         
617   | 679,412.50      | 0          | 3         
618   | 679,412.50      | 0          | 2         
619   | 679,412.50      | 0          | 2         
620   | 679,412.50      | 0          | 2         
621   | 679,412.50      | 0          | 2         
622   | 679,412.50      | 0          | 2         
623   | 679,412.50      | 1          | 0         
624   | 679,400.00      | 0          | 0         
