==========================================================
 ANALYSIS REPORT: Week 3
==========================================================

0. Solver Configuration
-----------------------
  max_iter             : 1000
  time_limit           : 3600.0
  tol                  : 1e-08
  patience             : 100
  mip_rc_threshold     : 10000000000.0
  mip_gap              : 0.0001

1. Performance Metrics
----------------------
  Objective Value : 3,186,900.00
  RMP Relaxed Value (Root): 2,180,750.00
  Integrality Gap       : 46.1378 %
  MIP Best Bound (Final)  : 3,186,900.00
  Final MIP Gap           : 0.0000 %
  Execution Time  : 823.4717 sec
  Iterations      : 718
  RMP Time  : 640.3420 s
  MIP Time  : 20.1327 s
  Pool Search Time: 140.3246 s
  Graph Search Time: 21.8242 s
  MIP Decision Variables: 2887 (Columns used in Final MIP)
  MIP Filtered Columns  : 0 (Removed before MIP)

2. Column Generation & Pool Statistics
--------------------------------------
  Total Columns Generated (History) : 10635
  Pool Hits (Reused from History)   : 2411
  Graph Gen (Newly Created)         : 466
  Pool Hit Rate                     : 83.8%

3. Shift Pattern Diversity (Unique Patterns)
------------------------------------------
  Type: TypeA  | Unique Patterns: 1979 / Total Gen: 1979
       -> Avg Length of Unique Patterns: 47.2 hours
  Type: TypeB  | Unique Patterns: 3360 / Total Gen: 4156
       -> Avg Length of Unique Patterns: 36.1 hours
  Type: TypeC  | Unique Patterns: 3769 / Total Gen: 4495
       -> Avg Length of Unique Patterns: 25.9 hours

4. Final Schedule Assignment Breakdown
--------------------------------------
  Emp 0  (TypeA): 48 hours worked
  Emp 1  (TypeB): 39 hours worked
  Emp 2  (TypeB): 38 hours worked
  Emp 3  (TypeC): 24 hours worked
  Emp 4  (TypeC): 25 hours worked

5. Iteration History (Convergence Log)
--------------------------------------
Iter  | RMP Obj Value   | Pool Hits  | Graph Gen 
--------------------------------------------------
1     | 117,012,000.00  | 5          | 0         
2     | 85,055,400.00   | 5          | 0         
3     | 62,097,000.00   | 5          | 0         
4     | 43,467,966.72   | 5          | 0         
5     | 28,165,050.00   | 5          | 0         
6     | 21,189,000.00   | 5          | 0         
7     | 19,190,100.00   | 5          | 0         
8     | 17,195,500.00   | 5          | 0         
9     | 16,528,233.32   | 5          | 0         
10    | 15,495,430.00   | 5          | 0         
11    | 14,861,455.53   | 5          | 0         
12    | 14,196,333.31   | 5          | 0         
13    | 13,595,820.00   | 5          | 0         
14    | 13,197,420.00   | 5          | 0         
15    | 12,635,513.42   | 5          | 0         
16    | 11,546,798.54   | 5          | 0         
17    | 11,160,373.94   | 5          | 0         
18    | 10,705,721.77   | 5          | 0         
19    | 10,448,277.27   | 5          | 0         
20    | 10,130,858.39   | 5          | 0         
21    | 9,735,454.68    | 5          | 0         
22    | 9,366,003.96    | 5          | 0         
23    | 9,120,387.53    | 5          | 0         
24    | 8,821,882.31    | 5          | 0         
25    | 8,716,934.86    | 5          | 0         
26    | 8,637,586.66    | 5          | 0         
27    | 8,479,711.71    | 5          | 0         
28    | 8,424,554.61    | 5          | 0         
29    | 8,256,368.60    | 5          | 0         
30    | 8,256,368.60    | 5          | 0         
31    | 8,143,886.39    | 5          | 0         
32    | 8,093,938.41    | 5          | 0         
33    | 8,076,091.01    | 5          | 0         
34    | 8,055,075.05    | 5          | 0         
35    | 7,965,919.55    | 5          | 0         
36    | 7,853,525.56    | 5          | 0         
37    | 7,572,217.47    | 5          | 0         
38    | 7,553,836.84    | 5          | 0         
39    | 7,475,410.80    | 5          | 0         
40    | 7,465,496.79    | 5          | 0         
41    | 7,345,220.67    | 5          | 0         
42    | 7,305,760.56    | 5          | 0         
43    | 7,272,004.84    | 5          | 0         
44    | 7,216,581.78    | 5          | 0         
45    | 7,174,891.22    | 5          | 0         
46    | 7,059,530.53    | 5          | 0         
47    | 7,020,367.79    | 5          | 0         
48    | 6,919,796.00    | 5          | 0         
49    | 6,890,480.79    | 5          | 0         
50    | 6,864,268.54    | 5          | 0         
51    | 6,735,801.33    | 1          | 0         
52    | 6,718,361.44    | 2          | 0         
53    | 6,718,361.44    | 5          | 0         
54    | 6,666,042.84    | 5          | 0         
55    | 6,665,434.72    | 5          | 0         
56    | 6,658,819.66    | 5          | 0         
57    | 6,553,586.00    | 5          | 0         
58    | 6,514,926.27    | 5          | 0         
59    | 6,490,889.27    | 5          | 0         
60    | 6,467,832.09    | 5          | 0         
61    | 6,453,265.69    | 5          | 0         
62    | 6,424,221.30    | 5          | 0         
63    | 6,420,987.15    | 5          | 0         
64    | 6,360,989.60    | 5          | 0         
65    | 6,352,715.72    | 5          | 0         
66    | 6,352,691.17    | 5          | 0         
67    | 6,315,682.80    | 5          | 0         
68    | 6,304,617.25    | 5          | 0         
69    | 6,303,925.72    | 3          | 0         
70    | 6,300,201.48    | 5          | 0         
71    | 6,286,314.26    | 5          | 0         
72    | 6,164,238.33    | 5          | 0         
73    | 6,143,344.70    | 5          | 0         
74    | 5,939,014.08    | 5          | 0         
75    | 5,936,026.56    | 5          | 0         
76    | 5,924,367.85    | 5          | 0         
77    | 5,848,027.62    | 5          | 0         
78    | 5,839,164.48    | 5          | 0         
79    | 5,836,585.98    | 5          | 0         
80    | 5,800,345.00    | 5          | 0         
81    | 5,788,032.72    | 3          | 0         
82    | 5,785,114.29    | 5          | 0         
83    | 5,772,293.17    | 5          | 0         
84    | 5,771,172.88    | 5          | 0         
85    | 5,770,949.23    | 5          | 0         
86    | 5,770,587.96    | 5          | 0         
87    | 5,767,581.17    | 5          | 0         
88    | 5,745,089.41    | 5          | 0         
89    | 5,708,383.32    | 5          | 0         
90    | 5,701,580.68    | 5          | 0         
91    | 5,692,179.09    | 5          | 0         
92    | 5,632,473.44    | 5          | 0         
93    | 5,569,864.77    | 5          | 0         
94    | 5,569,293.41    | 5          | 0         
95    | 5,555,848.21    | 5          | 0         
96    | 5,547,759.20    | 5          | 0         
97    | 5,546,314.07    | 5          | 0         
98    | 5,546,314.07    | 5          | 0         
99    | 5,545,642.10    | 5          | 0         
100   | 5,537,290.58    | 5          | 0         
101   | 5,521,170.49    | 5          | 0         
102   | 5,504,096.61    | 5          | 0         
103   | 5,471,045.65    | 5          | 0         
104   | 5,468,777.44    | 5          | 0         
105   | 5,468,380.55    | 5          | 0         
106   | 5,465,777.35    | 1          | 0         
107   | 5,465,767.37    | 5          | 0         
108   | 5,465,707.44    | 5          | 0         
109   | 5,343,658.59    | 5          | 0         
110   | 5,338,522.24    | 5          | 0         
111   | 5,333,298.24    | 5          | 0         
112   | 5,332,261.14    | 5          | 0         
113   | 5,331,722.54    | 5          | 0         
114   | 5,245,485.66    | 4          | 0         
115   | 5,220,241.70    | 5          | 0         
116   | 5,220,015.07    | 5          | 0         
117   | 5,211,264.56    | 5          | 0         
118   | 5,208,531.64    | 5          | 0         
119   | 5,207,433.56    | 5          | 0         
120   | 5,207,169.40    | 5          | 0         
121   | 5,207,130.27    | 5          | 0         
122   | 5,206,814.02    | 5          | 0         
123   | 5,202,308.32    | 5          | 0         
124   | 5,200,867.12    | 4          | 0         
125   | 5,199,407.14    | 4          | 0         
126   | 5,199,407.14    | 4          | 0         
127   | 5,199,407.14    | 3          | 0         
128   | 5,199,078.57    | 5          | 0         
129   | 5,198,750.00    | 5          | 0         
130   | 5,198,471.43    | 2          | 0         
131   | 5,198,328.57    | 5          | 0         
132   | 5,197,834.13    | 4          | 0         
133   | 5,197,782.91    | 5          | 0         
134   | 5,152,713.11    | 5          | 0         
135   | 5,152,656.23    | 5          | 0         
136   | 5,151,439.17    | 5          | 0         
137   | 5,051,162.68    | 5          | 0         
138   | 5,051,162.68    | 5          | 0         
139   | 5,016,712.41    | 1          | 0         
140   | 5,016,712.41    | 5          | 0         
141   | 5,016,328.84    | 5          | 0         
142   | 5,010,693.56    | 5          | 0         
143   | 5,007,302.05    | 5          | 0         
144   | 5,007,263.38    | 5          | 0         
145   | 4,976,978.71    | 5          | 0         
146   | 4,976,353.39    | 5          | 0         
147   | 4,976,254.43    | 2          | 0         
148   | 4,976,087.45    | 5          | 0         
149   | 4,884,452.79    | 5          | 0         
150   | 4,867,006.03    | 5          | 0         
151   | 4,866,600.19    | 5          | 0         
152   | 4,864,855.75    | 5          | 0         
153   | 4,861,541.04    | 4          | 0         
154   | 4,852,110.21    | 5          | 0         
155   | 4,849,069.54    | 5          | 0         
156   | 4,847,758.97    | 5          | 0         
157   | 4,847,724.50    | 4          | 0         
158   | 4,841,559.14    | 5          | 0         
159   | 4,841,463.10    | 5          | 0         
160   | 4,841,379.42    | 5          | 0         
161   | 4,837,717.12    | 5          | 0         
162   | 4,837,290.76    | 5          | 0         
163   | 4,837,190.11    | 5          | 0         
164   | 4,836,979.31    | 1          | 0         
165   | 4,836,979.31    | 3          | 0         
166   | 4,836,810.70    | 4          | 0         
167   | 4,836,465.81    | 1          | 0         
168   | 4,836,356.84    | 5          | 0         
169   | 4,836,129.54    | 1          | 0         
170   | 4,836,095.28    | 5          | 0         
171   | 4,835,687.05    | 5          | 0         
172   | 4,835,432.99    | 5          | 0         
173   | 4,812,263.33    | 5          | 0         
174   | 4,383,963.94    | 5          | 0         
175   | 4,380,590.31    | 5          | 0         
176   | 4,379,970.68    | 0          | 5         
177   | 4,090,309.60    | 5          | 0         
178   | 4,049,598.16    | 4          | 0         
179   | 4,049,570.25    | 5          | 0         
180   | 4,039,242.26    | 5          | 0         
181   | 4,038,925.39    | 5          | 0         
182   | 4,037,446.20    | 1          | 0         
183   | 4,037,439.29    | 5          | 0         
184   | 4,036,863.15    | 5          | 0         
185   | 4,036,847.84    | 5          | 0         
186   | 4,036,134.74    | 5          | 0         
187   | 4,035,979.23    | 1          | 0         
188   | 4,035,968.87    | 4          | 0         
189   | 4,035,790.54    | 5          | 0         
190   | 4,035,229.67    | 5          | 0         
191   | 4,029,578.59    | 5          | 0         
192   | 4,010,666.73    | 5          | 0         
193   | 4,010,033.96    | 5          | 0         
194   | 4,009,689.59    | 5          | 0         
195   | 4,009,648.95    | 5          | 0         
196   | 4,009,648.95    | 5          | 0         
197   | 4,009,626.54    | 3          | 0         
198   | 4,009,626.54    | 2          | 0         
199   | 4,009,567.69    | 5          | 0         
200   | 4,007,532.18    | 1          | 0         
201   | 4,007,525.96    | 3          | 0         
202   | 4,006,217.79    | 5          | 0         
203   | 4,006,180.11    | 5          | 0         
204   | 4,006,075.28    | 3          | 0         
205   | 3,998,821.58    | 2          | 0         
206   | 3,998,821.58    | 5          | 0         
207   | 3,998,354.22    | 5          | 0         
208   | 3,998,343.84    | 5          | 0         
209   | 3,998,319.06    | 5          | 0         
210   | 3,998,107.34    | 1          | 0         
211   | 3,998,107.34    | 5          | 0         
212   | 3,997,810.84    | 4          | 0         
213   | 3,977,716.25    | 5          | 0         
214   | 3,977,611.35    | 5          | 0         
215   | 3,975,350.73    | 5          | 0         
216   | 3,975,224.59    | 5          | 0         
217   | 3,975,181.04    | 5          | 0         
218   | 3,974,899.58    | 5          | 0         
219   | 3,974,849.15    | 5          | 0         
220   | 3,972,950.22    | 5          | 0         
221   | 3,969,295.95    | 5          | 0         
222   | 3,969,295.95    | 5          | 0         
223   | 3,969,107.25    | 3          | 0         
224   | 3,968,905.65    | 5          | 0         
225   | 3,968,714.74    | 5          | 0         
226   | 3,959,589.98    | 5          | 0         
227   | 3,958,775.10    | 5          | 0         
228   | 3,958,673.42    | 0          | 5         
229   | 3,662,915.29    | 3          | 5         
230   | 3,394,516.92    | 5          | 0         
231   | 3,394,516.92    | 5          | 0         
232   | 3,360,459.95    | 5          | 0         
233   | 3,334,626.38    | 5          | 0         
234   | 3,334,526.63    | 5          | 0         
235   | 3,329,942.73    | 5          | 0         
236   | 3,323,679.46    | 5          | 0         
237   | 3,323,609.85    | 3          | 0         
238   | 3,322,711.95    | 4          | 0         
239   | 3,322,708.09    | 1          | 0         
240   | 3,318,229.27    | 1          | 5         
241   | 3,226,381.87    | 5          | 0         
242   | 3,226,318.79    | 5          | 0         
243   | 3,161,120.69    | 5          | 0         
244   | 3,153,310.48    | 2          | 0         
245   | 3,153,310.48    | 5          | 0         
246   | 3,150,183.15    | 5          | 0         
247   | 3,149,680.69    | 3          | 0         
248   | 3,149,411.06    | 1          | 0         
249   | 3,149,393.40    | 5          | 0         
250   | 3,147,163.13    | 5          | 0         
251   | 3,147,087.99    | 1          | 0         
252   | 3,147,047.77    | 5          | 0         
253   | 3,147,040.94    | 0          | 5         
254   | 3,119,460.57    | 5          | 0         
255   | 3,119,454.61    | 5          | 0         
256   | 3,118,231.78    | 1          | 0         
257   | 3,118,231.78    | 2          | 0         
258   | 3,118,231.78    | 5          | 0         
259   | 3,118,225.82    | 3          | 0         
260   | 3,118,225.82    | 5          | 0         
261   | 3,118,013.05    | 5          | 0         
262   | 3,117,707.06    | 2          | 5         
263   | 3,013,309.43    | 0          | 5         
264   | 2,933,389.29    | 5          | 0         
265   | 2,933,376.89    | 2          | 0         
266   | 2,932,211.93    | 4          | 0         
267   | 2,808,880.61    | 5          | 0         
268   | 2,792,996.43    | 2          | 0         
269   | 2,790,590.73    | 5          | 0         
270   | 2,786,022.35    | 5          | 0         
271   | 2,783,801.37    | 0          | 5         
272   | 2,593,109.76    | 5          | 0         
273   | 2,592,091.08    | 5          | 0         
274   | 2,587,997.49    | 5          | 0         
275   | 2,571,071.05    | 1          | 0         
276   | 2,571,071.05    | 1          | 0         
277   | 2,571,071.05    | 5          | 0         
278   | 2,570,926.02    | 3          | 0         
279   | 2,570,757.53    | 1          | 0         
280   | 2,570,757.53    | 3          | 0         
281   | 2,570,757.53    | 5          | 0         
282   | 2,561,918.74    | 2          | 0         
283   | 2,561,807.87    | 5          | 0         
284   | 2,557,128.39    | 5          | 0         
285   | 2,557,102.43    | 5          | 0         
286   | 2,557,072.45    | 0          | 5         
287   | 2,473,703.18    | 3          | 0         
288   | 2,473,623.00    | 5          | 0         
289   | 2,388,558.77    | 5          | 0         
290   | 2,388,180.71    | 4          | 0         
291   | 2,388,135.24    | 4          | 0         
292   | 2,388,086.59    | 5          | 0         
293   | 2,361,299.41    | 2          | 0         
294   | 2,361,261.30    | 5          | 0         
295   | 2,353,925.18    | 4          | 0         
296   | 2,353,782.87    | 5          | 0         
297   | 2,353,560.42    | 5          | 0         
298   | 2,353,558.77    | 2          | 0         
299   | 2,344,964.27    | 5          | 0         
300   | 2,344,959.13    | 5          | 0         
301   | 2,344,911.59    | 0          | 5         
302   | 2,309,448.91    | 5          | 0         
303   | 2,309,270.57    | 1          | 0         
304   | 2,309,164.20    | 5          | 0         
305   | 2,296,460.55    | 2          | 0         
306   | 2,296,460.55    | 0          | 5         
307   | 2,270,412.00    | 5          | 0         
308   | 2,270,411.52    | 4          | 0         
309   | 2,270,360.39    | 3          | 5         
310   | 2,262,058.01    | 3          | 0         
311   | 2,261,994.04    | 3          | 0         
312   | 2,261,610.44    | 1          | 0         
313   | 2,260,005.61    | 5          | 0         
314   | 2,242,933.85    | 3          | 0         
315   | 2,242,817.80    | 0          | 5         
316   | 2,210,709.32    | 5          | 0         
317   | 2,210,666.25    | 5          | 0         
318   | 2,208,937.84    | 5          | 0         
319   | 2,208,579.00    | 5          | 0         
320   | 2,208,544.54    | 5          | 0         
321   | 2,205,767.33    | 5          | 0         
322   | 2,205,767.33    | 4          | 0         
323   | 2,205,713.51    | 1          | 0         
324   | 2,205,713.51    | 5          | 0         
325   | 2,205,355.54    | 5          | 0         
326   | 2,196,309.27    | 5          | 0         
327   | 2,196,156.19    | 5          | 0         
328   | 2,196,151.48    | 2          | 0         
329   | 2,196,151.48    | 5          | 0         
330   | 2,195,904.89    | 5          | 0         
331   | 2,195,904.89    | 4          | 0         
332   | 2,195,570.08    | 3          | 0         
333   | 2,195,567.91    | 4          | 0         
334   | 2,195,553.52    | 5          | 0         
335   | 2,195,520.26    | 5          | 0         
336   | 2,195,446.45    | 5          | 0         
337   | 2,195,230.08    | 0          | 5         
338   | 2,195,230.08    | 2          | 0         
339   | 2,195,230.08    | 3          | 0         
340   | 2,195,189.50    | 2          | 0         
341   | 2,195,189.50    | 1          | 0         
342   | 2,195,189.50    | 4          | 0         
343   | 2,195,121.63    | 4          | 0         
344   | 2,195,085.54    | 3          | 0         
345   | 2,195,085.54    | 5          | 0         
346   | 2,195,085.54    | 0          | 5         
347   | 2,194,414.65    | 5          | 0         
348   | 2,194,404.33    | 2          | 0         
349   | 2,194,403.82    | 5          | 0         
350   | 2,194,350.67    | 5          | 0         
351   | 2,194,196.64    | 5          | 0         
352   | 2,193,657.59    | 5          | 0         
353   | 2,193,657.59    | 2          | 0         
354   | 2,193,633.23    | 5          | 0         
355   | 2,193,556.22    | 0          | 5         
356   | 2,193,556.22    | 5          | 0         
357   | 2,193,520.66    | 4          | 0         
358   | 2,193,520.66    | 3          | 0         
359   | 2,193,520.66    | 3          | 0         
360   | 2,193,510.05    | 3          | 0         
361   | 2,193,472.67    | 0          | 5         
362   | 2,192,756.66    | 5          | 0         
363   | 2,192,263.73    | 5          | 0         
364   | 2,192,263.73    | 4          | 0         
365   | 2,192,259.83    | 3          | 0         
366   | 2,192,259.83    | 5          | 0         
367   | 2,192,101.87    | 0          | 5         
368   | 2,191,153.61    | 2          | 0         
369   | 2,191,135.71    | 0          | 5         
370   | 2,190,683.43    | 0          | 5         
371   | 2,190,318.31    | 1          | 5         
372   | 2,189,553.71    | 1          | 0         
373   | 2,189,553.71    | 5          | 0         
374   | 2,188,963.65    | 4          | 0         
375   | 2,188,963.65    | 5          | 0         
376   | 2,188,963.65    | 5          | 0         
377   | 2,188,962.60    | 4          | 0         
378   | 2,188,960.67    | 5          | 0         
379   | 2,188,960.67    | 5          | 0         
380   | 2,188,609.06    | 5          | 0         
381   | 2,188,609.06    | 5          | 0         
382   | 2,188,609.06    | 3          | 0         
383   | 2,188,566.97    | 3          | 0         
384   | 2,188,566.97    | 5          | 0         
385   | 2,188,526.11    | 1          | 0         
386   | 2,188,422.55    | 0          | 5         
387   | 2,187,854.25    | 0          | 5         
388   | 2,187,854.25    | 5          | 0         
389   | 2,187,735.60    | 5          | 0         
390   | 2,187,735.60    | 0          | 5         
391   | 2,187,560.98    | 5          | 0         
392   | 2,187,560.98    | 2          | 0         
393   | 2,187,560.98    | 2          | 0         
394   | 2,187,488.96    | 2          | 0         
395   | 2,187,414.28    | 0          | 5         
396   | 2,186,822.44    | 5          | 0         
397   | 2,186,588.28    | 1          | 0         
398   | 2,186,588.28    | 4          | 0         
399   | 2,186,588.28    | 4          | 0         
400   | 2,186,462.04    | 3          | 0         
401   | 2,186,266.50    | 5          | 0         
402   | 2,186,266.50    | 2          | 0         
403   | 2,186,266.50    | 2          | 0         
404   | 2,186,266.50    | 4          | 0         
405   | 2,186,161.53    | 5          | 0         
406   | 2,186,161.53    | 0          | 5         
407   | 2,186,151.50    | 3          | 0         
408   | 2,186,151.50    | 5          | 0         
409   | 2,186,128.30    | 2          | 0         
410   | 2,186,128.30    | 3          | 0         
411   | 2,186,128.30    | 3          | 0         
412   | 2,186,128.30    | 1          | 0         
413   | 2,186,128.30    | 2          | 0         
414   | 2,186,122.46    | 0          | 5         
415   | 2,185,724.12    | 1          | 0         
416   | 2,185,724.12    | 2          | 0         
417   | 2,185,636.78    | 5          | 0         
418   | 2,185,613.54    | 1          | 0         
419   | 2,185,613.54    | 5          | 0         
420   | 2,185,480.79    | 5          | 0         
421   | 2,185,480.79    | 5          | 0         
422   | 2,185,478.68    | 3          | 0         
423   | 2,185,478.68    | 5          | 0         
424   | 2,185,478.68    | 5          | 0         
425   | 2,185,478.68    | 5          | 0         
426   | 2,185,478.68    | 4          | 0         
427   | 2,185,478.68    | 1          | 0         
428   | 2,185,449.15    | 4          | 0         
429   | 2,185,449.15    | 1          | 0         
430   | 2,185,449.15    | 5          | 0         
431   | 2,185,449.15    | 2          | 0         
432   | 2,185,449.15    | 2          | 0         
433   | 2,185,250.48    | 2          | 0         
434   | 2,185,250.48    | 5          | 0         
435   | 2,185,250.48    | 0          | 5         
436   | 2,185,250.48    | 3          | 0         
437   | 2,185,202.75    | 0          | 5         
438   | 2,185,021.57    | 5          | 0         
439   | 2,185,021.57    | 2          | 0         
440   | 2,184,970.42    | 0          | 5         
441   | 2,184,970.42    | 0          | 5         
442   | 2,184,587.87    | 0          | 5         
443   | 2,184,353.01    | 0          | 5         
444   | 2,183,808.73    | 0          | 5         
445   | 2,183,804.18    | 5          | 0         
446   | 2,183,724.16    | 2          | 0         
447   | 2,183,670.85    | 0          | 5         
448   | 2,183,423.50    | 5          | 0         
449   | 2,183,422.60    | 1          | 0         
450   | 2,183,403.03    | 0          | 5         
451   | 2,183,359.76    | 5          | 0         
452   | 2,183,225.71    | 5          | 0         
453   | 2,183,225.72    | 5          | 0         
454   | 2,183,225.72    | 5          | 0         
455   | 2,183,225.71    | 5          | 0         
456   | 2,183,225.71    | 2          | 0         
457   | 2,183,225.71    | 5          | 0         
458   | 2,183,225.72    | 5          | 0         
459   | 2,183,224.75    | 0          | 5         
460   | 2,182,962.85    | 5          | 0         
461   | 2,182,962.85    | 5          | 0         
462   | 2,182,962.85    | 3          | 0         
463   | 2,182,961.64    | 0          | 5         
464   | 2,182,959.24    | 3          | 0         
465   | 2,182,959.24    | 0          | 5         
466   | 2,182,959.24    | 3          | 0         
467   | 2,182,959.24    | 0          | 5         
468   | 2,182,837.50    | 2          | 0         
469   | 2,182,837.50    | 1          | 0         
470   | 2,182,837.50    | 1          | 0         
471   | 2,182,837.50    | 2          | 0         
472   | 2,182,837.50    | 3          | 0         
473   | 2,182,837.50    | 0          | 5         
474   | 2,182,837.50    | 3          | 0         
475   | 2,182,837.50    | 2          | 0         
476   | 2,182,837.50    | 0          | 5         
477   | 2,182,837.50    | 2          | 0         
478   | 2,182,837.50    | 4          | 0         
479   | 2,182,837.50    | 4          | 0         
480   | 2,182,837.50    | 1          | 0         
481   | 2,182,837.50    | 1          | 0         
482   | 2,182,837.50    | 0          | 5         
483   | 2,182,835.85    | 5          | 0         
484   | 2,182,835.85    | 1          | 0         
485   | 2,182,835.85    | 5          | 0         
486   | 2,182,835.85    | 3          | 0         
487   | 2,182,835.85    | 1          | 0         
488   | 2,182,835.85    | 5          | 0         
489   | 2,182,835.85    | 4          | 0         
490   | 2,182,830.43    | 1          | 0         
491   | 2,182,830.43    | 3          | 0         
492   | 2,182,830.43    | 0          | 5         
493   | 2,182,731.06    | 4          | 0         
494   | 2,182,731.04    | 2          | 0         
495   | 2,182,717.84    | 0          | 5         
496   | 2,182,679.36    | 5          | 0         
497   | 2,182,679.36    | 3          | 0         
498   | 2,182,679.36    | 1          | 0         
499   | 2,182,679.36    | 5          | 0         
500   | 2,182,679.36    | 3          | 0         
501   | 2,182,679.36    | 3          | 0         
502   | 2,182,679.36    | 2          | 0         
503   | 2,182,679.36    | 0          | 5         
504   | 2,182,628.12    | 1          | 0         
505   | 2,182,628.12    | 1          | 0         
506   | 2,182,628.12    | 1          | 0         
507   | 2,182,628.12    | 4          | 0         
508   | 2,182,626.97    | 3          | 0         
509   | 2,182,626.97    | 2          | 0         
510   | 2,182,626.97    | 4          | 0         
511   | 2,182,548.15    | 0          | 5         
512   | 2,182,548.15    | 0          | 5         
513   | 2,182,548.15    | 0          | 5         
514   | 2,182,384.87    | 0          | 5         
515   | 2,182,384.87    | 4          | 0         
516   | 2,182,384.87    | 4          | 0         
517   | 2,182,384.87    | 0          | 5         
518   | 2,182,325.00    | 0          | 5         
519   | 2,182,325.00    | 0          | 5         
520   | 2,182,325.00    | 5          | 0         
521   | 2,182,287.41    | 0          | 5         
522   | 2,182,287.41    | 5          | 0         
523   | 2,182,278.35    | 3          | 0         
524   | 2,182,278.35    | 3          | 0         
525   | 2,182,246.94    | 3          | 0         
526   | 2,182,246.94    | 0          | 5         
527   | 2,182,203.41    | 0          | 5         
528   | 2,182,203.41    | 0          | 5         
529   | 2,182,203.41    | 5          | 0         
530   | 2,182,203.41    | 3          | 0         
531   | 2,182,203.41    | 0          | 5         
532   | 2,182,203.41    | 1          | 0         
533   | 2,182,203.41    | 0          | 5         
534   | 2,182,173.00    | 2          | 0         
535   | 2,182,173.00    | 0          | 5         
536   | 2,182,173.01    | 2          | 0         
537   | 2,182,082.84    | 0          | 5         
538   | 2,181,926.42    | 3          | 0         
539   | 2,181,926.43    | 0          | 5         
540   | 2,181,576.06    | 1          | 0         
541   | 2,181,576.06    | 3          | 0         
542   | 2,181,576.06    | 2          | 0         
543   | 2,181,576.06    | 1          | 0         
544   | 2,181,576.06    | 2          | 0         
545   | 2,181,576.06    | 0          | 5         
546   | 2,181,576.06    | 2          | 0         
547   | 2,181,576.06    | 0          | 5         
548   | 2,181,536.57    | 2          | 0         
549   | 2,181,536.57    | 4          | 0         
550   | 2,181,531.75    | 2          | 0         
551   | 2,181,531.75    | 4          | 0         
552   | 2,181,531.75    | 5          | 0         
553   | 2,181,531.75    | 3          | 0         
554   | 2,181,531.75    | 1          | 0         
555   | 2,181,531.75    | 3          | 0         
556   | 2,181,509.36    | 5          | 0         
557   | 2,181,506.35    | 1          | 0         
558   | 2,181,506.35    | 2          | 0         
559   | 2,181,506.35    | 4          | 0         
560   | 2,181,506.35    | 5          | 0         
561   | 2,181,506.35    | 1          | 0         
562   | 2,181,506.35    | 3          | 0         
563   | 2,181,506.35    | 1          | 0         
564   | 2,181,506.35    | 5          | 0         
565   | 2,181,506.35    | 5          | 0         
566   | 2,181,506.35    | 5          | 0         
567   | 2,181,506.35    | 0          | 5         
568   | 2,181,494.76    | 0          | 5         
569   | 2,181,454.50    | 5          | 0         
570   | 2,181,446.75    | 3          | 0         
571   | 2,181,446.75    | 0          | 5         
572   | 2,181,435.71    | 5          | 0         
573   | 2,181,435.71    | 4          | 0         
574   | 2,181,435.71    | 3          | 0         
575   | 2,181,435.71    | 5          | 0         
576   | 2,181,435.71    | 2          | 0         
577   | 2,181,435.71    | 0          | 4         
578   | 2,181,435.71    | 3          | 0         
579   | 2,181,435.71    | 3          | 0         
580   | 2,181,435.71    | 5          | 0         
581   | 2,181,435.71    | 5          | 0         
582   | 2,181,435.71    | 5          | 0         
583   | 2,181,435.71    | 5          | 0         
584   | 2,181,435.71    | 3          | 0         
585   | 2,181,435.71    | 5          | 0         
586   | 2,181,435.71    | 5          | 0         
587   | 2,181,435.71    | 2          | 0         
588   | 2,181,435.71    | 2          | 0         
589   | 2,181,435.71    | 2          | 0         
590   | 2,181,435.71    | 4          | 0         
591   | 2,181,435.71    | 4          | 0         
592   | 2,181,435.71    | 5          | 0         
593   | 2,181,435.71    | 4          | 0         
594   | 2,181,435.71    | 5          | 0         
595   | 2,181,435.71    | 3          | 0         
596   | 2,181,435.71    | 5          | 0         
597   | 2,181,435.71    | 3          | 0         
598   | 2,181,435.71    | 5          | 0         
599   | 2,181,435.71    | 2          | 0         
600   | 2,181,435.71    | 5          | 0         
601   | 2,181,435.71    | 5          | 0         
602   | 2,181,435.71    | 5          | 0         
603   | 2,181,435.71    | 2          | 0         
604   | 2,181,435.71    | 1          | 0         
605   | 2,181,435.71    | 3          | 0         
606   | 2,181,435.71    | 5          | 0         
607   | 2,181,435.71    | 3          | 0         
608   | 2,181,435.71    | 2          | 0         
609   | 2,181,435.71    | 5          | 0         
610   | 2,181,435.71    | 5          | 0         
611   | 2,181,435.71    | 5          | 0         
612   | 2,181,435.71    | 5          | 0         
613   | 2,181,435.71    | 5          | 0         
614   | 2,181,435.71    | 3          | 0         
615   | 2,181,435.71    | 1          | 0         
616   | 2,181,435.71    | 5          | 0         
617   | 2,181,435.71    | 5          | 0         
618   | 2,181,435.71    | 4          | 0         
619   | 2,181,433.45    | 2          | 0         
620   | 2,181,433.45    | 3          | 0         
621   | 2,181,433.45    | 1          | 0         
622   | 2,181,433.45    | 5          | 0         
623   | 2,181,433.33    | 5          | 0         
624   | 2,181,433.33    | 5          | 0         
625   | 2,181,433.33    | 4          | 0         
626   | 2,181,433.33    | 5          | 0         
627   | 2,181,433.33    | 5          | 0         
628   | 2,181,433.33    | 1          | 0         
629   | 2,181,433.33    | 5          | 0         
630   | 2,181,433.33    | 2          | 0         
631   | 2,181,419.14    | 5          | 0         
632   | 2,181,419.14    | 0          | 4         
633   | 2,181,371.54    | 2          | 0         
634   | 2,181,371.54    | 1          | 0         
635   | 2,181,371.54    | 1          | 0         
636   | 2,181,371.54    | 3          | 0         
637   | 2,181,371.54    | 5          | 0         
638   | 2,181,371.54    | 5          | 0         
639   | 2,181,371.54    | 1          | 0         
640   | 2,181,371.54    | 2          | 0         
641   | 2,181,371.54    | 5          | 0         
642   | 2,181,371.54    | 2          | 0         
643   | 2,181,371.54    | 5          | 0         
644   | 2,181,371.54    | 3          | 0         
645   | 2,181,371.54    | 2          | 0         
646   | 2,181,371.54    | 5          | 0         
647   | 2,181,371.54    | 2          | 0         
648   | 2,181,371.54    | 1          | 0         
649   | 2,181,371.54    | 3          | 0         
650   | 2,181,371.54    | 5          | 0         
651   | 2,181,371.54    | 1          | 0         
652   | 2,181,371.54    | 0          | 5         
653   | 2,181,278.57    | 0          | 5         
654   | 2,181,278.57    | 3          | 0         
655   | 2,181,278.57    | 2          | 0         
656   | 2,181,278.57    | 0          | 5         
657   | 2,181,201.44    | 1          | 0         
658   | 2,181,201.44    | 1          | 0         
659   | 2,181,201.44    | 1          | 0         
660   | 2,181,201.44    | 0          | 4         
661   | 2,181,196.87    | 4          | 0         
662   | 2,181,196.87    | 0          | 4         
663   | 2,181,196.88    | 0          | 5         
664   | 2,180,997.55    | 4          | 0         
665   | 2,180,938.44    | 1          | 0         
666   | 2,180,938.44    | 0          | 4         
667   | 2,180,938.44    | 1          | 0         
668   | 2,180,934.68    | 0          | 5         
669   | 2,180,934.68    | 3          | 0         
670   | 2,180,934.68    | 1          | 0         
671   | 2,180,934.68    | 1          | 0         
672   | 2,180,934.68    | 2          | 0         
673   | 2,180,934.68    | 0          | 4         
674   | 2,180,934.68    | 0          | 4         
675   | 2,180,934.68    | 2          | 0         
676   | 2,180,934.68    | 0          | 4         
677   | 2,180,918.01    | 0          | 5         
678   | 2,180,918.01    | 0          | 4         
679   | 2,180,918.01    | 1          | 0         
680   | 2,180,918.01    | 0          | 4         
681   | 2,180,847.30    | 0          | 4         
682   | 2,180,847.30    | 3          | 0         
683   | 2,180,847.30    | 2          | 0         
684   | 2,180,847.30    | 5          | 0         
685   | 2,180,828.95    | 0          | 4         
686   | 2,180,828.95    | 0          | 4         
687   | 2,180,772.50    | 1          | 0         
688   | 2,180,772.50    | 0          | 4         
689   | 2,180,772.50    | 1          | 0         
690   | 2,180,772.50    | 0          | 5         
691   | 2,180,772.50    | 0          | 4         
692   | 2,180,772.50    | 0          | 5         
693   | 2,180,772.50    | 0          | 4         
694   | 2,180,772.50    | 0          | 4         
695   | 2,180,772.50    | 2          | 0         
696   | 2,180,772.50    | 4          | 0         
697   | 2,180,772.50    | 2          | 0         
698   | 2,180,772.22    | 0          | 4         
699   | 2,180,772.22    | 3          | 0         
700   | 2,180,772.22    | 3          | 0         
701   | 2,180,772.22    | 2          | 0         
702   | 2,180,772.22    | 5          | 0         
703   | 2,180,772.22    | 0          | 4         
704   | 2,180,772.22    | 5          | 0         
705   | 2,180,772.22    | 1          | 0         
706   | 2,180,772.22    | 2          | 0         
707   | 2,180,768.13    | 5          | 0         
708   | 2,180,768.13    | 3          | 0         
709   | 2,180,768.13    | 1          | 0         
710   | 2,180,768.13    | 3          | 0         
711   | 2,180,768.13    | 2          | 0         
712   | 2,180,768.13    | 2          | 0         
713   | 2,180,768.13    | 0          | 4         
714   | 2,180,768.13    | 0          | 4         
715   | 2,180,750.00    | 0          | 2         
716   | 2,180,750.00    | 0          | 2         
717   | 2,180,750.00    | 0          | 3         
718   | 2,180,750.00    | 0          | 0         
