==========================================================
 ANALYSIS REPORT: Week 16
==========================================================

1. Performance Metrics
----------------------
  Objective Value : 3,325,500.00
  Execution Time  : 154.2487 sec
  Iterations      : 136
  RMP Time (LP)   : 60.0096 s
  RMP Time (MIP)  : 30.2829 s
  Pool Search Time: 0.0008 s
  Graph Search Time: 63.7815 s
  MIP Decision Variables: 456 (Columns used in Final MIP)
  MIP Filtered Columns  : 924 (Removed before MIP)

2. Column Generation & Pool Statistics
--------------------------------------
  Total Columns Generated (History) : 1380
  Pool Hits (Reused from History)   : 0
  Graph Gen (Newly Created)         : 1360
  Pool Hit Rate                     : 0.0%

3. Shift Pattern Diversity (Unique Patterns)
------------------------------------------
  Type: TypeA  | Unique Patterns:  137 / Total Gen:  274
       -> Avg Length of Unique Patterns: 43.4 hours
  Type: TypeB  | Unique Patterns:  137 / Total Gen:  548
       -> Avg Length of Unique Patterns: 31.0 hours
  Type: TypeC  | Unique Patterns:  137 / Total Gen:  548
       -> Avg Length of Unique Patterns: 21.7 hours

4. Final Schedule Assignment Breakdown
--------------------------------------
  Emp 0  (TypeA): 44 hours worked
  Emp 1  (TypeA): 45 hours worked
  Emp 2  (TypeB): 28 hours worked
  Emp 3  (TypeB): 38 hours worked
  Emp 4  (TypeB): 35 hours worked
  Emp 5  (TypeB): 34 hours worked
  Emp 6  (TypeC): 25 hours worked
  Emp 7  (TypeC): 19 hours worked
  Emp 8  (TypeC): 19 hours worked
  Emp 9  (TypeC): 22 hours worked

5. Iteration History (Convergence Log)
--------------------------------------
Iter  | RMP Obj Value   | Pool Hits  | Graph Gen 
--------------------------------------------------
1     | 236,028,000.00  | 0          | 10        
2     | 88,305,600.00   | 0          | 10        
3     | 43,391,800.00   | 0          | 10        
4     | 23,381,500.00   | 0          | 10        
5     | 16,374,500.00   | 0          | 10        
6     | 11,039,266.73   | 0          | 10        
7     | 7,371,500.00    | 0          | 10        
8     | 7,129,370.56    | 0          | 10        
9     | 6,365,786.08    | 0          | 10        
10    | 5,870,259.16    | 0          | 10        
11    | 5,575,484.22    | 0          | 10        
12    | 4,806,702.64    | 0          | 10        
13    | 4,007,528.16    | 0          | 10        
14    | 3,322,459.11    | 0          | 10        
15    | 2,615,893.74    | 0          | 10        
16    | 1,863,295.93    | 0          | 10        
17    | 1,364,633.09    | 0          | 10        
18    | 890,223.70      | 0          | 10        
19    | 578,073.60      | 0          | 10        
20    | 444,670.06      | 0          | 10        
21    | 365,372.11      | 0          | 10        
22    | 361,456.02      | 0          | 10        
23    | 359,294.86      | 0          | 10        
24    | 356,230.75      | 0          | 10        
25    | 352,714.65      | 0          | 10        
26    | 351,467.10      | 0          | 10        
27    | 350,265.55      | 0          | 10        
28    | 348,176.57      | 0          | 10        
29    | 344,935.44      | 0          | 10        
30    | 342,524.21      | 0          | 10        
31    | 341,624.63      | 0          | 10        
32    | 340,974.80      | 0          | 10        
33    | 339,118.08      | 0          | 10        
34    | 337,680.35      | 0          | 10        
35    | 336,513.70      | 0          | 10        
36    | 335,623.83      | 0          | 10        
37    | 335,106.74      | 0          | 10        
38    | 334,711.53      | 0          | 10        
39    | 334,163.19      | 0          | 10        
40    | 333,809.84      | 0          | 10        
41    | 333,534.99      | 0          | 10        
42    | 333,068.46      | 0          | 10        
43    | 332,277.31      | 0          | 10        
44    | 331,796.96      | 0          | 10        
45    | 331,349.88      | 0          | 10        
46    | 330,778.19      | 0          | 10        
47    | 328,967.94      | 0          | 10        
48    | 328,047.16      | 0          | 10        
49    | 327,290.35      | 0          | 10        
50    | 326,562.69      | 0          | 10        
51    | 326,132.09      | 0          | 10        
52    | 325,708.71      | 0          | 10        
53    | 325,365.12      | 0          | 10        
54    | 325,111.51      | 0          | 10        
55    | 324,724.86      | 0          | 10        
56    | 324,424.67      | 0          | 10        
57    | 323,566.37      | 0          | 10        
58    | 323,229.82      | 0          | 10        
59    | 323,018.74      | 0          | 10        
60    | 322,564.77      | 0          | 10        
61    | 322,472.37      | 0          | 10        
62    | 322,295.67      | 0          | 10        
63    | 321,552.45      | 0          | 10        
64    | 321,328.78      | 0          | 10        
65    | 321,007.39      | 0          | 10        
66    | 320,541.60      | 0          | 10        
67    | 320,172.49      | 0          | 10        
68    | 319,820.54      | 0          | 10        
69    | 319,739.51      | 0          | 10        
70    | 319,629.90      | 0          | 10        
71    | 319,236.70      | 0          | 10        
72    | 319,005.11      | 0          | 10        
73    | 318,915.09      | 0          | 10        
74    | 318,449.54      | 0          | 10        
75    | 317,708.49      | 0          | 10        
76    | 317,310.12      | 0          | 10        
77    | 316,784.43      | 0          | 10        
78    | 316,682.30      | 0          | 10        
79    | 316,159.47      | 0          | 10        
80    | 315,689.95      | 0          | 10        
81    | 315,580.43      | 0          | 10        
82    | 315,390.26      | 0          | 10        
83    | 315,181.88      | 0          | 10        
84    | 314,312.67      | 0          | 10        
85    | 314,165.04      | 0          | 10        
86    | 314,002.02      | 0          | 10        
87    | 313,849.81      | 0          | 10        
88    | 313,811.58      | 0          | 10        
89    | 313,717.51      | 0          | 10        
90    | 313,696.81      | 0          | 10        
91    | 313,597.80      | 0          | 10        
92    | 313,490.54      | 0          | 10        
93    | 313,316.40      | 0          | 10        
94    | 313,266.03      | 0          | 10        
95    | 313,168.33      | 0          | 10        
96    | 313,116.66      | 0          | 10        
97    | 313,060.15      | 0          | 10        
98    | 312,941.57      | 0          | 10        
99    | 312,858.75      | 0          | 10        
100   | 312,754.70      | 0          | 10        
101   | 312,699.48      | 0          | 10        
102   | 312,650.00      | 0          | 10        
103   | 312,608.97      | 0          | 10        
104   | 312,608.97      | 0          | 10        
105   | 312,498.93      | 0          | 10        
106   | 312,202.10      | 0          | 10        
107   | 312,101.63      | 0          | 10        
108   | 311,902.28      | 0          | 10        
109   | 311,801.75      | 0          | 10        
110   | 311,745.77      | 0          | 10        
111   | 311,699.94      | 0          | 10        
112   | 311,592.59      | 0          | 10        
113   | 311,468.91      | 0          | 10        
114   | 311,405.22      | 0          | 10        
115   | 311,242.96      | 0          | 10        
116   | 311,118.54      | 0          | 10        
117   | 311,084.88      | 0          | 10        
118   | 310,982.21      | 0          | 10        
119   | 310,935.20      | 0          | 10        
120   | 310,920.10      | 0          | 10        
121   | 310,785.70      | 0          | 10        
122   | 310,674.79      | 0          | 10        
123   | 310,643.96      | 0          | 10        
124   | 310,598.08      | 0          | 10        
125   | 310,562.46      | 0          | 10        
126   | 310,394.24      | 0          | 10        
127   | 310,305.67      | 0          | 10        
128   | 310,122.53      | 0          | 10        
129   | 310,041.32      | 0          | 10        
130   | 309,944.43      | 0          | 10        
131   | 309,865.75      | 0          | 10        
132   | 309,865.75      | 0          | 10        
133   | 309,809.53      | 0          | 10        
134   | 309,785.17      | 0          | 10        
135   | 309,783.48      | 0          | 10        
136   | 309,769.09      | 0          | 10        
