==========================================================
 ANALYSIS REPORT: Week 9
==========================================================

0. Solver Configuration
-----------------------
  max_iter             : 1000
  time_limit           : 3600
  tol                  : 1e-08
  patience             : 100
  mip_rc_threshold     : 100000
  mip_gap              : 0.01

1. Performance Metrics
----------------------
  Objective Value : 2,184,000.00
  RMP Relaxed Value (Root): 1,680,150.00
  Integrality Gap       : 29.9884 %
  MIP Best Bound (Final)  : 2,184,000.00
  Final MIP Gap           : 0.0000 %
  Execution Time  : 147.4447 sec
  Iterations      : 261
  RMP Time  : 89.8701 s
  MIP Time  : 4.3135 s
  Pool Search Time: 5.9189 s
  Graph Search Time: 47.1582 s
  MIP Decision Variables: 868 (Columns used in Final MIP)
  MIP Filtered Columns  : 352 (Removed before MIP)

2. Column Generation & Pool Statistics
--------------------------------------
  Total Columns Generated (History) : 2038
  Pool Hits (Reused from History)   : 182
  Graph Gen (Newly Created)         : 1028
  Pool Hit Rate                     : 15.0%

3. Shift Pattern Diversity (Unique Patterns)
------------------------------------------
  Type: TypeA  | Unique Patterns:  409 / Total Gen:  409
       -> Avg Length of Unique Patterns: 46.4 hours
  Type: TypeB  | Unique Patterns:  352 / Total Gen:  704
       -> Avg Length of Unique Patterns: 36.7 hours
  Type: TypeC  | Unique Patterns:  460 / Total Gen:  920
       -> Avg Length of Unique Patterns: 23.9 hours

4. Final Schedule Assignment Breakdown
--------------------------------------
  Emp 0  (TypeA): 46 hours worked
  Emp 1  (TypeB): 37 hours worked
  Emp 2  (TypeB): 36 hours worked
  Emp 3  (TypeC): 24 hours worked
  Emp 4  (TypeC): 26 hours worked

5. Iteration History (Convergence Log)
--------------------------------------
Iter  | RMP Obj Value   | Pool Hits  | Graph Gen 
--------------------------------------------------
1     | 102,012,000.00  | 5          | 0         
2     | 36,177,500.00   | 5          | 0         
3     | 23,192,600.00   | 5          | 0         
4     | 22,194,899.89   | 5          | 0         
5     | 18,596,000.00   | 5          | 0         
6     | 17,697,450.00   | 5          | 0         
7     | 17,340,585.74   | 5          | 0         
8     | 16,973,157.50   | 5          | 0         
9     | 16,483,057.04   | 5          | 0         
10    | 16,188,552.82   | 4          | 1         
11    | 15,402,185.46   | 5          | 0         
12    | 14,880,392.00   | 5          | 0         
13    | 14,739,223.00   | 5          | 0         
14    | 14,557,298.22   | 5          | 0         
15    | 14,557,298.22   | 5          | 0         
16    | 14,417,655.63   | 2          | 3         
17    | 11,698,850.00   | 5          | 0         
18    | 11,375,364.65   | 5          | 0         
19    | 11,197,240.00   | 5          | 0         
20    | 11,197,240.00   | 5          | 0         
21    | 11,197,240.00   | 3          | 2         
22    | 10,872,850.76   | 5          | 0         
23    | 10,485,198.52   | 5          | 0         
24    | 10,309,741.13   | 3          | 2         
25    | 9,749,047.82    | 2          | 3         
26    | 9,256,305.59    | 4          | 1         
27    | 8,781,299.96    | 4          | 1         
28    | 8,165,663.24    | 2          | 3         
29    | 7,336,918.19    | 2          | 3         
30    | 7,143,990.28    | 4          | 1         
31    | 6,853,471.55    | 2          | 3         
32    | 6,642,970.24    | 2          | 3         
33    | 6,392,958.34    | 2          | 3         
34    | 6,243,821.12    | 3          | 2         
35    | 6,230,479.64    | 2          | 3         
36    | 6,163,247.44    | 2          | 3         
37    | 6,047,295.31    | 2          | 3         
38    | 5,984,900.96    | 2          | 3         
39    | 5,926,714.99    | 2          | 3         
40    | 5,885,118.36    | 2          | 3         
41    | 5,833,854.87    | 2          | 3         
42    | 5,779,371.26    | 0          | 5         
43    | 4,929,082.83    | 4          | 1         
44    | 4,822,493.41    | 4          | 1         
45    | 4,769,556.00    | 2          | 3         
46    | 4,572,977.88    | 0          | 5         
47    | 4,035,970.83    | 2          | 3         
48    | 3,722,412.05    | 3          | 2         
49    | 3,599,991.83    | 0          | 5         
50    | 3,280,153.18    | 0          | 5         
51    | 3,077,382.97    | 2          | 3         
52    | 3,006,289.45    | 0          | 5         
53    | 2,779,582.43    | 0          | 5         
54    | 2,647,290.46    | 0          | 5         
55    | 2,525,694.75    | 0          | 5         
56    | 2,390,002.70    | 0          | 5         
57    | 2,304,285.70    | 0          | 5         
58    | 2,135,597.91    | 0          | 5         
59    | 2,048,093.86    | 0          | 5         
60    | 1,923,804.68    | 2          | 3         
61    | 1,905,657.92    | 0          | 5         
62    | 1,871,587.85    | 1          | 4         
63    | 1,830,168.44    | 0          | 5         
64    | 1,789,131.22    | 1          | 4         
65    | 1,768,580.24    | 2          | 3         
66    | 1,729,238.95    | 2          | 3         
67    | 1,715,619.51    | 0          | 5         
68    | 1,706,954.80    | 2          | 3         
69    | 1,695,788.35    | 0          | 5         
70    | 1,694,851.42    | 2          | 3         
71    | 1,694,285.06    | 0          | 5         
72    | 1,694,285.06    | 0          | 5         
73    | 1,694,285.06    | 0          | 5         
74    | 1,693,025.57    | 0          | 5         
75    | 1,692,792.80    | 0          | 5         
76    | 1,692,597.02    | 0          | 5         
77    | 1,692,295.33    | 0          | 5         
78    | 1,692,295.33    | 0          | 5         
79    | 1,692,249.14    | 0          | 5         
80    | 1,691,624.92    | 0          | 5         
81    | 1,690,643.59    | 0          | 5         
82    | 1,690,271.71    | 0          | 5         
83    | 1,690,271.71    | 0          | 5         
84    | 1,690,041.39    | 0          | 5         
85    | 1,689,492.32    | 0          | 5         
86    | 1,688,933.75    | 0          | 5         
87    | 1,688,527.82    | 0          | 5         
88    | 1,688,178.80    | 0          | 5         
89    | 1,687,460.46    | 0          | 5         
90    | 1,687,460.46    | 0          | 5         
91    | 1,687,198.09    | 0          | 5         
92    | 1,687,062.02    | 0          | 5         
93    | 1,686,853.22    | 0          | 5         
94    | 1,686,081.80    | 0          | 5         
95    | 1,686,081.80    | 0          | 5         
96    | 1,686,081.80    | 0          | 5         
97    | 1,685,730.60    | 0          | 5         
98    | 1,684,803.89    | 0          | 5         
99    | 1,684,799.23    | 0          | 5         
100   | 1,684,639.02    | 0          | 5         
101   | 1,684,325.33    | 0          | 5         
102   | 1,684,201.12    | 0          | 5         
103   | 1,684,201.12    | 0          | 5         
104   | 1,683,834.10    | 0          | 5         
105   | 1,683,805.36    | 0          | 5         
106   | 1,683,190.67    | 0          | 5         
107   | 1,683,155.48    | 0          | 5         
108   | 1,683,068.04    | 0          | 5         
109   | 1,682,974.63    | 0          | 5         
110   | 1,682,776.76    | 0          | 5         
111   | 1,682,621.71    | 0          | 5         
112   | 1,682,469.24    | 0          | 5         
113   | 1,682,396.45    | 0          | 5         
114   | 1,682,168.33    | 0          | 5         
115   | 1,682,096.02    | 0          | 5         
116   | 1,681,859.58    | 0          | 5         
117   | 1,681,859.58    | 0          | 5         
118   | 1,681,738.10    | 0          | 5         
119   | 1,681,728.58    | 0          | 5         
120   | 1,681,728.58    | 0          | 5         
121   | 1,681,722.45    | 0          | 5         
122   | 1,681,697.61    | 0          | 5         
123   | 1,681,601.46    | 0          | 5         
124   | 1,681,601.46    | 0          | 5         
125   | 1,681,502.43    | 0          | 5         
126   | 1,681,484.43    | 0          | 5         
127   | 1,681,468.94    | 0          | 5         
128   | 1,681,468.94    | 0          | 5         
129   | 1,681,468.94    | 0          | 5         
130   | 1,681,468.93    | 0          | 5         
131   | 1,681,454.80    | 0          | 5         
132   | 1,681,446.27    | 0          | 5         
133   | 1,681,438.66    | 0          | 5         
134   | 1,681,379.03    | 0          | 5         
135   | 1,681,270.51    | 0          | 5         
136   | 1,681,270.51    | 0          | 5         
137   | 1,681,270.51    | 0          | 5         
138   | 1,681,270.51    | 0          | 5         
139   | 1,681,270.51    | 0          | 5         
140   | 1,681,168.82    | 0          | 5         
141   | 1,681,077.18    | 0          | 5         
142   | 1,681,044.69    | 0          | 5         
143   | 1,681,044.69    | 0          | 5         
144   | 1,680,971.42    | 0          | 5         
145   | 1,680,948.33    | 0          | 5         
146   | 1,680,877.20    | 0          | 5         
147   | 1,680,843.42    | 0          | 5         
148   | 1,680,843.42    | 0          | 5         
149   | 1,680,843.42    | 0          | 5         
150   | 1,680,843.42    | 0          | 5         
151   | 1,680,843.42    | 0          | 5         
152   | 1,680,747.79    | 0          | 5         
153   | 1,680,747.79    | 0          | 5         
154   | 1,680,747.79    | 0          | 5         
155   | 1,680,747.79    | 0          | 5         
156   | 1,680,747.79    | 0          | 5         
157   | 1,680,747.79    | 0          | 4         
158   | 1,680,747.79    | 0          | 5         
159   | 1,680,747.79    | 0          | 5         
160   | 1,680,747.79    | 0          | 4         
161   | 1,680,747.79    | 0          | 4         
162   | 1,680,732.23    | 0          | 5         
163   | 1,680,695.43    | 0          | 5         
164   | 1,680,695.43    | 0          | 5         
165   | 1,680,592.83    | 0          | 4         
166   | 1,680,592.83    | 0          | 5         
167   | 1,680,592.83    | 0          | 5         
168   | 1,680,592.83    | 0          | 4         
169   | 1,680,592.83    | 0          | 5         
170   | 1,680,592.83    | 0          | 4         
171   | 1,680,554.08    | 0          | 5         
172   | 1,680,554.08    | 0          | 5         
173   | 1,680,554.08    | 0          | 5         
174   | 1,680,554.08    | 0          | 4         
175   | 1,680,554.08    | 0          | 5         
176   | 1,680,548.23    | 0          | 5         
177   | 1,680,548.23    | 0          | 4         
178   | 1,680,548.23    | 0          | 5         
179   | 1,680,548.23    | 0          | 4         
180   | 1,680,548.23    | 0          | 5         
181   | 1,680,515.83    | 0          | 5         
182   | 1,680,511.83    | 0          | 5         
183   | 1,680,511.83    | 0          | 4         
184   | 1,680,511.83    | 0          | 5         
185   | 1,680,511.83    | 0          | 5         
186   | 1,680,511.83    | 0          | 4         
187   | 1,680,491.99    | 0          | 4         
188   | 1,680,491.99    | 0          | 5         
189   | 1,680,387.36    | 0          | 4         
190   | 1,680,383.49    | 0          | 5         
191   | 1,680,383.49    | 0          | 4         
192   | 1,680,383.49    | 0          | 4         
193   | 1,680,383.49    | 0          | 5         
194   | 1,680,383.49    | 0          | 5         
195   | 1,680,383.49    | 0          | 5         
196   | 1,680,383.49    | 0          | 5         
197   | 1,680,383.49    | 0          | 4         
198   | 1,680,383.49    | 0          | 5         
199   | 1,680,383.49    | 0          | 4         
200   | 1,680,383.33    | 0          | 4         
201   | 1,680,383.33    | 0          | 4         
202   | 1,680,383.33    | 0          | 4         
203   | 1,680,383.33    | 0          | 4         
204   | 1,680,383.33    | 0          | 4         
205   | 1,680,322.38    | 0          | 4         
206   | 1,680,322.38    | 0          | 4         
207   | 1,680,322.38    | 0          | 4         
208   | 1,680,322.38    | 0          | 4         
209   | 1,680,322.38    | 0          | 4         
210   | 1,680,322.38    | 0          | 4         
211   | 1,680,322.38    | 0          | 4         
212   | 1,680,322.38    | 0          | 5         
213   | 1,680,322.38    | 0          | 4         
214   | 1,680,322.38    | 0          | 4         
215   | 1,680,322.38    | 0          | 5         
216   | 1,680,322.38    | 0          | 4         
217   | 1,680,322.38    | 0          | 5         
218   | 1,680,258.04    | 0          | 5         
219   | 1,680,258.04    | 0          | 4         
220   | 1,680,258.04    | 0          | 5         
221   | 1,680,258.04    | 0          | 4         
222   | 1,680,236.71    | 0          | 5         
223   | 1,680,236.71    | 0          | 4         
224   | 1,680,227.88    | 0          | 4         
225   | 1,680,227.88    | 0          | 5         
226   | 1,680,227.88    | 0          | 4         
227   | 1,680,227.88    | 0          | 4         
228   | 1,680,227.88    | 0          | 4         
229   | 1,680,200.00    | 0          | 4         
230   | 1,680,200.00    | 0          | 2         
231   | 1,680,200.00    | 0          | 4         
232   | 1,680,200.00    | 0          | 2         
233   | 1,680,200.00    | 0          | 4         
234   | 1,680,200.00    | 0          | 4         
235   | 1,680,200.00    | 0          | 3         
236   | 1,680,200.00    | 0          | 4         
237   | 1,680,197.13    | 0          | 4         
238   | 1,680,197.13    | 0          | 4         
239   | 1,680,197.13    | 0          | 4         
240   | 1,680,186.66    | 0          | 5         
241   | 1,680,186.66    | 0          | 5         
242   | 1,680,186.66    | 0          | 4         
243   | 1,680,186.66    | 0          | 2         
244   | 1,680,186.66    | 0          | 2         
245   | 1,680,186.66    | 0          | 2         
246   | 1,680,186.66    | 0          | 5         
247   | 1,680,186.66    | 0          | 3         
248   | 1,680,186.66    | 0          | 5         
249   | 1,680,186.66    | 0          | 2         
250   | 1,680,186.66    | 0          | 4         
251   | 1,680,186.66    | 0          | 4         
252   | 1,680,186.66    | 0          | 2         
253   | 1,680,186.66    | 0          | 2         
254   | 1,680,186.66    | 0          | 5         
255   | 1,680,186.66    | 0          | 5         
256   | 1,680,186.66    | 0          | 2         
257   | 1,680,186.66    | 0          | 2         
258   | 1,680,186.66    | 0          | 4         
259   | 1,680,186.66    | 0          | 2         
260   | 1,680,150.00    | 0          | 3         
261   | 1,680,150.00    | 0          | 0         
