==========================================================
 ANALYSIS REPORT: Week 14
==========================================================

1. Performance Metrics
----------------------
  Objective Value : 197,300.00
  RMP Relaxed Value (Root): 193,500.00
  Integrality Gap       : 1.9638 %
  Execution Time  : 33.8765 sec
  Iterations      : 114
  RMP Time  : 17.3350 s
  MIP Time  : 0.5957 s
  Pool Search Time: 1.3222 s
  Graph Search Time: 14.5386 s
  MIP Decision Variables: 684 (Columns used in Final MIP)
  MIP Filtered Columns  : 0 (Removed before MIP)

2. Column Generation & Pool Statistics
--------------------------------------
  Total Columns Generated (History) : 1485
  Pool Hits (Reused from History)   : 199
  Graph Gen (Newly Created)         : 475
  Pool Hit Rate                     : 29.5%

3. Shift Pattern Diversity (Unique Patterns)
------------------------------------------
  Type: TypeA  | Unique Patterns:  271 / Total Gen:  271
       -> Avg Length of Unique Patterns: 46.8 hours
  Type: TypeB  | Unique Patterns:  303 / Total Gen:  606
       -> Avg Length of Unique Patterns: 34.8 hours
  Type: TypeC  | Unique Patterns:  302 / Total Gen:  603
       -> Avg Length of Unique Patterns: 23.9 hours

4. Final Schedule Assignment Breakdown
--------------------------------------
  Emp 0  (TypeA): 48 hours worked
  Emp 1  (TypeB): 38 hours worked
  Emp 2  (TypeB): 37 hours worked
  Emp 3  (TypeC): 29 hours worked
  Emp 4  (TypeC): 27 hours worked

5. Iteration History (Convergence Log)
--------------------------------------
Iter  | RMP Obj Value   | Pool Hits  | Graph Gen 
--------------------------------------------------
1     | 106,012,000.00  | 10         | 0         
2     | 77,054,000.00   | 10         | 0         
3     | 40,123,900.00   | 10         | 0         
4     | 20,382,320.00   | 10         | 0         
5     | 18,682,150.00   | 10         | 0         
6     | 16,352,730.96   | 10         | 0         
7     | 15,236,242.50   | 10         | 0         
8     | 14,642,733.18   | 10         | 0         
9     | 14,327,589.65   | 10         | 0         
10    | 14,260,828.32   | 10         | 0         
11    | 14,228,802.37   | 2          | 5         
12    | 10,481,930.04   | 10         | 0         
13    | 9,725,939.99    | 10         | 0         
14    | 9,458,884.41    | 10         | 0         
15    | 9,384,278.78    | 6          | 0         
16    | 9,382,995.20    | 0          | 5         
17    | 7,959,192.23    | 10         | 0         
18    | 7,927,803.31    | 6          | 0         
19    | 7,917,954.60    | 4          | 5         
20    | 6,409,978.25    | 10         | 0         
21    | 6,248,432.39    | 0          | 5         
22    | 5,430,040.71    | 7          | 0         
23    | 5,405,056.35    | 2          | 5         
24    | 4,324,727.37    | 6          | 0         
25    | 4,307,487.11    | 2          | 5         
26    | 4,022,724.31    | 2          | 5         
27    | 3,648,659.32    | 1          | 5         
28    | 3,249,610.15    | 2          | 5         
29    | 2,784,959.13    | 2          | 5         
30    | 2,557,917.30    | 5          | 5         
31    | 2,503,662.41    | 2          | 5         
32    | 2,190,096.60    | 0          | 5         
33    | 2,018,562.34    | 0          | 5         
34    | 1,974,894.50    | 0          | 5         
35    | 1,903,298.65    | 0          | 5         
36    | 1,791,424.17    | 0          | 5         
37    | 1,636,681.97    | 0          | 5         
38    | 1,579,965.81    | 0          | 5         
39    | 1,497,776.67    | 0          | 5         
40    | 1,423,537.67    | 0          | 5         
41    | 1,353,420.72    | 0          | 5         
42    | 1,284,036.49    | 0          | 5         
43    | 1,225,485.37    | 0          | 5         
44    | 1,187,566.25    | 0          | 5         
45    | 1,093,988.75    | 0          | 5         
46    | 1,016,362.99    | 0          | 5         
47    | 969,303.06      | 0          | 5         
48    | 885,409.91      | 0          | 5         
49    | 830,545.58      | 0          | 5         
50    | 797,435.93      | 0          | 5         
51    | 792,519.31      | 0          | 5         
52    | 747,724.45      | 0          | 5         
53    | 712,694.91      | 0          | 5         
54    | 681,061.69      | 0          | 5         
55    | 672,351.27      | 0          | 5         
56    | 660,789.53      | 0          | 5         
57    | 645,012.06      | 0          | 5         
58    | 597,217.68      | 0          | 5         
59    | 586,444.56      | 0          | 5         
60    | 540,778.57      | 0          | 5         
61    | 506,874.71      | 0          | 5         
62    | 482,618.65      | 0          | 5         
63    | 434,798.74      | 0          | 5         
64    | 421,257.15      | 0          | 5         
65    | 397,291.65      | 0          | 5         
66    | 387,858.40      | 0          | 5         
67    | 387,135.67      | 0          | 5         
68    | 362,358.09      | 0          | 5         
69    | 343,686.43      | 0          | 5         
70    | 331,603.67      | 0          | 5         
71    | 312,914.36      | 0          | 5         
72    | 307,020.28      | 0          | 5         
73    | 300,982.99      | 0          | 5         
74    | 271,691.70      | 0          | 5         
75    | 270,300.92      | 0          | 5         
76    | 266,755.86      | 0          | 5         
77    | 261,143.28      | 0          | 5         
78    | 258,618.78      | 0          | 5         
79    | 246,108.81      | 0          | 5         
80    | 245,642.73      | 0          | 5         
81    | 239,663.82      | 0          | 5         
82    | 236,725.27      | 0          | 5         
83    | 236,725.27      | 0          | 5         
84    | 227,222.22      | 0          | 5         
85    | 223,559.18      | 0          | 5         
86    | 215,514.86      | 0          | 5         
87    | 213,079.76      | 0          | 5         
88    | 210,830.92      | 0          | 5         
89    | 210,830.92      | 0          | 5         
90    | 210,830.92      | 0          | 5         
91    | 209,475.46      | 0          | 5         
92    | 208,195.95      | 0          | 5         
93    | 206,386.34      | 0          | 5         
94    | 204,435.86      | 0          | 5         
95    | 196,455.56      | 0          | 5         
96    | 196,455.56      | 0          | 5         
97    | 196,036.31      | 0          | 5         
98    | 195,262.98      | 0          | 5         
99    | 193,500.00      | 0          | 5         
100   | 193,500.00      | 0          | 5         
101   | 193,500.00      | 0          | 5         
102   | 193,500.00      | 0          | 5         
103   | 193,500.00      | 0          | 5         
104   | 193,500.00      | 0          | 5         
105   | 193,500.00      | 0          | 5         
106   | 193,500.00      | 0          | 5         
107   | 193,500.00      | 0          | 5         
108   | 193,500.00      | 0          | 5         
109   | 193,500.00      | 0          | 5         
110   | 193,500.00      | 0          | 5         
111   | 193,500.00      | 0          | 5         
112   | 193,500.00      | 0          | 5         
113   | 193,500.00      | 0          | 5         
114   | 193,500.00      | 0          | 5         
