==========================================================
 ANALYSIS REPORT: Week 8
==========================================================

1. Performance Metrics
----------------------
  Objective Value : 2,186,400.00
  RMP Relaxed Value (Root): 940,807.89
  Integrality Gap       : 132.3960 %
  Execution Time  : 77.5308 sec
  Iterations      : 200
  RMP Time  : 46.1249 s
  MIP Time  : 2.0679 s
  Pool Search Time: 2.4481 s
  Graph Search Time: 26.7268 s
  MIP Decision Variables: 633 (Columns used in Final MIP)
  MIP Filtered Columns  : 451 (Removed before MIP)

2. Column Generation & Pool Statistics
--------------------------------------
  Total Columns Generated (History) : 1834
  Pool Hits (Reused from History)   : 250
  Graph Gen (Newly Created)         : 824
  Pool Hit Rate                     : 23.3%

3. Shift Pattern Diversity (Unique Patterns)
------------------------------------------
  Type: TypeA  | Unique Patterns:  369 / Total Gen:  369
       -> Avg Length of Unique Patterns: 46.2 hours
  Type: TypeB  | Unique Patterns:  349 / Total Gen:  698
       -> Avg Length of Unique Patterns: 37.5 hours
  Type: TypeC  | Unique Patterns:  381 / Total Gen:  762
       -> Avg Length of Unique Patterns: 24.2 hours

4. Final Schedule Assignment Breakdown
--------------------------------------
  Emp 0  (TypeA): 46 hours worked
  Emp 1  (TypeB): 39 hours worked
  Emp 2  (TypeB): 40 hours worked
  Emp 3  (TypeC): 21 hours worked
  Emp 4  (TypeC): 26 hours worked

5. Iteration History (Convergence Log)
--------------------------------------
Iter  | RMP Obj Value   | Pool Hits  | Graph Gen 
--------------------------------------------------
1     | 100,016,000.00  | 10         | 0         
2     | 73,064,600.00   | 10         | 0         
3     | 37,640,500.00   | 10         | 0         
4     | 20,693,400.00   | 10         | 0         
5     | 20,526,166.67   | 10         | 0         
6     | 17,553,881.25   | 10         | 0         
7     | 16,700,300.00   | 10         | 0         
8     | 16,529,816.63   | 10         | 0         
9     | 15,996,869.00   | 10         | 0         
10    | 15,696,600.00   | 10         | 0         
11    | 15,616,889.50   | 10         | 0         
12    | 15,565,665.66   | 10         | 0         
13    | 15,433,672.76   | 4          | 5         
14    | 12,634,938.37   | 10         | 0         
15    | 12,434,388.21   | 10         | 0         
16    | 12,302,315.64   | 10         | 0         
17    | 12,276,878.90   | 2          | 5         
18    | 9,456,755.55    | 10         | 0         
19    | 9,254,015.12    | 6          | 0         
20    | 9,213,058.92    | 3          | 5         
21    | 7,854,209.46    | 10         | 0         
22    | 7,815,731.25    | 6          | 0         
23    | 7,802,444.62    | 0          | 5         
24    | 7,331,647.82    | 2          | 5         
25    | 6,437,157.19    | 0          | 5         
26    | 5,717,079.98    | 9          | 0         
27    | 5,673,594.92    | 1          | 5         
28    | 5,277,957.98    | 2          | 5         
29    | 4,892,753.09    | 6          | 0         
30    | 4,892,228.20    | 2          | 5         
31    | 4,422,275.63    | 2          | 5         
32    | 4,145,213.17    | 2          | 5         
33    | 4,056,152.65    | 0          | 5         
34    | 3,945,745.75    | 6          | 0         
35    | 3,932,961.62    | 0          | 5         
36    | 3,881,551.26    | 0          | 5         
37    | 3,696,862.90    | 4          | 5         
38    | 3,364,633.28    | 7          | 0         
39    | 3,364,551.21    | 1          | 5         
40    | 3,264,922.18    | 5          | 5         
41    | 3,007,102.26    | 0          | 5         
42    | 2,821,098.05    | 0          | 5         
43    | 2,688,078.41    | 4          | 5         
44    | 2,599,195.28    | 4          | 5         
45    | 2,493,093.84    | 2          | 5         
46    | 2,421,675.57    | 0          | 5         
47    | 2,333,631.85    | 0          | 5         
48    | 2,287,539.62    | 0          | 5         
49    | 2,240,441.69    | 0          | 5         
50    | 2,216,353.74    | 0          | 5         
51    | 2,193,867.70    | 0          | 5         
52    | 2,158,714.46    | 0          | 5         
53    | 2,114,710.89    | 0          | 5         
54    | 2,070,050.07    | 0          | 5         
55    | 2,031,747.89    | 0          | 5         
56    | 2,000,620.29    | 0          | 5         
57    | 1,948,004.83    | 0          | 5         
58    | 1,890,013.75    | 0          | 5         
59    | 1,668,574.64    | 0          | 5         
60    | 1,624,383.21    | 0          | 5         
61    | 1,573,216.91    | 0          | 5         
62    | 1,477,478.37    | 0          | 5         
63    | 1,439,104.89    | 0          | 5         
64    | 1,390,682.45    | 0          | 5         
65    | 1,307,197.29    | 0          | 5         
66    | 1,292,083.71    | 0          | 5         
67    | 1,239,075.67    | 0          | 5         
68    | 1,227,044.56    | 0          | 5         
69    | 1,226,945.75    | 0          | 5         
70    | 1,225,555.04    | 0          | 5         
71    | 1,225,056.63    | 0          | 5         
72    | 1,220,164.50    | 0          | 5         
73    | 1,212,889.17    | 0          | 5         
74    | 1,212,889.17    | 0          | 5         
75    | 1,199,445.33    | 0          | 5         
76    | 1,198,720.79    | 0          | 5         
77    | 1,183,120.55    | 0          | 5         
78    | 1,153,078.20    | 0          | 5         
79    | 1,147,020.60    | 0          | 5         
80    | 1,130,788.17    | 0          | 5         
81    | 1,120,367.51    | 0          | 5         
82    | 1,097,881.81    | 0          | 5         
83    | 1,081,750.71    | 0          | 5         
84    | 1,056,606.13    | 0          | 5         
85    | 1,046,626.69    | 0          | 5         
86    | 1,038,823.76    | 0          | 5         
87    | 1,031,433.43    | 0          | 5         
88    | 1,011,047.96    | 0          | 5         
89    | 1,003,496.89    | 0          | 5         
90    | 996,908.51      | 0          | 5         
91    | 992,465.45      | 0          | 5         
92    | 992,359.60      | 0          | 5         
93    | 992,026.49      | 0          | 5         
94    | 986,355.56      | 0          | 5         
95    | 984,964.83      | 0          | 5         
96    | 980,054.29      | 0          | 5         
97    | 951,915.97      | 0          | 5         
98    | 950,538.11      | 0          | 5         
99    | 947,892.50      | 0          | 5         
100   | 947,099.64      | 0          | 5         
101   | 947,099.64      | 0          | 5         
102   | 947,099.64      | 0          | 5         
103   | 947,099.64      | 0          | 5         
104   | 946,929.37      | 0          | 5         
105   | 946,672.78      | 0          | 5         
106   | 946,672.78      | 0          | 5         
107   | 946,672.77      | 0          | 5         
108   | 946,672.77      | 0          | 5         
109   | 946,651.53      | 0          | 5         
110   | 946,563.31      | 0          | 5         
111   | 946,563.31      | 0          | 5         
112   | 946,539.45      | 0          | 5         
113   | 946,530.45      | 0          | 5         
114   | 946,507.20      | 0          | 5         
115   | 946,507.20      | 0          | 5         
116   | 946,445.92      | 0          | 5         
117   | 946,005.82      | 0          | 5         
118   | 946,005.82      | 0          | 5         
119   | 945,820.91      | 0          | 5         
120   | 945,287.01      | 0          | 5         
121   | 945,287.01      | 0          | 5         
122   | 945,063.95      | 0          | 5         
123   | 944,721.74      | 0          | 3         
124   | 944,721.74      | 0          | 3         
125   | 944,721.74      | 0          | 3         
126   | 944,616.80      | 0          | 5         
127   | 944,616.80      | 0          | 5         
128   | 944,098.04      | 0          | 5         
129   | 944,098.04      | 0          | 5         
130   | 943,880.49      | 0          | 5         
131   | 943,471.30      | 0          | 5         
132   | 943,386.79      | 0          | 5         
133   | 943,185.95      | 0          | 5         
134   | 942,994.38      | 0          | 5         
135   | 942,994.38      | 0          | 5         
136   | 942,862.50      | 0          | 3         
137   | 942,862.50      | 0          | 3         
138   | 942,525.00      | 0          | 5         
139   | 942,296.43      | 0          | 5         
140   | 942,296.43      | 0          | 3         
141   | 942,296.43      | 0          | 3         
142   | 942,296.43      | 0          | 5         
143   | 942,296.43      | 0          | 5         
144   | 942,259.62      | 0          | 3         
145   | 942,259.62      | 0          | 3         
146   | 942,259.62      | 0          | 5         
147   | 941,953.02      | 0          | 5         
148   | 941,941.29      | 0          | 5         
149   | 941,884.70      | 0          | 5         
150   | 941,884.70      | 0          | 5         
151   | 941,884.70      | 0          | 5         
152   | 941,884.70      | 0          | 5         
153   | 941,884.70      | 0          | 5         
154   | 941,884.70      | 0          | 5         
155   | 941,884.70      | 0          | 3         
156   | 941,884.70      | 0          | 5         
157   | 941,884.70      | 0          | 5         
158   | 941,732.14      | 0          | 5         
159   | 941,732.14      | 0          | 5         
160   | 941,732.14      | 0          | 5         
161   | 941,732.14      | 0          | 5         
162   | 941,715.28      | 0          | 3         
163   | 941,693.26      | 0          | 5         
164   | 941,693.26      | 0          | 5         
165   | 941,693.26      | 0          | 5         
166   | 941,693.26      | 0          | 5         
167   | 941,693.26      | 0          | 5         
168   | 941,693.26      | 0          | 3         
169   | 941,693.26      | 0          | 5         
170   | 941,493.75      | 0          | 3         
171   | 941,493.75      | 0          | 3         
172   | 941,493.75      | 0          | 5         
173   | 941,493.75      | 0          | 3         
174   | 941,493.75      | 0          | 5         
175   | 941,493.75      | 0          | 5         
176   | 941,092.11      | 0          | 5         
177   | 941,092.11      | 0          | 5         
178   | 941,078.26      | 0          | 5         
179   | 941,064.12      | 0          | 3         
180   | 941,064.12      | 0          | 3         
181   | 940,951.59      | 0          | 3         
182   | 940,907.30      | 0          | 5         
183   | 940,907.30      | 0          | 5         
184   | 940,907.30      | 0          | 5         
185   | 940,878.00      | 0          | 3         
186   | 940,878.00      | 0          | 3         
187   | 940,878.00      | 0          | 3         
188   | 940,878.00      | 0          | 3         
189   | 940,878.00      | 0          | 3         
190   | 940,878.00      | 0          | 3         
191   | 940,807.89      | 0          | 5         
192   | 940,807.89      | 0          | 3         
193   | 940,807.89      | 0          | 5         
194   | 940,807.89      | 0          | 3         
195   | 940,807.89      | 0          | 5         
196   | 940,807.89      | 0          | 3         
197   | 940,807.89      | 0          | 2         
198   | 940,807.89      | 0          | 5         
199   | 940,807.89      | 0          | 3         
200   | 940,807.89      | 0          | 3         
