==========================================================
 ANALYSIS REPORT: Week 13
==========================================================

1. Performance Metrics
----------------------
  Objective Value : 1,181,900.00
  RMP Relaxed Value (Root): 680,475.00
  Integrality Gap       : 73.6875 %
  Execution Time  : 73.4503 sec
  Iterations      : 190
  RMP Time  : 43.5894 s
  MIP Time  : 0.9265 s
  Pool Search Time: 4.1746 s
  Graph Search Time: 24.5954 s
  MIP Decision Variables: 712 (Columns used in Final MIP)
  MIP Filtered Columns  : 422 (Removed before MIP)

2. Column Generation & Pool Statistics
--------------------------------------
  Total Columns Generated (History) : 2508
  Pool Hits (Reused from History)   : 342
  Graph Gen (Newly Created)         : 782
  Pool Hit Rate                     : 30.4%

3. Shift Pattern Diversity (Unique Patterns)
------------------------------------------
  Type: TypeA  | Unique Patterns:  437 / Total Gen:  437
       -> Avg Length of Unique Patterns: 47.1 hours
  Type: TypeB  | Unique Patterns:  511 / Total Gen: 1022
       -> Avg Length of Unique Patterns: 35.8 hours
  Type: TypeC  | Unique Patterns:  522 / Total Gen: 1044
       -> Avg Length of Unique Patterns: 24.2 hours

4. Final Schedule Assignment Breakdown
--------------------------------------
  Emp 0  (TypeA): 47 hours worked
  Emp 1  (TypeB): 35 hours worked
  Emp 2  (TypeB): 33 hours worked
  Emp 3  (TypeC): 24 hours worked
  Emp 4  (TypeC): 24 hours worked

5. Iteration History (Convergence Log)
--------------------------------------
Iter  | RMP Obj Value   | Pool Hits  | Graph Gen 
--------------------------------------------------
1     | 106,016,000.00  | 10         | 0         
2     | 73,059,600.00   | 10         | 0         
3     | 38,135,500.00   | 10         | 0         
4     | 14,196,150.00   | 10         | 0         
5     | 13,331,600.05   | 10         | 0         
6     | 11,949,600.00   | 10         | 0         
7     | 10,906,652.33   | 10         | 0         
8     | 10,625,857.15   | 10         | 0         
9     | 10,328,302.96   | 10         | 0         
10    | 10,213,785.33   | 10         | 0         
11    | 9,983,917.55    | 10         | 0         
12    | 9,910,681.27    | 10         | 0         
13    | 9,871,243.79    | 10         | 0         
14    | 9,867,515.60    | 2          | 5         
15    | 6,863,799.14    | 10         | 0         
16    | 6,480,884.50    | 10         | 0         
17    | 6,389,626.07    | 10         | 0         
18    | 6,357,458.01    | 10         | 0         
19    | 6,330,582.19    | 10         | 0         
20    | 6,282,960.47    | 10         | 0         
21    | 6,270,586.10    | 10         | 0         
22    | 6,268,701.76    | 6          | 0         
23    | 6,268,030.93    | 0          | 5         
24    | 4,871,808.56    | 10         | 0         
25    | 4,800,650.00    | 10         | 0         
26    | 4,796,491.00    | 2          | 5         
27    | 3,402,165.54    | 10         | 0         
28    | 3,389,080.41    | 4          | 5         
29    | 2,806,296.40    | 10         | 0         
30    | 2,782,886.87    | 10         | 0         
31    | 2,752,849.44    | 4          | 5         
32    | 2,670,478.70    | 6          | 0         
33    | 2,669,164.63    | 0          | 5         
34    | 2,425,401.98    | 8          | 0         
35    | 2,365,851.66    | 0          | 5         
36    | 2,243,507.73    | 0          | 5         
37    | 2,076,244.43    | 10         | 0         
38    | 2,046,130.63    | 2          | 5         
39    | 1,857,012.23    | 4          | 5         
40    | 1,718,101.91    | 4          | 5         
41    | 1,538,252.99    | 6          | 0         
42    | 1,532,093.00    | 2          | 5         
43    | 1,440,080.10    | 4          | 5         
44    | 1,409,669.36    | 2          | 5         
45    | 1,407,461.45    | 2          | 5         
46    | 1,329,909.41    | 0          | 5         
47    | 1,280,995.61    | 2          | 5         
48    | 1,210,188.02    | 2          | 5         
49    | 1,173,048.05    | 2          | 5         
50    | 1,145,001.48    | 0          | 5         
51    | 1,062,449.74    | 0          | 5         
52    | 930,417.77      | 0          | 5         
53    | 928,572.32      | 2          | 5         
54    | 882,755.97      | 2          | 5         
55    | 870,276.56      | 8          | 0         
56    | 870,276.56      | 4          | 5         
57    | 859,665.47      | 0          | 5         
58    | 837,526.19      | 0          | 5         
59    | 809,243.78      | 0          | 5         
60    | 789,911.51      | 0          | 5         
61    | 768,070.21      | 0          | 5         
62    | 764,747.94      | 0          | 5         
63    | 761,357.98      | 0          | 5         
64    | 748,107.39      | 0          | 5         
65    | 737,115.03      | 0          | 5         
66    | 732,087.27      | 0          | 5         
67    | 719,579.79      | 0          | 5         
68    | 719,579.79      | 0          | 5         
69    | 706,761.82      | 0          | 5         
70    | 690,065.35      | 0          | 5         
71    | 688,779.41      | 2          | 5         
72    | 688,779.41      | 0          | 5         
73    | 688,275.85      | 0          | 5         
74    | 688,275.86      | 0          | 5         
75    | 687,890.55      | 0          | 5         
76    | 687,890.55      | 0          | 5         
77    | 687,870.20      | 0          | 5         
78    | 687,870.20      | 0          | 5         
79    | 687,602.76      | 0          | 5         
80    | 687,602.76      | 0          | 5         
81    | 687,394.71      | 0          | 5         
82    | 687,390.81      | 0          | 5         
83    | 687,390.81      | 0          | 5         
84    | 687,390.61      | 0          | 5         
85    | 687,330.94      | 0          | 5         
86    | 686,369.98      | 0          | 5         
87    | 686,273.74      | 0          | 5         
88    | 686,273.74      | 0          | 5         
89    | 685,731.23      | 0          | 5         
90    | 685,550.68      | 0          | 5         
91    | 684,846.11      | 0          | 5         
92    | 684,846.11      | 0          | 5         
93    | 684,846.11      | 0          | 5         
94    | 684,505.54      | 0          | 5         
95    | 684,505.54      | 0          | 5         
96    | 684,198.46      | 0          | 5         
97    | 684,198.46      | 0          | 5         
98    | 684,084.03      | 0          | 5         
99    | 683,940.16      | 0          | 5         
100   | 683,940.16      | 0          | 5         
101   | 683,775.00      | 0          | 5         
102   | 683,540.37      | 0          | 5         
103   | 683,364.49      | 0          | 5         
104   | 683,329.27      | 0          | 5         
105   | 683,329.27      | 0          | 5         
106   | 683,329.27      | 0          | 5         
107   | 683,329.27      | 0          | 5         
108   | 683,329.27      | 0          | 5         
109   | 683,329.27      | 0          | 5         
110   | 683,329.27      | 0          | 5         
111   | 683,256.54      | 0          | 5         
112   | 683,256.54      | 0          | 5         
113   | 683,177.93      | 0          | 5         
114   | 683,043.96      | 0          | 5         
115   | 683,043.96      | 0          | 5         
116   | 683,043.96      | 0          | 5         
117   | 683,043.96      | 0          | 5         
118   | 682,802.19      | 0          | 5         
119   | 681,884.21      | 0          | 5         
120   | 681,884.21      | 0          | 5         
121   | 681,884.21      | 0          | 5         
122   | 681,884.21      | 0          | 5         
123   | 681,884.21      | 0          | 5         
124   | 681,884.21      | 0          | 5         
125   | 681,884.21      | 0          | 5         
126   | 681,884.21      | 0          | 5         
127   | 681,884.21      | 0          | 5         
128   | 681,884.21      | 0          | 5         
129   | 681,884.21      | 0          | 5         
130   | 681,868.28      | 0          | 5         
131   | 681,868.28      | 0          | 5         
132   | 681,807.79      | 0          | 5         
133   | 681,807.79      | 0          | 5         
134   | 681,805.80      | 0          | 5         
135   | 681,805.80      | 0          | 5         
136   | 681,805.80      | 0          | 5         
137   | 681,805.80      | 0          | 5         
138   | 681,805.80      | 0          | 5         
139   | 681,805.80      | 0          | 5         
140   | 681,805.80      | 0          | 5         
141   | 681,805.80      | 0          | 5         
142   | 681,805.80      | 0          | 5         
143   | 681,805.80      | 0          | 5         
144   | 681,805.80      | 0          | 4         
145   | 681,805.80      | 0          | 5         
146   | 681,647.67      | 0          | 5         
147   | 681,586.94      | 0          | 5         
148   | 681,586.94      | 0          | 5         
149   | 681,571.02      | 0          | 4         
150   | 681,571.02      | 0          | 5         
151   | 681,571.02      | 0          | 5         
152   | 681,548.79      | 0          | 5         
153   | 681,548.79      | 0          | 5         
154   | 681,548.79      | 0          | 5         
155   | 681,329.75      | 0          | 5         
156   | 681,307.38      | 0          | 5         
157   | 681,307.38      | 0          | 5         
158   | 681,307.38      | 0          | 5         
159   | 681,307.38      | 0          | 5         
160   | 681,057.03      | 0          | 5         
161   | 681,057.03      | 0          | 5         
162   | 680,978.57      | 0          | 4         
163   | 680,978.57      | 0          | 5         
164   | 680,978.57      | 0          | 4         
165   | 680,978.57      | 0          | 2         
166   | 680,978.57      | 0          | 5         
167   | 680,978.57      | 0          | 2         
168   | 680,967.65      | 0          | 4         
169   | 680,967.65      | 0          | 5         
170   | 680,967.65      | 0          | 5         
171   | 680,967.65      | 0          | 4         
172   | 680,967.65      | 0          | 5         
173   | 680,855.56      | 0          | 4         
174   | 680,855.56      | 0          | 5         
175   | 680,475.00      | 0          | 5         
176   | 680,475.00      | 0          | 5         
177   | 680,475.00      | 0          | 5         
178   | 680,475.00      | 0          | 5         
179   | 680,475.00      | 0          | 5         
180   | 680,475.00      | 0          | 5         
181   | 680,475.00      | 0          | 5         
182   | 680,475.00      | 0          | 5         
183   | 680,475.00      | 0          | 5         
184   | 680,475.00      | 0          | 5         
185   | 680,475.00      | 0          | 5         
186   | 680,475.00      | 0          | 5         
187   | 680,475.00      | 0          | 5         
188   | 680,475.00      | 0          | 5         
189   | 680,475.00      | 0          | 5         
190   | 680,475.00      | 0          | 5         
