==========================================================
 ANALYSIS REPORT: Week 4
==========================================================

1. Performance Metrics
----------------------
  Objective Value : 1,168,400.00
  RMP Relaxed Value (Root): 161,769.73
  Integrality Gap       : 622.2612 %
  MIP Best Bound (Final)  : 1,168,400.00
  Final MIP Gap           : 0.0000 %
  Execution Time  : 83.3777 sec
  Iterations      : 159
  RMP Time  : 33.5212 s
  MIP Time  : 15.5307 s
  Pool Search Time: 0.0010 s
  Graph Search Time: 34.2282 s
  MIP Decision Variables: 779 (Columns used in Final MIP)
  MIP Filtered Columns  : 0 (Removed before MIP)

2. Column Generation & Pool Statistics
--------------------------------------
  Total Columns Generated (History) : 779
  Pool Hits (Reused from History)   : 0
  Graph Gen (Newly Created)         : 769
  Pool Hit Rate                     : 0.0%

3. Shift Pattern Diversity (Unique Patterns)
------------------------------------------
  Type: TypeA  | Unique Patterns:  134 / Total Gen:  134
       -> Avg Length of Unique Patterns: 45.5 hours
  Type: TypeB  | Unique Patterns:  160 / Total Gen:  320
       -> Avg Length of Unique Patterns: 30.6 hours
  Type: TypeC  | Unique Patterns:  160 / Total Gen:  320
       -> Avg Length of Unique Patterns: 21.2 hours

4. Final Schedule Assignment Breakdown
--------------------------------------
  Emp 0  (TypeA): 47 hours worked
  Emp 1  (TypeB): 32 hours worked
  Emp 2  (TypeB): 32 hours worked
  Emp 3  (TypeC): 23 hours worked
  Emp 4  (TypeC): 23 hours worked

5. Iteration History (Convergence Log)
--------------------------------------
Iter  | RMP Obj Value   | Pool Hits  | Graph Gen 
--------------------------------------------------
1     | 99,016,000.00   | 0          | 5         
2     | 42,131,500.00   | 0          | 5         
3     | 18,190,700.00   | 0          | 5         
4     | 8,187,200.00    | 0          | 5         
5     | 7,174,500.00    | 0          | 5         
6     | 7,174,500.00    | 0          | 5         
7     | 6,175,050.00    | 0          | 5         
8     | 5,773,180.00    | 0          | 5         
9     | 5,049,450.00    | 0          | 5         
10    | 4,281,709.56    | 0          | 5         
11    | 3,766,957.10    | 0          | 5         
12    | 3,026,590.00    | 0          | 5         
13    | 2,452,715.06    | 0          | 5         
14    | 2,180,750.00    | 0          | 5         
15    | 2,132,051.61    | 0          | 5         
16    | 1,969,595.07    | 0          | 5         
17    | 1,903,294.88    | 0          | 5         
18    | 1,674,479.12    | 0          | 5         
19    | 1,537,171.87    | 0          | 5         
20    | 1,370,347.14    | 0          | 5         
21    | 1,190,774.70    | 0          | 5         
22    | 1,173,979.13    | 0          | 5         
23    | 1,064,420.39    | 0          | 5         
24    | 1,009,675.36    | 0          | 5         
25    | 960,241.69      | 0          | 5         
26    | 875,588.28      | 0          | 5         
27    | 824,842.55      | 0          | 5         
28    | 739,678.24      | 0          | 5         
29    | 739,678.24      | 0          | 5         
30    | 699,515.74      | 0          | 5         
31    | 675,109.96      | 0          | 5         
32    | 561,235.99      | 0          | 5         
33    | 508,590.40      | 0          | 5         
34    | 403,330.72      | 0          | 5         
35    | 354,185.06      | 0          | 5         
36    | 319,241.50      | 0          | 5         
37    | 201,796.93      | 0          | 5         
38    | 177,457.77      | 0          | 5         
39    | 176,764.58      | 0          | 5         
40    | 176,571.77      | 0          | 5         
41    | 176,299.89      | 0          | 5         
42    | 175,690.14      | 0          | 5         
43    | 175,075.41      | 0          | 5         
44    | 174,914.67      | 0          | 5         
45    | 174,656.74      | 0          | 5         
46    | 174,363.61      | 0          | 5         
47    | 173,149.56      | 0          | 5         
48    | 172,337.30      | 0          | 5         
49    | 171,572.68      | 0          | 5         
50    | 170,957.52      | 0          | 5         
51    | 170,573.16      | 0          | 5         
52    | 169,932.75      | 0          | 5         
53    | 169,915.01      | 0          | 5         
54    | 169,915.01      | 0          | 5         
55    | 169,832.92      | 0          | 5         
56    | 169,787.19      | 0          | 5         
57    | 169,785.39      | 0          | 5         
58    | 169,567.93      | 0          | 5         
59    | 169,344.10      | 0          | 5         
60    | 169,335.21      | 0          | 5         
61    | 169,167.71      | 0          | 5         
62    | 169,036.74      | 0          | 5         
63    | 168,916.35      | 0          | 5         
64    | 168,874.89      | 0          | 5         
65    | 168,683.67      | 0          | 5         
66    | 168,599.57      | 0          | 5         
67    | 168,346.77      | 0          | 5         
68    | 168,344.22      | 0          | 5         
69    | 168,121.92      | 0          | 5         
70    | 167,486.55      | 0          | 5         
71    | 167,459.26      | 0          | 5         
72    | 167,374.22      | 0          | 5         
73    | 167,307.33      | 0          | 5         
74    | 167,080.39      | 0          | 5         
75    | 166,861.72      | 0          | 5         
76    | 166,824.87      | 0          | 5         
77    | 166,600.91      | 0          | 5         
78    | 166,535.07      | 0          | 5         
79    | 166,196.69      | 0          | 5         
80    | 166,196.69      | 0          | 5         
81    | 166,078.97      | 0          | 5         
82    | 165,964.08      | 0          | 5         
83    | 165,963.92      | 0          | 5         
84    | 165,546.32      | 0          | 5         
85    | 165,336.81      | 0          | 5         
86    | 165,162.72      | 0          | 5         
87    | 164,736.20      | 0          | 5         
88    | 164,631.55      | 0          | 5         
89    | 164,564.80      | 0          | 5         
90    | 164,268.00      | 0          | 5         
91    | 164,218.55      | 0          | 5         
92    | 164,218.55      | 0          | 4         
93    | 164,148.91      | 0          | 5         
94    | 164,103.12      | 0          | 5         
95    | 164,053.00      | 0          | 5         
96    | 164,053.00      | 0          | 5         
97    | 164,018.81      | 0          | 5         
98    | 164,016.03      | 0          | 4         
99    | 163,986.05      | 0          | 5         
100   | 163,674.03      | 0          | 5         
101   | 163,614.65      | 0          | 5         
102   | 163,354.88      | 0          | 5         
103   | 163,305.37      | 0          | 5         
104   | 163,305.37      | 0          | 4         
105   | 163,305.37      | 0          | 5         
106   | 163,189.31      | 0          | 5         
107   | 163,095.29      | 0          | 5         
108   | 163,094.17      | 0          | 4         
109   | 163,094.06      | 0          | 4         
110   | 162,937.99      | 0          | 5         
111   | 162,937.99      | 0          | 4         
112   | 162,915.27      | 0          | 4         
113   | 162,870.67      | 0          | 5         
114   | 162,868.10      | 0          | 5         
115   | 162,842.13      | 0          | 5         
116   | 162,842.13      | 0          | 4         
117   | 162,842.13      | 0          | 4         
118   | 162,790.39      | 0          | 5         
119   | 162,790.39      | 0          | 4         
120   | 162,260.62      | 0          | 5         
121   | 162,260.62      | 0          | 5         
122   | 162,211.83      | 0          | 5         
123   | 162,148.27      | 0          | 5         
124   | 162,042.58      | 0          | 4         
125   | 162,042.51      | 0          | 4         
126   | 161,950.51      | 0          | 5         
127   | 161,937.03      | 0          | 5         
128   | 161,920.85      | 0          | 5         
129   | 161,920.85      | 0          | 4         
130   | 161,878.65      | 0          | 5         
131   | 161,878.65      | 0          | 5         
132   | 161,871.27      | 0          | 5         
133   | 161,871.27      | 0          | 5         
134   | 161,871.27      | 0          | 5         
135   | 161,850.75      | 0          | 5         
136   | 161,848.87      | 0          | 5         
137   | 161,831.44      | 0          | 5         
138   | 161,831.44      | 0          | 4         
139   | 161,827.54      | 0          | 4         
140   | 161,827.49      | 0          | 4         
141   | 161,819.67      | 0          | 5         
142   | 161,806.71      | 0          | 5         
143   | 161,793.98      | 0          | 4         
144   | 161,793.97      | 0          | 4         
145   | 161,793.97      | 0          | 5         
146   | 161,793.98      | 0          | 4         
147   | 161,787.02      | 0          | 5         
148   | 161,787.02      | 0          | 5         
149   | 161,769.73      | 0          | 4         
150   | 161,769.73      | 0          | 4         
151   | 161,769.73      | 0          | 5         
152   | 161,769.73      | 0          | 5         
153   | 161,769.73      | 0          | 4         
154   | 161,769.73      | 0          | 4         
155   | 161,769.73      | 0          | 4         
156   | 161,769.73      | 0          | 4         
157   | 161,769.73      | 0          | 4         
158   | 161,769.73      | 0          | 5         
159   | 161,769.73      | 0          | 5         
