==========================================================
 ANALYSIS REPORT: Week 2
==========================================================

0. Solver Configuration
-----------------------
  max_iter             : 1000
  time_limit           : 3600
  tol                  : 1e-08
  patience             : 3
  mip_rc_threshold     : 1e+10
  mip_gap              : 0.0001

1. Performance Metrics
----------------------
  Objective Value : 3,288,000.00
  RMP Relaxed Value (Root): 287,503.10
  Integrality Gap       : 1043.6398 %
  MIP Best Bound (Final)  : 288,758.95
  Final MIP Gap           : 1038.6660 %
  Execution Time  : 178.0833 sec
  Iterations      : 258
  RMP Time  : 90.6972 s
  MIP Time  : 30.3154 s
  Pool Search Time: 8.1420 s
  Graph Search Time: 48.7325 s
  MIP Decision Variables: 749 (Columns used in Final MIP)
  MIP Filtered Columns  : 2998 (Removed before MIP)

2. Column Generation & Pool Statistics
--------------------------------------
  Total Columns Generated (History) : 3747
  Pool Hits (Reused from History)   : 412
  Graph Gen (Newly Created)         : 1648
  Pool Hit Rate                     : 20.0%

3. Shift Pattern Diversity (Unique Patterns)
------------------------------------------
  Type: TypeA  | Unique Patterns:  446 / Total Gen:  892
       -> Avg Length of Unique Patterns: 44.9 hours
  Type: TypeB  | Unique Patterns:  484 / Total Gen: 1452
       -> Avg Length of Unique Patterns: 33.2 hours
  Type: TypeC  | Unique Patterns:  465 / Total Gen: 1395
       -> Avg Length of Unique Patterns: 21.6 hours

4. Final Schedule Assignment Breakdown
--------------------------------------
  Emp 0  (TypeA): 49 hours worked
  Emp 1  (TypeA): 45 hours worked
  Emp 2  (TypeB): 38 hours worked
  Emp 3  (TypeB): 38 hours worked
  Emp 4  (TypeB): 35 hours worked
  Emp 5  (TypeC): 21 hours worked
  Emp 6  (TypeC): 23 hours worked
  Emp 7  (TypeC): 24 hours worked

5. Iteration History (Convergence Log)
--------------------------------------
Iter  | RMP Obj Value   | Pool Hits  | Graph Gen 
--------------------------------------------------
1     | 214,020,000.00  | 8          | 0         
2     | 95,266,500.00   | 8          | 0         
3     | 49,320,000.00   | 8          | 0         
4     | 40,302,600.00   | 8          | 0         
5     | 36,798,800.00   | 8          | 0         
6     | 35,061,676.28   | 8          | 0         
7     | 34,172,459.38   | 8          | 0         
8     | 33,175,603.55   | 8          | 0         
9     | 32,207,066.88   | 8          | 0         
10    | 31,520,235.62   | 8          | 0         
11    | 30,605,466.73   | 8          | 0         
12    | 30,353,499.19   | 8          | 0         
13    | 30,053,175.00   | 8          | 0         
14    | 29,957,824.92   | 8          | 0         
15    | 29,898,024.23   | 6          | 2         
16    | 24,453,953.42   | 8          | 0         
17    | 23,612,429.32   | 8          | 0         
18    | 23,201,209.65   | 8          | 0         
19    | 22,996,661.40   | 5          | 3         
20    | 22,358,457.79   | 8          | 0         
21    | 22,316,149.40   | 5          | 3         
22    | 20,544,025.87   | 8          | 0         
23    | 20,411,858.49   | 5          | 3         
24    | 19,143,502.07   | 5          | 3         
25    | 17,375,593.70   | 5          | 3         
26    | 15,765,961.27   | 5          | 3         
27    | 14,666,086.56   | 8          | 0         
28    | 14,567,767.68   | 5          | 3         
29    | 14,255,540.15   | 5          | 3         
30    | 13,955,080.50   | 2          | 6         
31    | 11,882,120.71   | 2          | 6         
32    | 10,017,051.95   | 8          | 0         
33    | 9,902,114.92    | 5          | 3         
34    | 8,121,701.89    | 5          | 3         
35    | 7,759,124.61    | 5          | 3         
36    | 7,663,495.24    | 5          | 3         
37    | 7,178,744.72    | 8          | 0         
38    | 7,140,055.17    | 5          | 3         
39    | 6,915,729.39    | 5          | 3         
40    | 6,804,221.79    | 0          | 8         
41    | 5,989,810.54    | 8          | 0         
42    | 5,929,172.56    | 8          | 0         
43    | 5,927,049.48    | 5          | 3         
44    | 5,630,908.53    | 2          | 6         
45    | 5,229,746.40    | 5          | 3         
46    | 4,863,146.20    | 2          | 6         
47    | 4,437,061.97    | 5          | 3         
48    | 4,140,776.91    | 5          | 3         
49    | 3,965,919.86    | 2          | 6         
50    | 3,644,753.20    | 2          | 6         
51    | 3,393,644.37    | 2          | 6         
52    | 3,293,769.19    | 2          | 6         
53    | 3,147,688.81    | 0          | 8         
54    | 2,847,913.85    | 2          | 6         
55    | 2,752,836.33    | 5          | 3         
56    | 2,643,111.67    | 3          | 5         
57    | 2,419,090.25    | 6          | 2         
58    | 2,079,821.08    | 3          | 5         
59    | 1,813,636.09    | 5          | 3         
60    | 1,632,546.03    | 5          | 3         
61    | 1,464,036.21    | 5          | 3         
62    | 1,347,249.35    | 2          | 6         
63    | 1,229,438.48    | 2          | 6         
64    | 1,204,694.22    | 2          | 6         
65    | 1,083,943.21    | 5          | 3         
66    | 1,042,838.39    | 0          | 8         
67    | 947,769.13      | 0          | 8         
68    | 813,230.46      | 3          | 5         
69    | 720,297.35      | 2          | 6         
70    | 650,352.48      | 2          | 6         
71    | 588,022.33      | 0          | 8         
72    | 443,030.70      | 0          | 8         
73    | 373,423.94      | 0          | 8         
74    | 319,081.28      | 5          | 3         
75    | 318,909.62      | 0          | 8         
76    | 318,753.87      | 2          | 6         
77    | 318,529.81      | 0          | 8         
78    | 317,908.28      | 5          | 3         
79    | 317,584.11      | 3          | 5         
80    | 317,212.77      | 0          | 8         
81    | 316,531.99      | 5          | 3         
82    | 316,263.38      | 0          | 8         
83    | 316,088.07      | 0          | 8         
84    | 314,769.14      | 3          | 5         
85    | 314,144.14      | 0          | 8         
86    | 312,250.04      | 6          | 2         
87    | 310,824.19      | 6          | 2         
88    | 310,762.33      | 3          | 5         
89    | 310,109.51      | 0          | 8         
90    | 308,745.59      | 0          | 8         
91    | 308,293.44      | 0          | 8         
92    | 307,674.46      | 0          | 8         
93    | 307,195.33      | 0          | 8         
94    | 306,638.24      | 0          | 8         
95    | 306,104.63      | 0          | 8         
96    | 305,947.04      | 0          | 8         
97    | 305,721.32      | 0          | 8         
98    | 305,121.21      | 0          | 8         
99    | 304,595.23      | 0          | 8         
100   | 303,311.60      | 0          | 8         
101   | 302,500.77      | 0          | 8         
102   | 301,988.10      | 3          | 5         
103   | 301,754.86      | 3          | 5         
104   | 301,622.95      | 0          | 8         
105   | 300,576.46      | 3          | 5         
106   | 300,168.05      | 0          | 8         
107   | 300,105.91      | 0          | 8         
108   | 299,890.36      | 0          | 8         
109   | 299,269.34      | 0          | 8         
110   | 298,760.41      | 0          | 8         
111   | 298,408.46      | 6          | 2         
112   | 298,331.84      | 0          | 8         
113   | 297,908.15      | 0          | 8         
114   | 297,703.89      | 3          | 5         
115   | 297,480.37      | 0          | 8         
116   | 297,307.24      | 0          | 8         
117   | 297,115.88      | 0          | 8         
118   | 296,957.88      | 0          | 8         
119   | 296,914.84      | 0          | 8         
120   | 296,807.00      | 0          | 8         
121   | 296,589.23      | 0          | 8         
122   | 296,280.31      | 0          | 8         
123   | 296,131.98      | 0          | 8         
124   | 295,977.20      | 0          | 8         
125   | 295,838.29      | 0          | 8         
126   | 295,701.23      | 0          | 8         
127   | 295,551.60      | 0          | 8         
128   | 295,452.34      | 0          | 8         
129   | 295,365.53      | 0          | 8         
130   | 295,320.01      | 0          | 8         
131   | 295,134.73      | 0          | 8         
132   | 295,034.26      | 0          | 8         
133   | 295,023.98      | 0          | 8         
134   | 294,724.25      | 0          | 8         
135   | 294,678.71      | 0          | 8         
136   | 294,620.08      | 0          | 8         
137   | 294,575.60      | 0          | 8         
138   | 294,143.30      | 0          | 8         
139   | 293,840.21      | 0          | 8         
140   | 293,529.76      | 0          | 8         
141   | 293,141.82      | 0          | 8         
142   | 292,845.35      | 0          | 8         
143   | 292,603.50      | 0          | 8         
144   | 292,510.48      | 0          | 8         
145   | 292,400.45      | 0          | 8         
146   | 292,281.82      | 0          | 8         
147   | 292,182.24      | 0          | 8         
148   | 292,065.19      | 0          | 8         
149   | 291,987.00      | 0          | 8         
150   | 291,946.10      | 0          | 8         
151   | 291,872.91      | 0          | 8         
152   | 291,781.47      | 0          | 8         
153   | 291,647.90      | 0          | 8         
154   | 291,581.36      | 0          | 8         
155   | 291,383.77      | 0          | 8         
156   | 291,169.22      | 0          | 8         
157   | 291,074.63      | 0          | 8         
158   | 291,006.37      | 0          | 8         
159   | 290,906.78      | 0          | 8         
160   | 290,890.52      | 0          | 8         
161   | 290,826.63      | 0          | 8         
162   | 290,745.91      | 0          | 8         
163   | 290,681.45      | 0          | 8         
164   | 290,569.40      | 0          | 8         
165   | 290,475.21      | 0          | 8         
166   | 290,463.16      | 0          | 8         
167   | 290,391.44      | 0          | 8         
168   | 290,364.95      | 0          | 8         
169   | 290,314.88      | 0          | 8         
170   | 290,309.47      | 0          | 8         
171   | 290,160.73      | 0          | 8         
172   | 290,055.08      | 0          | 8         
173   | 290,024.62      | 0          | 8         
174   | 289,913.69      | 0          | 8         
175   | 289,870.11      | 0          | 8         
176   | 289,792.79      | 0          | 8         
177   | 289,720.15      | 0          | 8         
178   | 289,572.28      | 0          | 8         
179   | 289,404.17      | 0          | 8         
180   | 289,348.66      | 0          | 8         
181   | 289,225.80      | 0          | 8         
182   | 289,203.24      | 0          | 8         
183   | 289,171.63      | 0          | 8         
184   | 289,159.94      | 0          | 8         
185   | 289,159.94      | 0          | 8         
186   | 289,149.57      | 0          | 8         
187   | 289,149.57      | 0          | 8         
188   | 289,126.21      | 0          | 8         
189   | 289,126.21      | 0          | 8         
190   | 289,044.80      | 0          | 8         
191   | 288,945.09      | 0          | 8         
192   | 288,913.39      | 0          | 8         
193   | 288,904.96      | 0          | 8         
194   | 288,904.46      | 0          | 8         
195   | 288,814.08      | 0          | 8         
196   | 288,728.48      | 0          | 8         
197   | 288,690.14      | 0          | 8         
198   | 288,687.81      | 0          | 8         
199   | 288,680.51      | 0          | 8         
200   | 288,643.35      | 0          | 8         
201   | 288,643.35      | 0          | 8         
202   | 288,634.36      | 0          | 8         
203   | 288,631.17      | 0          | 8         
204   | 288,575.87      | 0          | 8         
205   | 288,572.42      | 0          | 8         
206   | 288,527.00      | 0          | 8         
207   | 288,496.13      | 0          | 8         
208   | 288,483.71      | 0          | 8         
209   | 288,444.94      | 0          | 8         
210   | 288,441.74      | 0          | 8         
211   | 288,441.74      | 0          | 8         
212   | 288,386.87      | 0          | 8         
213   | 288,346.68      | 0          | 8         
214   | 288,324.38      | 0          | 8         
215   | 288,311.81      | 0          | 8         
216   | 288,311.81      | 0          | 8         
217   | 288,311.81      | 0          | 8         
218   | 288,311.49      | 0          | 8         
219   | 288,293.96      | 0          | 6         
220   | 288,264.85      | 0          | 8         
221   | 288,264.79      | 0          | 8         
222   | 288,261.50      | 0          | 8         
223   | 288,261.45      | 0          | 8         
224   | 288,250.31      | 0          | 8         
225   | 288,218.82      | 0          | 8         
226   | 288,205.71      | 0          | 8         
227   | 288,178.84      | 0          | 8         
228   | 288,178.84      | 0          | 8         
229   | 288,117.70      | 0          | 8         
230   | 288,111.42      | 0          | 8         
231   | 287,978.41      | 0          | 8         
232   | 287,966.15      | 0          | 8         
233   | 287,966.15      | 0          | 8         
234   | 287,934.52      | 0          | 8         
235   | 287,916.62      | 0          | 8         
236   | 287,916.62      | 0          | 8         
237   | 287,916.62      | 0          | 8         
238   | 287,910.43      | 0          | 8         
239   | 287,855.55      | 0          | 8         
240   | 287,810.39      | 0          | 8         
241   | 287,810.39      | 0          | 8         
242   | 287,810.39      | 0          | 8         
243   | 287,773.89      | 0          | 8         
244   | 287,773.89      | 0          | 8         
245   | 287,623.10      | 0          | 8         
246   | 287,623.10      | 0          | 8         
247   | 287,623.10      | 0          | 8         
248   | 287,618.56      | 0          | 8         
249   | 287,618.56      | 0          | 8         
250   | 287,618.56      | 0          | 8         
251   | 287,618.41      | 0          | 8         
252   | 287,605.06      | 0          | 8         
253   | 287,605.06      | 0          | 8         
254   | 287,605.06      | 0          | 8         
255   | 287,605.06      | 0          | 8         
256   | 287,558.30      | 0          | 8         
257   | 287,503.10      | 0          | 8         
258   | 287,503.10      | 0          | 6         
