==========================================================
 ANALYSIS REPORT: Week 13
==========================================================

0. Solver Configuration
-----------------------
  max_iter             : 1000
  time_limit           : 3600.0
  tol                  : 1e-08
  patience             : 15
  mip_rc_threshold     : 10000000000.0
  mip_gap              : 0.0001

1. Performance Metrics
----------------------
  Objective Value : 1,183,000.00
  RMP Relaxed Value (Root): 680,400.00
  Integrality Gap       : 73.8683 %
  MIP Best Bound (Final)  : 1,183,000.00
  Final MIP Gap           : 0.0000 %
  Execution Time  : 86.8834 sec
  Iterations      : 226
  RMP Time  : 51.8771 s
  MIP Time  : 1.7480 s
  Pool Search Time: 2.8265 s
  Graph Search Time: 30.2783 s
  MIP Decision Variables: 1255 (Columns used in Final MIP)
  MIP Filtered Columns  : 0 (Removed before MIP)

2. Column Generation & Pool Statistics
--------------------------------------
  Total Columns Generated (History) : 1976
  Pool Hits (Reused from History)   : 279
  Graph Gen (Newly Created)         : 966
  Pool Hit Rate                     : 22.4%

3. Shift Pattern Diversity (Unique Patterns)
------------------------------------------
  Type: TypeA  | Unique Patterns:  333 / Total Gen:  333
       -> Avg Length of Unique Patterns: 47.0 hours
  Type: TypeB  | Unique Patterns:  403 / Total Gen:  806
       -> Avg Length of Unique Patterns: 35.4 hours
  Type: TypeC  | Unique Patterns:  416 / Total Gen:  832
       -> Avg Length of Unique Patterns: 24.2 hours

4. Final Schedule Assignment Breakdown
--------------------------------------
  Emp 0  (TypeA): 47 hours worked
  Emp 1  (TypeB): 38 hours worked
  Emp 2  (TypeB): 33 hours worked
  Emp 3  (TypeC): 22 hours worked
  Emp 4  (TypeC): 25 hours worked

5. Iteration History (Convergence Log)
--------------------------------------
Iter  | RMP Obj Value   | Pool Hits  | Graph Gen 
--------------------------------------------------
1     | 106,016,000.00  | 10         | 0         
2     | 73,059,000.00   | 10         | 0         
3     | 39,133,100.00   | 10         | 0         
4     | 17,191,900.00   | 10         | 0         
5     | 16,440,950.00   | 10         | 0         
6     | 15,193,375.00   | 10         | 0         
7     | 14,194,550.00   | 10         | 0         
8     | 13,993,380.00   | 10         | 0         
9     | 13,192,391.68   | 10         | 0         
10    | 12,384,809.51   | 10         | 0         
11    | 12,170,746.44   | 9          | 0         
12    | 12,047,248.79   | 10         | 0         
13    | 12,023,444.82   | 2          | 5         
14    | 9,157,936.51    | 10         | 0         
15    | 8,789,166.86    | 10         | 0         
16    | 8,778,989.03    | 10         | 0         
17    | 8,745,805.79    | 10         | 0         
18    | 8,742,290.10    | 0          | 5         
19    | 6,057,372.53    | 10         | 0         
20    | 5,862,850.58    | 10         | 0         
21    | 5,823,881.49    | 6          | 0         
22    | 5,820,051.64    | 1          | 5         
23    | 4,539,376.90    | 10         | 0         
24    | 4,447,569.45    | 10         | 0         
25    | 4,440,684.28    | 8          | 0         
26    | 4,437,091.50    | 0          | 5         
27    | 3,861,709.55    | 8          | 0         
28    | 3,848,866.18    | 8          | 0         
29    | 3,847,433.16    | 0          | 5         
30    | 3,688,896.81    | 8          | 0         
31    | 3,674,879.40    | 0          | 5         
32    | 3,072,652.09    | 4          | 5         
33    | 2,955,262.31    | 0          | 5         
34    | 2,841,205.66    | 0          | 5         
35    | 2,668,695.27    | 10         | 0         
36    | 2,667,487.02    | 0          | 5         
37    | 2,467,166.17    | 6          | 0         
38    | 2,452,826.84    | 2          | 5         
39    | 2,254,119.09    | 2          | 5         
40    | 2,104,153.72    | 6          | 0         
41    | 2,095,821.05    | 0          | 5         
42    | 2,048,474.04    | 0          | 5         
43    | 1,881,997.74    | 0          | 5         
44    | 1,849,570.20    | 0          | 5         
45    | 1,728,527.21    | 0          | 5         
46    | 1,666,535.64    | 0          | 5         
47    | 1,504,188.55    | 0          | 5         
48    | 1,468,279.43    | 0          | 5         
49    | 1,373,623.09    | 0          | 5         
50    | 1,354,738.09    | 0          | 5         
51    | 1,294,697.56    | 0          | 5         
52    | 1,117,265.68    | 0          | 5         
53    | 1,105,322.38    | 0          | 5         
54    | 1,089,379.53    | 0          | 5         
55    | 1,076,589.66    | 2          | 5         
56    | 1,074,277.97    | 0          | 5         
57    | 1,062,364.96    | 0          | 5         
58    | 1,052,617.65    | 0          | 5         
59    | 1,051,306.27    | 0          | 5         
60    | 1,050,071.47    | 0          | 5         
61    | 1,032,746.13    | 0          | 5         
62    | 1,032,746.13    | 0          | 5         
63    | 998,488.88      | 0          | 5         
64    | 997,882.84      | 0          | 5         
65    | 977,446.92      | 0          | 5         
66    | 955,818.23      | 0          | 5         
67    | 866,304.00      | 0          | 5         
68    | 847,944.86      | 0          | 5         
69    | 797,810.78      | 0          | 5         
70    | 754,640.09      | 0          | 5         
71    | 753,343.59      | 0          | 5         
72    | 742,065.92      | 0          | 5         
73    | 729,638.81      | 0          | 5         
74    | 699,117.35      | 0          | 5         
75    | 689,011.11      | 3          | 5         
76    | 689,011.11      | 4          | 5         
77    | 689,011.11      | 0          | 5         
78    | 688,788.78      | 0          | 5         
79    | 688,788.78      | 0          | 5         
80    | 688,138.96      | 0          | 5         
81    | 688,138.96      | 0          | 5         
82    | 687,834.86      | 0          | 5         
83    | 687,747.23      | 0          | 5         
84    | 687,747.23      | 0          | 5         
85    | 687,747.23      | 0          | 5         
86    | 687,010.91      | 0          | 5         
87    | 687,010.91      | 0          | 5         
88    | 686,917.57      | 0          | 5         
89    | 686,503.80      | 0          | 5         
90    | 685,740.10      | 0          | 5         
91    | 685,740.10      | 0          | 5         
92    | 685,740.10      | 0          | 5         
93    | 685,413.65      | 0          | 5         
94    | 685,413.65      | 0          | 5         
95    | 685,413.65      | 0          | 5         
96    | 685,413.65      | 0          | 5         
97    | 685,183.19      | 0          | 5         
98    | 684,793.91      | 0          | 5         
99    | 683,666.61      | 0          | 5         
100   | 683,666.61      | 0          | 5         
101   | 683,448.72      | 0          | 5         
102   | 683,448.72      | 0          | 5         
103   | 683,448.72      | 0          | 5         
104   | 683,409.93      | 0          | 5         
105   | 683,269.53      | 0          | 5         
106   | 683,269.53      | 0          | 5         
107   | 683,172.54      | 0          | 5         
108   | 683,172.54      | 0          | 5         
109   | 683,172.54      | 0          | 5         
110   | 683,172.54      | 0          | 5         
111   | 682,940.10      | 0          | 5         
112   | 682,765.23      | 0          | 5         
113   | 682,730.57      | 0          | 5         
114   | 682,730.57      | 0          | 5         
115   | 682,540.36      | 0          | 5         
116   | 682,540.36      | 0          | 5         
117   | 682,540.36      | 0          | 5         
118   | 682,540.36      | 0          | 5         
119   | 682,540.36      | 0          | 5         
120   | 682,540.36      | 0          | 5         
121   | 682,530.10      | 0          | 5         
122   | 682,530.10      | 0          | 5         
123   | 682,530.10      | 0          | 5         
124   | 682,475.66      | 0          | 5         
125   | 682,475.66      | 0          | 5         
126   | 682,475.66      | 0          | 5         
127   | 681,825.66      | 0          | 5         
128   | 681,825.66      | 0          | 5         
129   | 681,703.15      | 0          | 5         
130   | 681,676.80      | 0          | 5         
131   | 681,676.80      | 0          | 5         
132   | 681,676.80      | 0          | 5         
133   | 681,655.23      | 0          | 5         
134   | 681,617.99      | 0          | 5         
135   | 681,508.06      | 0          | 5         
136   | 681,291.49      | 0          | 5         
137   | 681,192.28      | 0          | 5         
138   | 681,192.28      | 0          | 5         
139   | 681,192.28      | 0          | 5         
140   | 681,192.28      | 0          | 5         
141   | 681,192.28      | 0          | 5         
142   | 681,192.28      | 0          | 5         
143   | 681,041.59      | 0          | 5         
144   | 681,041.59      | 0          | 5         
145   | 680,952.50      | 0          | 5         
146   | 680,942.94      | 0          | 5         
147   | 680,942.94      | 0          | 5         
148   | 680,940.98      | 0          | 5         
149   | 680,940.98      | 0          | 5         
150   | 680,940.98      | 0          | 5         
151   | 680,940.98      | 0          | 5         
152   | 680,940.98      | 0          | 5         
153   | 680,940.98      | 0          | 5         
154   | 680,940.98      | 0          | 5         
155   | 680,916.87      | 0          | 5         
156   | 680,774.68      | 0          | 5         
157   | 680,696.45      | 0          | 5         
158   | 680,696.45      | 0          | 5         
159   | 680,696.45      | 0          | 5         
160   | 680,687.93      | 0          | 5         
161   | 680,687.93      | 0          | 5         
162   | 680,633.02      | 0          | 5         
163   | 680,633.02      | 0          | 5         
164   | 680,633.02      | 0          | 5         
165   | 680,633.02      | 0          | 5         
166   | 680,633.02      | 0          | 5         
167   | 680,633.02      | 0          | 5         
168   | 680,633.02      | 0          | 5         
169   | 680,633.02      | 0          | 4         
170   | 680,633.02      | 0          | 4         
171   | 680,633.02      | 0          | 5         
172   | 680,633.02      | 0          | 5         
173   | 680,633.02      | 0          | 5         
174   | 680,618.08      | 0          | 4         
175   | 680,618.08      | 0          | 5         
176   | 680,618.08      | 0          | 5         
177   | 680,618.08      | 0          | 5         
178   | 680,618.08      | 0          | 5         
179   | 680,611.88      | 0          | 5         
180   | 680,611.88      | 0          | 5         
181   | 680,611.88      | 0          | 5         
182   | 680,611.88      | 0          | 5         
183   | 680,605.36      | 0          | 5         
184   | 680,605.36      | 0          | 5         
185   | 680,605.36      | 0          | 5         
186   | 680,605.36      | 0          | 5         
187   | 680,605.36      | 0          | 5         
188   | 680,605.36      | 0          | 5         
189   | 680,605.36      | 0          | 5         
190   | 680,521.88      | 0          | 5         
191   | 680,521.88      | 0          | 5         
192   | 680,521.88      | 0          | 5         
193   | 680,521.88      | 0          | 5         
194   | 680,521.88      | 0          | 5         
195   | 680,521.88      | 0          | 5         
196   | 680,521.88      | 0          | 5         
197   | 680,521.88      | 0          | 5         
198   | 680,521.88      | 0          | 5         
199   | 680,521.88      | 0          | 5         
200   | 680,521.88      | 0          | 4         
201   | 680,521.88      | 0          | 4         
202   | 680,521.88      | 0          | 5         
203   | 680,521.88      | 0          | 4         
204   | 680,521.88      | 0          | 4         
205   | 680,509.09      | 0          | 5         
206   | 680,509.09      | 0          | 5         
207   | 680,509.09      | 0          | 5         
208   | 680,509.09      | 0          | 5         
209   | 680,472.86      | 0          | 5         
210   | 680,472.86      | 0          | 4         
211   | 680,472.86      | 0          | 4         
212   | 680,472.86      | 0          | 5         
213   | 680,472.86      | 0          | 5         
214   | 680,472.86      | 0          | 5         
215   | 680,472.86      | 0          | 5         
216   | 680,472.86      | 0          | 5         
217   | 680,472.86      | 0          | 5         
218   | 680,472.86      | 0          | 4         
219   | 680,472.86      | 0          | 4         
220   | 680,437.50      | 0          | 4         
221   | 680,437.50      | 0          | 5         
222   | 680,437.50      | 0          | 5         
223   | 680,437.50      | 0          | 4         
224   | 680,400.00      | 0          | 2         
225   | 680,400.00      | 0          | 2         
226   | 680,400.00      | 0          | 0         
