==========================================================
 ANALYSIS REPORT: Week 12
==========================================================

0. Solver Configuration
-----------------------
  max_iter             : 1000
  time_limit           : 3600.0
  tol                  : 1e-08
  patience             : 15
  mip_rc_threshold     : 10000000000.0
  mip_gap              : 0.0001

1. Performance Metrics
----------------------
  Objective Value : 3,192,600.00
  RMP Relaxed Value (Root): 2,191,064.17
  Integrality Gap       : 45.7100 %
  MIP Best Bound (Final)  : 3,192,600.00
  Final MIP Gap           : 0.0000 %
  Execution Time  : 42.5329 sec
  Iterations      : 134
  RMP Time  : 20.4247 s
  MIP Time  : 1.4817 s
  Pool Search Time: 3.1177 s
  Graph Search Time: 17.4303 s
  MIP Decision Variables: 782 (Columns used in Final MIP)
  MIP Filtered Columns  : 0 (Removed before MIP)

2. Column Generation & Pool Statistics
--------------------------------------
  Total Columns Generated (History) : 2396
  Pool Hits (Reused from History)   : 239
  Graph Gen (Newly Created)         : 533
  Pool Hit Rate                     : 31.0%

3. Shift Pattern Diversity (Unique Patterns)
------------------------------------------
  Type: TypeA  | Unique Patterns:  431 / Total Gen:  431
       -> Avg Length of Unique Patterns: 47.5 hours
  Type: TypeB  | Unique Patterns:  481 / Total Gen:  962
       -> Avg Length of Unique Patterns: 37.3 hours
  Type: TypeC  | Unique Patterns:  499 / Total Gen:  998
       -> Avg Length of Unique Patterns: 25.6 hours

4. Final Schedule Assignment Breakdown
--------------------------------------
  Emp 0  (TypeA): 48 hours worked
  Emp 1  (TypeB): 38 hours worked
  Emp 2  (TypeB): 39 hours worked
  Emp 3  (TypeC): 26 hours worked
  Emp 4  (TypeC): 29 hours worked

5. Iteration History (Convergence Log)
--------------------------------------
Iter  | RMP Obj Value   | Pool Hits  | Graph Gen 
--------------------------------------------------
1     | 114,011,900.00  | 10         | 0         
2     | 79,059,800.00   | 10         | 0         
3     | 38,139,200.00   | 10         | 0         
4     | 24,204,100.00   | 10         | 0         
5     | 22,203,500.00   | 10         | 0         
6     | 17,953,200.00   | 10         | 0         
7     | 16,021,872.64   | 10         | 0         
8     | 14,624,030.93   | 10         | 0         
9     | 14,076,273.68   | 10         | 0         
10    | 14,038,265.06   | 10         | 0         
11    | 13,955,650.00   | 10         | 0         
12    | 13,955,650.00   | 5          | 5         
13    | 12,032,484.87   | 10         | 0         
14    | 11,603,249.55   | 10         | 0         
15    | 11,414,812.85   | 10         | 0         
16    | 11,384,375.47   | 10         | 0         
17    | 11,376,179.06   | 1          | 5         
18    | 9,037,405.60    | 10         | 0         
19    | 8,973,142.41    | 10         | 0         
20    | 8,951,592.19    | 2          | 5         
21    | 7,776,332.93    | 10         | 0         
22    | 7,751,859.21    | 5          | 5         
23    | 7,027,238.78    | 8          | 0         
24    | 6,913,326.65    | 0          | 5         
25    | 6,396,584.34    | 10         | 0         
26    | 6,369,404.74    | 10         | 0         
27    | 6,359,598.47    | 0          | 5         
28    | 5,967,620.15    | 0          | 5         
29    | 5,636,190.44    | 2          | 5         
30    | 5,085,383.13    | 0          | 5         
31    | 4,591,055.49    | 0          | 5         
32    | 4,382,738.34    | 6          | 0         
33    | 4,382,738.34    | 0          | 5         
34    | 4,169,395.71    | 0          | 5         
35    | 4,127,330.15    | 6          | 0         
36    | 4,124,342.83    | 0          | 5         
37    | 4,020,038.94    | 0          | 5         
38    | 3,974,156.61    | 2          | 5         
39    | 3,882,325.68    | 0          | 5         
40    | 3,790,931.87    | 0          | 5         
41    | 3,747,376.26    | 2          | 5         
42    | 3,682,594.65    | 0          | 5         
43    | 3,658,668.07    | 0          | 5         
44    | 3,556,002.19    | 0          | 5         
45    | 3,517,085.64    | 0          | 5         
46    | 3,481,334.34    | 0          | 5         
47    | 3,344,052.78    | 0          | 5         
48    | 3,232,544.98    | 0          | 5         
49    | 3,194,553.91    | 0          | 5         
50    | 3,127,456.24    | 0          | 5         
51    | 3,084,170.46    | 0          | 5         
52    | 3,032,941.83    | 0          | 5         
53    | 2,971,738.62    | 0          | 5         
54    | 2,830,024.20    | 0          | 5         
55    | 2,768,661.94    | 0          | 5         
56    | 2,700,740.07    | 0          | 5         
57    | 2,638,129.39    | 0          | 5         
58    | 2,603,632.12    | 0          | 5         
59    | 2,579,653.98    | 0          | 5         
60    | 2,534,408.39    | 0          | 5         
61    | 2,524,641.97    | 0          | 5         
62    | 2,453,119.04    | 0          | 5         
63    | 2,418,191.26    | 0          | 5         
64    | 2,415,415.82    | 0          | 5         
65    | 2,414,051.20    | 0          | 5         
66    | 2,401,582.48    | 0          | 5         
67    | 2,396,144.59    | 0          | 5         
68    | 2,391,346.35    | 0          | 5         
69    | 2,382,995.21    | 0          | 5         
70    | 2,367,299.39    | 0          | 5         
71    | 2,356,023.04    | 0          | 5         
72    | 2,351,658.89    | 0          | 5         
73    | 2,347,559.24    | 0          | 5         
74    | 2,336,567.74    | 0          | 5         
75    | 2,327,983.38    | 0          | 5         
76    | 2,310,781.63    | 0          | 5         
77    | 2,265,665.99    | 0          | 5         
78    | 2,265,665.99    | 0          | 5         
79    | 2,237,262.53    | 0          | 5         
80    | 2,228,705.35    | 0          | 5         
81    | 2,228,705.35    | 0          | 5         
82    | 2,227,630.51    | 0          | 5         
83    | 2,227,630.51    | 0          | 5         
84    | 2,213,371.50    | 0          | 4         
85    | 2,213,371.50    | 0          | 4         
86    | 2,202,384.92    | 0          | 5         
87    | 2,202,384.92    | 0          | 5         
88    | 2,199,223.52    | 0          | 5         
89    | 2,198,937.19    | 0          | 5         
90    | 2,198,937.19    | 0          | 4         
91    | 2,198,937.19    | 0          | 4         
92    | 2,198,937.19    | 0          | 4         
93    | 2,198,937.19    | 0          | 5         
94    | 2,195,729.44    | 0          | 4         
95    | 2,192,715.13    | 0          | 5         
96    | 2,192,715.13    | 0          | 5         
97    | 2,192,715.13    | 0          | 5         
98    | 2,192,715.13    | 0          | 5         
99    | 2,192,715.13    | 0          | 4         
100   | 2,192,715.13    | 0          | 4         
101   | 2,192,715.13    | 0          | 4         
102   | 2,192,715.13    | 0          | 5         
103   | 2,192,627.14    | 0          | 4         
104   | 2,192,627.14    | 0          | 4         
105   | 2,192,627.14    | 0          | 5         
106   | 2,192,627.14    | 0          | 4         
107   | 2,192,627.14    | 0          | 4         
108   | 2,192,627.14    | 0          | 4         
109   | 2,192,627.14    | 0          | 4         
110   | 2,192,627.14    | 0          | 5         
111   | 2,192,455.41    | 0          | 4         
112   | 2,192,455.41    | 0          | 5         
113   | 2,192,455.41    | 0          | 5         
114   | 2,192,455.41    | 0          | 4         
115   | 2,192,330.54    | 0          | 5         
116   | 2,192,010.00    | 0          | 5         
117   | 2,192,010.00    | 0          | 5         
118   | 2,191,315.71    | 0          | 5         
119   | 2,191,064.17    | 0          | 5         
120   | 2,191,064.17    | 0          | 5         
121   | 2,191,064.17    | 0          | 4         
122   | 2,191,064.17    | 0          | 4         
123   | 2,191,064.17    | 0          | 5         
124   | 2,191,064.17    | 0          | 5         
125   | 2,191,064.17    | 0          | 4         
126   | 2,191,064.17    | 0          | 5         
127   | 2,191,064.17    | 0          | 5         
128   | 2,191,064.17    | 0          | 5         
129   | 2,191,064.17    | 0          | 4         
130   | 2,191,064.17    | 0          | 5         
131   | 2,191,064.17    | 0          | 5         
132   | 2,191,064.17    | 0          | 5         
133   | 2,191,064.17    | 0          | 4         
134   | 2,191,064.17    | 0          | 5         
