==========================================================
 ANALYSIS REPORT: Week 9
==========================================================

1. Performance Metrics
----------------------
  Objective Value : 2,191,500.00
  RMP Relaxed Value (Root): 1,680,293.37
  Integrality Gap       : 30.4237 %
  Execution Time  : 94.1312 sec
  Iterations      : 200
  RMP Time  : 51.9486 s
  MIP Time  : 2.5362 s
  Pool Search Time: 16.7211 s
  Graph Search Time: 22.7202 s
  MIP Decision Variables: 861 (Columns used in Final MIP)
  MIP Filtered Columns  : 369 (Removed before MIP)

2. Column Generation & Pool Statistics
--------------------------------------
  Total Columns Generated (History) : 6648
  Pool Hits (Reused from History)   : 493
  Graph Gen (Newly Created)         : 727
  Pool Hit Rate                     : 40.4%

3. Shift Pattern Diversity (Unique Patterns)
------------------------------------------
  Type: TypeA  | Unique Patterns: 1263 / Total Gen: 1263
       -> Avg Length of Unique Patterns: 47.1 hours
  Type: TypeB  | Unique Patterns: 1336 / Total Gen: 2672
       -> Avg Length of Unique Patterns: 36.2 hours
  Type: TypeC  | Unique Patterns: 1354 / Total Gen: 2708
       -> Avg Length of Unique Patterns: 24.5 hours

4. Final Schedule Assignment Breakdown
--------------------------------------
  Emp 0  (TypeA): 47 hours worked
  Emp 1  (TypeB): 36 hours worked
  Emp 2  (TypeB): 37 hours worked
  Emp 3  (TypeC): 26 hours worked
  Emp 4  (TypeC): 26 hours worked

5. Iteration History (Convergence Log)
--------------------------------------
Iter  | RMP Obj Value   | Pool Hits  | Graph Gen 
--------------------------------------------------
1     | 102,012,000.00  | 10         | 0         
2     | 65,061,500.00   | 10         | 0         
3     | 31,744,120.00   | 10         | 0         
4     | 20,531,300.07   | 10         | 0         
5     | 15,194,650.00   | 10         | 0         
6     | 11,861,866.62   | 10         | 0         
7     | 11,861,866.62   | 10         | 0         
8     | 10,833,137.07   | 10         | 0         
9     | 9,634,839.92    | 10         | 0         
10    | 9,498,144.67    | 10         | 0         
11    | 8,944,588.14    | 10         | 0         
12    | 8,685,787.35    | 10         | 0         
13    | 8,434,140.85    | 10         | 0         
14    | 8,255,858.96    | 10         | 0         
15    | 8,165,233.23    | 10         | 0         
16    | 8,115,350.91    | 10         | 0         
17    | 8,065,483.93    | 10         | 0         
18    | 8,048,231.63    | 7          | 0         
19    | 8,047,436.58    | 5          | 5         
20    | 6,506,662.34    | 10         | 0         
21    | 6,292,351.31    | 10         | 0         
22    | 6,224,283.05    | 10         | 0         
23    | 6,185,245.74    | 10         | 0         
24    | 6,125,058.50    | 10         | 0         
25    | 6,112,249.50    | 10         | 0         
26    | 6,104,837.21    | 0          | 5         
27    | 4,919,966.34    | 10         | 0         
28    | 4,877,965.23    | 10         | 0         
29    | 4,857,728.11    | 7          | 0         
30    | 4,828,413.77    | 8          | 0         
31    | 4,828,413.77    | 0          | 5         
32    | 4,243,343.07    | 10         | 0         
33    | 4,178,825.73    | 10         | 0         
34    | 4,158,140.53    | 6          | 0         
35    | 4,158,140.53    | 0          | 5         
36    | 3,476,001.58    | 10         | 0         
37    | 3,469,170.56    | 7          | 0         
38    | 3,468,733.51    | 0          | 5         
39    | 3,071,550.31    | 10         | 0         
40    | 3,065,390.41    | 6          | 0         
41    | 3,065,061.34    | 0          | 5         
42    | 2,862,123.69    | 8          | 0         
43    | 2,844,415.29    | 4          | 5         
44    | 2,547,516.25    | 10         | 0         
45    | 2,547,179.38    | 2          | 5         
46    | 2,403,814.21    | 2          | 5         
47    | 2,183,003.67    | 10         | 0         
48    | 2,176,928.20    | 5          | 5         
49    | 2,031,556.38    | 6          | 0         
50    | 2,019,577.57    | 6          | 0         
51    | 2,019,573.94    | 0          | 5         
52    | 1,826,499.87    | 2          | 5         
53    | 1,697,677.64    | 10         | 0         
54    | 1,697,639.77    | 2          | 5         
55    | 1,696,111.44    | 10         | 0         
56    | 1,696,111.44    | 10         | 0         
57    | 1,696,053.01    | 2          | 5         
58    | 1,695,049.27    | 10         | 0         
59    | 1,695,049.27    | 10         | 0         
60    | 1,695,049.27    | 4          | 5         
61    | 1,695,049.27    | 10         | 0         
62    | 1,695,049.27    | 5          | 5         
63    | 1,695,049.27    | 0          | 5         
64    | 1,694,293.81    | 2          | 5         
65    | 1,692,736.49    | 10         | 0         
66    | 1,692,710.87    | 0          | 5         
67    | 1,692,500.37    | 2          | 5         
68    | 1,692,340.13    | 7          | 0         
69    | 1,692,340.13    | 0          | 5         
70    | 1,692,340.13    | 4          | 5         
71    | 1,692,340.13    | 0          | 5         
72    | 1,691,674.03    | 0          | 5         
73    | 1,690,964.51    | 0          | 5         
74    | 1,690,442.64    | 0          | 5         
75    | 1,690,247.01    | 0          | 5         
76    | 1,690,247.01    | 0          | 5         
77    | 1,689,659.57    | 0          | 5         
78    | 1,689,659.57    | 0          | 5         
79    | 1,689,141.98    | 2          | 5         
80    | 1,689,094.80    | 0          | 5         
81    | 1,688,895.92    | 0          | 5         
82    | 1,688,521.73    | 0          | 5         
83    | 1,688,223.41    | 0          | 5         
84    | 1,688,111.16    | 2          | 5         
85    | 1,688,111.16    | 0          | 5         
86    | 1,687,608.66    | 0          | 5         
87    | 1,687,526.90    | 0          | 5         
88    | 1,687,496.79    | 0          | 5         
89    | 1,687,234.89    | 0          | 5         
90    | 1,686,969.07    | 0          | 5         
91    | 1,686,699.99    | 0          | 5         
92    | 1,686,585.36    | 0          | 5         
93    | 1,686,441.74    | 0          | 5         
94    | 1,686,243.78    | 0          | 5         
95    | 1,685,934.03    | 0          | 5         
96    | 1,685,885.71    | 0          | 5         
97    | 1,685,885.71    | 0          | 5         
98    | 1,685,885.71    | 0          | 5         
99    | 1,685,575.50    | 0          | 5         
100   | 1,685,063.50    | 0          | 5         
101   | 1,684,989.84    | 0          | 5         
102   | 1,684,625.95    | 0          | 5         
103   | 1,684,625.95    | 0          | 5         
104   | 1,684,625.95    | 0          | 5         
105   | 1,684,112.58    | 0          | 5         
106   | 1,684,112.58    | 0          | 5         
107   | 1,684,110.94    | 0          | 5         
108   | 1,684,110.94    | 0          | 5         
109   | 1,684,110.94    | 0          | 5         
110   | 1,684,056.10    | 0          | 5         
111   | 1,684,049.51    | 0          | 5         
112   | 1,683,939.65    | 0          | 5         
113   | 1,683,840.63    | 0          | 5         
114   | 1,683,840.63    | 0          | 5         
115   | 1,683,840.63    | 0          | 5         
116   | 1,683,826.88    | 0          | 5         
117   | 1,683,826.88    | 0          | 5         
118   | 1,683,753.68    | 0          | 5         
119   | 1,683,751.45    | 0          | 5         
120   | 1,683,647.07    | 0          | 5         
121   | 1,683,458.66    | 0          | 5         
122   | 1,683,458.66    | 0          | 5         
123   | 1,683,457.32    | 0          | 5         
124   | 1,683,126.76    | 0          | 5         
125   | 1,682,828.06    | 0          | 5         
126   | 1,682,821.38    | 0          | 5         
127   | 1,682,651.25    | 0          | 5         
128   | 1,682,526.38    | 0          | 5         
129   | 1,682,436.72    | 0          | 5         
130   | 1,682,436.72    | 0          | 5         
131   | 1,682,383.11    | 0          | 5         
132   | 1,682,249.19    | 0          | 5         
133   | 1,682,135.71    | 0          | 5         
134   | 1,682,135.71    | 0          | 5         
135   | 1,682,135.71    | 0          | 5         
136   | 1,682,052.85    | 0          | 5         
137   | 1,681,943.48    | 0          | 5         
138   | 1,681,882.12    | 0          | 5         
139   | 1,681,882.12    | 0          | 5         
140   | 1,681,687.66    | 0          | 5         
141   | 1,681,565.25    | 0          | 5         
142   | 1,681,565.25    | 0          | 5         
143   | 1,681,565.25    | 0          | 5         
144   | 1,681,565.25    | 0          | 5         
145   | 1,681,565.25    | 0          | 5         
146   | 1,681,444.60    | 0          | 4         
147   | 1,681,444.60    | 0          | 5         
148   | 1,681,370.72    | 0          | 5         
149   | 1,681,321.61    | 0          | 5         
150   | 1,681,155.81    | 0          | 4         
151   | 1,681,155.81    | 0          | 4         
152   | 1,681,155.81    | 0          | 5         
153   | 1,681,103.71    | 0          | 5         
154   | 1,681,087.65    | 0          | 5         
155   | 1,681,087.65    | 0          | 5         
156   | 1,681,087.65    | 0          | 5         
157   | 1,681,011.77    | 0          | 5         
158   | 1,680,980.04    | 0          | 5         
159   | 1,680,922.22    | 0          | 4         
160   | 1,680,922.22    | 0          | 5         
161   | 1,680,884.99    | 0          | 5         
162   | 1,680,793.08    | 0          | 4         
163   | 1,680,793.08    | 0          | 4         
164   | 1,680,793.08    | 0          | 5         
165   | 1,680,793.08    | 0          | 5         
166   | 1,680,793.08    | 0          | 4         
167   | 1,680,793.08    | 0          | 5         
168   | 1,680,793.08    | 0          | 5         
169   | 1,680,793.08    | 0          | 5         
170   | 1,680,793.08    | 0          | 5         
171   | 1,680,664.85    | 0          | 5         
172   | 1,680,618.92    | 0          | 4         
173   | 1,680,618.92    | 0          | 5         
174   | 1,680,618.92    | 0          | 4         
175   | 1,680,618.92    | 0          | 5         
176   | 1,680,618.92    | 0          | 4         
177   | 1,680,585.80    | 0          | 5         
178   | 1,680,585.80    | 0          | 5         
179   | 1,680,585.80    | 0          | 4         
180   | 1,680,585.80    | 0          | 4         
181   | 1,680,511.54    | 0          | 4         
182   | 1,680,511.54    | 0          | 4         
183   | 1,680,511.54    | 0          | 4         
184   | 1,680,504.29    | 0          | 4         
185   | 1,680,396.36    | 0          | 4         
186   | 1,680,382.50    | 0          | 4         
187   | 1,680,382.50    | 0          | 4         
188   | 1,680,382.50    | 0          | 4         
189   | 1,680,382.50    | 0          | 4         
190   | 1,680,364.31    | 0          | 5         
191   | 1,680,364.31    | 0          | 2         
192   | 1,680,364.31    | 0          | 2         
193   | 1,680,364.31    | 0          | 3         
194   | 1,680,305.59    | 0          | 4         
195   | 1,680,305.59    | 0          | 4         
196   | 1,680,302.04    | 0          | 5         
197   | 1,680,302.04    | 0          | 5         
198   | 1,680,302.04    | 0          | 4         
199   | 1,680,302.04    | 0          | 5         
200   | 1,680,293.37    | 0          | 4         
