==========================================================
 ANALYSIS REPORT: Week 12
==========================================================

0. Solver Configuration
-----------------------
  max_iter             : 1000
  time_limit           : 3600.0
  tol                  : 1e-08
  patience             : 100
  mip_rc_threshold     : 10000000000.0
  mip_gap              : 0.0001

1. Performance Metrics
----------------------
  Objective Value : 3,190,200.00
  RMP Relaxed Value (Root): 2,189,850.00
  Integrality Gap       : 45.6812 %
  MIP Best Bound (Final)  : 3,190,200.00
  Final MIP Gap           : 0.0000 %
  Execution Time  : 123.0848 sec
  Iterations      : 204
  RMP Time  : 69.7105 s
  MIP Time  : 4.7780 s
  Pool Search Time: 4.4835 s
  Graph Search Time: 43.9171 s
  MIP Decision Variables: 1090 (Columns used in Final MIP)
  MIP Filtered Columns  : 0 (Removed before MIP)

2. Column Generation & Pool Statistics
--------------------------------------
  Total Columns Generated (History) : 1894
  Pool Hits (Reused from History)   : 196
  Graph Gen (Newly Created)         : 884
  Pool Hit Rate                     : 18.1%

3. Shift Pattern Diversity (Unique Patterns)
------------------------------------------
  Type: TypeA  | Unique Patterns:  296 / Total Gen:  296
       -> Avg Length of Unique Patterns: 47.4 hours
  Type: TypeB  | Unique Patterns:  376 / Total Gen:  751
       -> Avg Length of Unique Patterns: 36.8 hours
  Type: TypeC  | Unique Patterns:  421 / Total Gen:  842
       -> Avg Length of Unique Patterns: 24.7 hours

4. Final Schedule Assignment Breakdown
--------------------------------------
  Emp 0  (TypeA): 49 hours worked
  Emp 1  (TypeB): 38 hours worked
  Emp 2  (TypeB): 37 hours worked
  Emp 3  (TypeC): 27 hours worked
  Emp 4  (TypeC): 26 hours worked

5. Iteration History (Convergence Log)
--------------------------------------
Iter  | RMP Obj Value   | Pool Hits  | Graph Gen 
--------------------------------------------------
1     | 114,011,900.00  | 10         | 0         
2     | 81,058,600.00   | 10         | 0         
3     | 44,138,400.00   | 10         | 0         
4     | 28,199,200.00   | 10         | 0         
5     | 26,866,944.51   | 10         | 0         
6     | 24,102,326.67   | 10         | 0         
7     | 22,532,200.01   | 10         | 0         
8     | 21,927,445.49   | 10         | 0         
9     | 21,210,763.75   | 10         | 0         
10    | 20,987,807.53   | 10         | 0         
11    | 20,903,714.06   | 10         | 0         
12    | 20,805,386.03   | 1          | 5         
13    | 14,089,716.72   | 10         | 0         
14    | 13,719,573.10   | 10         | 0         
15    | 13,583,827.08   | 6          | 0         
16    | 13,573,393.47   | 2          | 5         
17    | 10,926,353.96   | 10         | 0         
18    | 10,733,838.04   | 5          | 5         
19    | 9,367,983.83    | 1          | 5         
20    | 8,097,205.00    | 4          | 5         
21    | 7,760,144.50    | 0          | 5         
22    | 7,270,937.54    | 10         | 0         
23    | 7,206,638.57    | 2          | 5         
24    | 6,797,963.85    | 10         | 0         
25    | 6,773,311.07    | 1          | 5         
26    | 6,245,047.74    | 2          | 5         
27    | 5,865,252.04    | 2          | 5         
28    | 5,689,136.65    | 0          | 5         
29    | 5,475,902.93    | 0          | 5         
30    | 5,228,215.31    | 0          | 5         
31    | 4,756,678.82    | 0          | 5         
32    | 4,531,617.60    | 4          | 5         
33    | 4,323,584.71    | 0          | 5         
34    | 4,140,534.10    | 4          | 5         
35    | 3,989,974.43    | 2          | 5         
36    | 3,837,209.40    | 0          | 5         
37    | 3,687,592.99    | 0          | 5         
38    | 3,612,997.40    | 0          | 5         
39    | 3,590,846.88    | 0          | 5         
40    | 3,563,196.63    | 0          | 5         
41    | 3,517,076.70    | 0          | 5         
42    | 3,505,125.85    | 0          | 5         
43    | 3,460,231.54    | 0          | 5         
44    | 3,345,307.79    | 0          | 5         
45    | 3,291,395.04    | 0          | 5         
46    | 3,267,673.28    | 0          | 5         
47    | 3,191,748.83    | 0          | 5         
48    | 3,108,055.91    | 0          | 5         
49    | 3,045,413.34    | 0          | 5         
50    | 3,014,702.87    | 0          | 5         
51    | 2,973,830.21    | 0          | 5         
52    | 2,926,703.69    | 0          | 5         
53    | 2,916,577.02    | 0          | 5         
54    | 2,902,147.47    | 0          | 5         
55    | 2,852,382.50    | 0          | 5         
56    | 2,849,065.61    | 0          | 5         
57    | 2,771,880.56    | 0          | 5         
58    | 2,724,035.62    | 0          | 5         
59    | 2,718,149.09    | 0          | 5         
60    | 2,681,299.02    | 0          | 5         
61    | 2,667,240.70    | 0          | 5         
62    | 2,612,971.77    | 0          | 5         
63    | 2,593,379.33    | 0          | 5         
64    | 2,578,994.13    | 0          | 5         
65    | 2,578,994.13    | 0          | 5         
66    | 2,539,596.93    | 0          | 5         
67    | 2,522,781.83    | 0          | 5         
68    | 2,483,166.98    | 0          | 5         
69    | 2,437,215.40    | 0          | 5         
70    | 2,437,215.40    | 0          | 5         
71    | 2,431,816.49    | 0          | 5         
72    | 2,428,536.97    | 0          | 5         
73    | 2,421,978.13    | 0          | 5         
74    | 2,404,770.85    | 0          | 5         
75    | 2,401,386.54    | 0          | 5         
76    | 2,394,466.35    | 0          | 5         
77    | 2,384,518.73    | 0          | 5         
78    | 2,384,212.29    | 0          | 5         
79    | 2,384,212.29    | 0          | 5         
80    | 2,384,212.29    | 0          | 5         
81    | 2,340,303.12    | 0          | 5         
82    | 2,298,144.64    | 0          | 5         
83    | 2,265,056.33    | 0          | 5         
84    | 2,253,225.49    | 0          | 4         
85    | 2,247,399.63    | 0          | 5         
86    | 2,247,399.63    | 0          | 5         
87    | 2,241,662.59    | 0          | 5         
88    | 2,234,745.45    | 0          | 5         
89    | 2,234,745.45    | 0          | 5         
90    | 2,231,746.54    | 0          | 5         
91    | 2,220,381.95    | 0          | 5         
92    | 2,219,800.84    | 0          | 5         
93    | 2,212,396.33    | 0          | 5         
94    | 2,207,517.34    | 0          | 5         
95    | 2,195,072.66    | 0          | 5         
96    | 2,193,052.94    | 0          | 5         
97    | 2,192,636.11    | 0          | 4         
98    | 2,192,636.11    | 0          | 5         
99    | 2,192,636.11    | 0          | 5         
100   | 2,192,076.25    | 0          | 5         
101   | 2,192,076.25    | 0          | 5         
102   | 2,192,076.25    | 0          | 5         
103   | 2,192,076.25    | 0          | 5         
104   | 2,192,076.25    | 0          | 5         
105   | 2,191,977.08    | 0          | 5         
106   | 2,191,977.08    | 0          | 5         
107   | 2,191,977.08    | 0          | 5         
108   | 2,191,977.08    | 0          | 5         
109   | 2,191,834.72    | 0          | 5         
110   | 2,191,834.72    | 0          | 5         
111   | 2,191,834.72    | 0          | 5         
112   | 2,191,834.72    | 0          | 5         
113   | 2,191,834.72    | 0          | 4         
114   | 2,191,834.72    | 0          | 4         
115   | 2,191,646.94    | 0          | 5         
116   | 2,191,581.58    | 0          | 5         
117   | 2,191,500.00    | 0          | 5         
118   | 2,191,500.00    | 0          | 5         
119   | 2,191,500.00    | 0          | 5         
120   | 2,191,500.00    | 0          | 4         
121   | 2,191,241.54    | 0          | 4         
122   | 2,191,241.54    | 0          | 5         
123   | 2,191,241.54    | 0          | 5         
124   | 2,191,241.54    | 0          | 5         
125   | 2,191,241.54    | 0          | 4         
126   | 2,191,241.54    | 0          | 5         
127   | 2,191,241.54    | 0          | 5         
128   | 2,191,125.00    | 0          | 4         
129   | 2,190,962.26    | 0          | 4         
130   | 2,190,962.26    | 0          | 4         
131   | 2,190,962.26    | 0          | 4         
132   | 2,190,962.26    | 0          | 5         
133   | 2,190,771.61    | 0          | 5         
134   | 2,190,771.61    | 0          | 4         
135   | 2,190,771.61    | 0          | 4         
136   | 2,190,708.33    | 0          | 5         
137   | 2,190,615.38    | 0          | 5         
138   | 2,190,615.38    | 0          | 5         
139   | 2,190,384.62    | 0          | 5         
140   | 2,190,384.62    | 0          | 5         
141   | 2,190,384.62    | 0          | 4         
142   | 2,190,272.73    | 0          | 5         
143   | 2,190,272.73    | 0          | 5         
144   | 2,190,266.67    | 0          | 5         
145   | 2,190,266.67    | 0          | 5         
146   | 2,190,266.67    | 0          | 4         
147   | 2,190,266.67    | 0          | 5         
148   | 2,190,266.67    | 0          | 4         
149   | 2,190,196.77    | 0          | 5         
150   | 2,190,196.77    | 0          | 5         
151   | 2,190,196.77    | 0          | 5         
152   | 2,190,196.77    | 0          | 5         
153   | 2,190,196.77    | 0          | 5         
154   | 2,190,196.77    | 0          | 5         
155   | 2,190,127.27    | 0          | 4         
156   | 2,190,127.27    | 0          | 4         
157   | 2,190,127.27    | 0          | 4         
158   | 2,190,127.27    | 0          | 5         
159   | 2,190,089.58    | 0          | 4         
160   | 2,190,089.58    | 0          | 5         
161   | 2,190,026.47    | 0          | 5         
162   | 2,190,026.47    | 0          | 4         
163   | 2,190,026.47    | 0          | 5         
164   | 2,190,026.47    | 0          | 4         
165   | 2,189,964.29    | 0          | 5         
166   | 2,189,964.29    | 0          | 4         
167   | 2,189,964.29    | 0          | 5         
168   | 2,189,964.29    | 0          | 5         
169   | 2,189,964.29    | 0          | 5         
170   | 2,189,964.29    | 0          | 5         
171   | 2,189,964.29    | 0          | 5         
172   | 2,189,964.29    | 0          | 5         
173   | 2,189,964.29    | 0          | 5         
174   | 2,189,964.29    | 0          | 5         
175   | 2,189,964.29    | 0          | 5         
176   | 2,189,964.29    | 0          | 4         
177   | 2,189,944.64    | 0          | 5         
178   | 2,189,944.64    | 0          | 5         
179   | 2,189,944.64    | 0          | 5         
180   | 2,189,944.64    | 0          | 4         
181   | 2,189,944.64    | 0          | 5         
182   | 2,189,944.64    | 0          | 5         
183   | 2,189,931.25    | 0          | 4         
184   | 2,189,931.25    | 0          | 5         
185   | 2,189,931.25    | 0          | 4         
186   | 2,189,931.25    | 0          | 4         
187   | 2,189,931.25    | 0          | 4         
188   | 2,189,872.22    | 0          | 3         
189   | 2,189,872.22    | 0          | 4         
190   | 2,189,872.22    | 0          | 5         
191   | 2,189,872.22    | 0          | 3         
192   | 2,189,872.22    | 0          | 3         
193   | 2,189,872.22    | 0          | 4         
194   | 2,189,872.22    | 0          | 5         
195   | 2,189,872.22    | 0          | 5         
196   | 2,189,872.22    | 0          | 5         
197   | 2,189,872.22    | 0          | 5         
198   | 2,189,872.22    | 0          | 5         
199   | 2,189,872.22    | 0          | 4         
200   | 2,189,872.22    | 0          | 4         
201   | 2,189,872.22    | 0          | 2         
202   | 2,189,872.22    | 0          | 4         
203   | 2,189,850.00    | 0          | 2         
204   | 2,189,850.00    | 0          | 0         
