==========================================================
 ANALYSIS REPORT: Week 15
==========================================================

1. Performance Metrics
----------------------
  Objective Value : 1,161,200.00
  RMP Relaxed Value (Root): 154,168.75
  Integrality Gap       : 653.2006 %
  MIP Best Bound (Final)  : 1,161,200.00
  Final MIP Gap           : 0.0000 %
  Execution Time  : 75.4282 sec
  Iterations      : 165
  RMP Time  : 37.5614 s
  MIP Time  : 0.6315 s
  Pool Search Time: 0.0011 s
  Graph Search Time: 37.1330 s
  MIP Decision Variables: 110 (Columns used in Final MIP)
  MIP Filtered Columns  : 721 (Removed before MIP)

2. Column Generation & Pool Statistics
--------------------------------------
  Total Columns Generated (History) : 831
  Pool Hits (Reused from History)   : 0
  Graph Gen (Newly Created)         : 821
  Pool Hit Rate                     : 0.0%

3. Shift Pattern Diversity (Unique Patterns)
------------------------------------------
  Type: TypeA  | Unique Patterns:  162 / Total Gen:  162
       -> Avg Length of Unique Patterns: 43.9 hours
  Type: TypeB  | Unique Patterns:  166 / Total Gen:  332
       -> Avg Length of Unique Patterns: 31.0 hours
  Type: TypeC  | Unique Patterns:  166 / Total Gen:  332
       -> Avg Length of Unique Patterns: 20.3 hours

4. Final Schedule Assignment Breakdown
--------------------------------------
  Emp 0  (TypeA): 43 hours worked
  Emp 1  (TypeB): 34 hours worked
  Emp 2  (TypeB): 33 hours worked
  Emp 3  (TypeC): 26 hours worked
  Emp 4  (TypeC): 18 hours worked

5. Iteration History (Convergence Log)
--------------------------------------
Iter  | RMP Obj Value   | Pool Hits  | Graph Gen 
--------------------------------------------------
1     | 90,016,000.00   | 0          | 5         
2     | 34,131,700.00   | 0          | 5         
3     | 12,193,500.00   | 0          | 5         
4     | 7,181,000.00    | 0          | 5         
5     | 6,173,100.00    | 0          | 5         
6     | 5,374,320.00    | 0          | 5         
7     | 4,424,706.25    | 0          | 5         
8     | 4,230,944.44    | 0          | 5         
9     | 3,688,948.72    | 0          | 5         
10    | 3,052,100.00    | 0          | 5         
11    | 2,912,516.80    | 0          | 5         
12    | 2,522,347.81    | 0          | 5         
13    | 2,303,138.46    | 0          | 5         
14    | 2,137,021.36    | 0          | 5         
15    | 2,060,185.59    | 0          | 5         
16    | 1,770,761.42    | 0          | 5         
17    | 1,671,470.56    | 0          | 5         
18    | 1,460,601.26    | 0          | 5         
19    | 1,381,433.06    | 0          | 5         
20    | 1,246,185.24    | 0          | 5         
21    | 1,202,342.65    | 0          | 5         
22    | 1,166,828.08    | 0          | 5         
23    | 1,108,960.82    | 0          | 5         
24    | 1,071,066.98    | 0          | 5         
25    | 963,990.83      | 0          | 5         
26    | 939,368.31      | 0          | 5         
27    | 935,364.89      | 0          | 5         
28    | 906,654.50      | 0          | 5         
29    | 846,075.31      | 0          | 5         
30    | 778,069.14      | 0          | 5         
31    | 698,851.33      | 0          | 5         
32    | 637,762.82      | 0          | 5         
33    | 553,815.76      | 0          | 5         
34    | 473,732.38      | 0          | 5         
35    | 396,364.36      | 0          | 5         
36    | 290,905.57      | 0          | 5         
37    | 289,273.06      | 0          | 5         
38    | 189,713.31      | 0          | 5         
39    | 175,763.65      | 0          | 5         
40    | 174,393.52      | 0          | 5         
41    | 173,941.64      | 0          | 5         
42    | 173,104.44      | 0          | 5         
43    | 172,650.12      | 0          | 5         
44    | 172,022.46      | 0          | 5         
45    | 170,409.97      | 0          | 5         
46    | 169,360.31      | 0          | 5         
47    | 168,111.22      | 0          | 5         
48    | 168,022.23      | 0          | 5         
49    | 167,090.18      | 0          | 5         
50    | 165,363.36      | 0          | 5         
51    | 164,365.48      | 0          | 5         
52    | 163,457.47      | 0          | 5         
53    | 163,263.11      | 0          | 5         
54    | 163,069.72      | 0          | 5         
55    | 162,932.31      | 0          | 5         
56    | 162,702.88      | 0          | 5         
57    | 162,252.27      | 0          | 5         
58    | 161,903.03      | 0          | 5         
59    | 161,723.99      | 0          | 5         
60    | 161,644.75      | 0          | 5         
61    | 161,140.01      | 0          | 5         
62    | 160,945.50      | 0          | 5         
63    | 160,694.44      | 0          | 5         
64    | 160,607.13      | 0          | 5         
65    | 160,433.10      | 0          | 5         
66    | 160,424.89      | 0          | 5         
67    | 160,398.82      | 0          | 5         
68    | 160,186.13      | 0          | 5         
69    | 160,164.27      | 0          | 5         
70    | 159,896.53      | 0          | 5         
71    | 159,702.35      | 0          | 5         
72    | 159,638.31      | 0          | 5         
73    | 159,342.33      | 0          | 5         
74    | 159,086.15      | 0          | 5         
75    | 159,086.15      | 0          | 5         
76    | 158,996.71      | 0          | 5         
77    | 158,975.01      | 0          | 5         
78    | 158,963.68      | 0          | 5         
79    | 158,956.12      | 0          | 5         
80    | 158,845.63      | 0          | 5         
81    | 158,835.78      | 0          | 5         
82    | 158,622.04      | 0          | 5         
83    | 158,520.65      | 0          | 5         
84    | 158,514.85      | 0          | 5         
85    | 158,142.49      | 0          | 5         
86    | 158,042.73      | 0          | 5         
87    | 158,040.74      | 0          | 5         
88    | 157,990.57      | 0          | 5         
89    | 157,956.26      | 0          | 5         
90    | 157,956.26      | 0          | 5         
91    | 157,857.62      | 0          | 5         
92    | 157,638.41      | 0          | 5         
93    | 157,588.42      | 0          | 5         
94    | 157,581.58      | 0          | 5         
95    | 157,541.67      | 0          | 5         
96    | 157,535.16      | 0          | 5         
97    | 157,494.49      | 0          | 5         
98    | 157,494.49      | 0          | 5         
99    | 157,413.11      | 0          | 5         
100   | 157,412.82      | 0          | 5         
101   | 157,311.26      | 0          | 5         
102   | 157,229.96      | 0          | 5         
103   | 157,135.92      | 0          | 5         
104   | 157,135.92      | 0          | 5         
105   | 156,832.38      | 0          | 5         
106   | 156,761.67      | 0          | 5         
107   | 156,599.04      | 0          | 5         
108   | 156,599.04      | 0          | 5         
109   | 156,599.04      | 0          | 5         
110   | 156,025.02      | 0          | 5         
111   | 155,908.67      | 0          | 5         
112   | 155,908.67      | 0          | 5         
113   | 155,896.95      | 0          | 5         
114   | 155,855.08      | 0          | 5         
115   | 155,855.08      | 0          | 5         
116   | 155,855.08      | 0          | 5         
117   | 155,855.08      | 0          | 5         
118   | 155,855.08      | 0          | 5         
119   | 155,744.10      | 0          | 5         
120   | 155,740.28      | 0          | 5         
121   | 155,740.28      | 0          | 5         
122   | 155,740.28      | 0          | 5         
123   | 155,740.28      | 0          | 5         
124   | 155,440.59      | 0          | 5         
125   | 155,440.59      | 0          | 5         
126   | 155,437.29      | 0          | 5         
127   | 155,437.29      | 0          | 5         
128   | 155,436.60      | 0          | 5         
129   | 155,369.88      | 0          | 5         
130   | 155,369.88      | 0          | 5         
131   | 154,992.76      | 0          | 5         
132   | 154,986.68      | 0          | 5         
133   | 154,775.62      | 0          | 5         
134   | 154,775.62      | 0          | 4         
135   | 154,775.62      | 0          | 5         
136   | 154,775.62      | 0          | 5         
137   | 154,507.69      | 0          | 5         
138   | 154,507.69      | 0          | 5         
139   | 154,507.69      | 0          | 5         
140   | 154,507.69      | 0          | 5         
141   | 154,507.69      | 0          | 5         
142   | 154,507.69      | 0          | 5         
143   | 154,459.62      | 0          | 5         
144   | 154,459.62      | 0          | 4         
145   | 154,459.62      | 0          | 5         
146   | 154,459.62      | 0          | 5         
147   | 154,423.53      | 0          | 5         
148   | 154,423.53      | 0          | 5         
149   | 154,402.50      | 0          | 5         
150   | 154,402.50      | 0          | 4         
151   | 154,247.06      | 0          | 5         
152   | 154,247.06      | 0          | 5         
153   | 154,247.06      | 0          | 5         
154   | 154,247.06      | 0          | 4         
155   | 154,168.75      | 0          | 5         
156   | 154,168.75      | 0          | 5         
157   | 154,168.75      | 0          | 5         
158   | 154,168.75      | 0          | 5         
159   | 154,168.75      | 0          | 5         
160   | 154,168.75      | 0          | 5         
161   | 154,168.75      | 0          | 5         
162   | 154,168.75      | 0          | 5         
163   | 154,168.75      | 0          | 5         
164   | 154,168.75      | 0          | 5         
165   | 154,168.75      | 0          | 5         
