==========================================================
 ANALYSIS REPORT: Week 14
==========================================================

0. Solver Configuration
-----------------------
  max_iter             : 1000
  time_limit           : 3600.0
  tol                  : 1e-08
  patience             : 100
  mip_rc_threshold     : 10000000000.0
  mip_gap              : 0.0001

1. Performance Metrics
----------------------
  Objective Value : 1,189,700.00
  RMP Relaxed Value (Root): 190,350.00
  Integrality Gap       : 525.0066 %
  MIP Best Bound (Final)  : 1,189,700.00
  Final MIP Gap           : 0.0000 %
  Execution Time  : 167.8937 sec
  Iterations      : 270
  RMP Time  : 93.9606 s
  MIP Time  : 8.0482 s
  Pool Search Time: 0.0014 s
  Graph Search Time: 65.6809 s
  MIP Decision Variables: 1088 (Columns used in Final MIP)
  MIP Filtered Columns  : 0 (Removed before MIP)

2. Column Generation & Pool Statistics
--------------------------------------
  Total Columns Generated (History) : 1088
  Pool Hits (Reused from History)   : 0
  Graph Gen (Newly Created)         : 1078
  Pool Hit Rate                     : 0.0%

3. Shift Pattern Diversity (Unique Patterns)
------------------------------------------
  Type: TypeA  | Unique Patterns:  179 / Total Gen:  179
       -> Avg Length of Unique Patterns: 46.9 hours
  Type: TypeB  | Unique Patterns:  192 / Total Gen:  384
       -> Avg Length of Unique Patterns: 36.9 hours
  Type: TypeC  | Unique Patterns:  260 / Total Gen:  520
       -> Avg Length of Unique Patterns: 25.2 hours

4. Final Schedule Assignment Breakdown
--------------------------------------
  Emp 0  (TypeA): 45 hours worked
  Emp 1  (TypeB): 38 hours worked
  Emp 2  (TypeB): 38 hours worked
  Emp 3  (TypeC): 27 hours worked
  Emp 4  (TypeC): 27 hours worked

5. Iteration History (Convergence Log)
--------------------------------------
Iter  | RMP Obj Value   | Pool Hits  | Graph Gen 
--------------------------------------------------
1     | 106,012,000.00  | 0          | 5         
2     | 35,197,800.00   | 0          | 5         
3     | 17,185,700.00   | 0          | 5         
4     | 13,183,200.00   | 0          | 5         
5     | 10,175,650.00   | 0          | 5         
6     | 9,423,825.00    | 0          | 5         
7     | 8,175,866.70    | 0          | 5         
8     | 7,175,675.00    | 0          | 5         
9     | 7,173,275.00    | 0          | 5         
10    | 7,173,275.00    | 0          | 5         
11    | 6,829,239.94    | 0          | 5         
12    | 6,258,840.84    | 0          | 5         
13    | 6,040,353.20    | 0          | 5         
14    | 5,643,546.16    | 0          | 5         
15    | 4,788,564.00    | 0          | 5         
16    | 4,414,964.13    | 0          | 5         
17    | 3,952,108.29    | 0          | 5         
18    | 3,580,650.01    | 0          | 5         
19    | 3,193,905.91    | 0          | 5         
20    | 3,047,210.50    | 0          | 5         
21    | 2,843,604.68    | 0          | 5         
22    | 2,495,187.71    | 0          | 5         
23    | 2,408,036.91    | 0          | 5         
24    | 2,314,213.42    | 0          | 5         
25    | 2,202,135.34    | 0          | 5         
26    | 1,855,484.55    | 0          | 5         
27    | 1,580,169.48    | 0          | 5         
28    | 1,497,590.83    | 0          | 5         
29    | 1,427,871.78    | 0          | 5         
30    | 1,334,662.05    | 0          | 5         
31    | 1,282,140.27    | 0          | 5         
32    | 1,083,346.70    | 0          | 5         
33    | 1,023,893.02    | 0          | 5         
34    | 997,786.44      | 0          | 5         
35    | 978,503.37      | 0          | 5         
36    | 944,338.08      | 0          | 5         
37    | 934,967.85      | 0          | 5         
38    | 871,048.24      | 0          | 5         
39    | 821,727.87      | 0          | 5         
40    | 781,935.06      | 0          | 5         
41    | 751,763.20      | 0          | 5         
42    | 697,609.40      | 0          | 5         
43    | 651,297.09      | 0          | 5         
44    | 626,543.11      | 0          | 5         
45    | 615,473.79      | 0          | 5         
46    | 586,733.31      | 0          | 5         
47    | 545,050.57      | 0          | 5         
48    | 531,503.84      | 0          | 5         
49    | 513,436.76      | 0          | 5         
50    | 501,595.86      | 0          | 5         
51    | 500,579.90      | 0          | 5         
52    | 488,759.58      | 0          | 5         
53    | 482,829.86      | 0          | 5         
54    | 481,313.81      | 0          | 5         
55    | 477,142.03      | 0          | 5         
56    | 471,923.22      | 0          | 5         
57    | 452,997.12      | 0          | 5         
58    | 443,871.23      | 0          | 5         
59    | 425,786.41      | 0          | 5         
60    | 386,907.61      | 0          | 5         
61    | 376,806.31      | 0          | 5         
62    | 363,675.67      | 0          | 5         
63    | 360,053.43      | 0          | 5         
64    | 351,325.65      | 0          | 5         
65    | 350,978.64      | 0          | 5         
66    | 350,965.27      | 0          | 5         
67    | 337,557.25      | 0          | 5         
68    | 334,160.11      | 0          | 5         
69    | 320,692.40      | 0          | 5         
70    | 305,800.73      | 0          | 5         
71    | 302,789.31      | 0          | 5         
72    | 296,200.19      | 0          | 5         
73    | 294,523.00      | 0          | 5         
74    | 287,406.42      | 0          | 5         
75    | 286,260.12      | 0          | 5         
76    | 286,260.12      | 0          | 5         
77    | 273,507.49      | 0          | 5         
78    | 257,517.51      | 0          | 5         
79    | 216,023.96      | 0          | 5         
80    | 215,542.10      | 0          | 5         
81    | 214,015.64      | 0          | 5         
82    | 210,576.11      | 0          | 5         
83    | 199,969.66      | 0          | 5         
84    | 197,217.81      | 0          | 5         
85    | 197,217.81      | 0          | 5         
86    | 196,530.43      | 0          | 5         
87    | 196,261.11      | 0          | 5         
88    | 196,112.20      | 0          | 5         
89    | 195,325.00      | 0          | 5         
90    | 195,325.00      | 0          | 5         
91    | 195,325.00      | 0          | 5         
92    | 195,260.16      | 0          | 5         
93    | 195,260.16      | 0          | 5         
94    | 195,260.16      | 0          | 5         
95    | 194,900.14      | 0          | 5         
96    | 194,900.14      | 0          | 5         
97    | 194,808.62      | 0          | 5         
98    | 194,808.62      | 0          | 5         
99    | 194,808.62      | 0          | 5         
100   | 194,743.38      | 0          | 5         
101   | 194,225.43      | 0          | 5         
102   | 194,113.69      | 0          | 5         
103   | 194,113.69      | 0          | 5         
104   | 193,950.00      | 0          | 5         
105   | 193,256.25      | 0          | 5         
106   | 193,256.25      | 0          | 5         
107   | 193,256.25      | 0          | 5         
108   | 193,256.25      | 0          | 5         
109   | 192,910.00      | 0          | 5         
110   | 192,910.00      | 0          | 5         
111   | 192,842.86      | 0          | 5         
112   | 192,742.22      | 0          | 5         
113   | 192,742.22      | 0          | 5         
114   | 192,611.11      | 0          | 5         
115   | 192,611.11      | 0          | 5         
116   | 192,538.10      | 0          | 5         
117   | 192,538.09      | 0          | 5         
118   | 192,538.09      | 0          | 5         
119   | 192,533.33      | 0          | 5         
120   | 192,533.33      | 0          | 5         
121   | 192,533.33      | 0          | 5         
122   | 192,533.33      | 0          | 5         
123   | 192,525.64      | 0          | 5         
124   | 192,525.64      | 0          | 5         
125   | 192,525.64      | 0          | 5         
126   | 192,525.64      | 0          | 5         
127   | 192,525.64      | 0          | 5         
128   | 192,525.64      | 0          | 5         
129   | 192,525.64      | 0          | 4         
130   | 192,504.76      | 0          | 5         
131   | 191,688.89      | 0          | 5         
132   | 191,688.89      | 0          | 5         
133   | 191,688.89      | 0          | 5         
134   | 191,688.89      | 0          | 5         
135   | 191,688.89      | 0          | 5         
136   | 191,688.89      | 0          | 5         
137   | 191,688.89      | 0          | 5         
138   | 191,688.89      | 0          | 2         
139   | 191,688.89      | 0          | 3         
140   | 191,545.45      | 0          | 5         
141   | 191,250.00      | 0          | 5         
142   | 191,250.00      | 0          | 5         
143   | 191,250.00      | 0          | 5         
144   | 191,250.00      | 0          | 5         
145   | 190,888.89      | 0          | 4         
146   | 190,888.89      | 0          | 4         
147   | 190,888.89      | 0          | 4         
148   | 190,888.89      | 0          | 5         
149   | 190,888.89      | 0          | 5         
150   | 190,888.89      | 0          | 4         
151   | 190,800.00      | 0          | 3         
152   | 190,800.00      | 0          | 5         
153   | 190,800.00      | 0          | 5         
154   | 190,800.00      | 0          | 5         
155   | 190,800.00      | 0          | 3         
156   | 190,725.00      | 0          | 2         
157   | 190,725.00      | 0          | 2         
158   | 190,725.00      | 0          | 2         
159   | 190,725.00      | 0          | 4         
160   | 190,725.00      | 0          | 2         
161   | 190,514.29      | 0          | 5         
162   | 190,514.29      | 0          | 5         
163   | 190,514.29      | 0          | 5         
164   | 190,514.29      | 0          | 5         
165   | 190,514.29      | 0          | 5         
166   | 190,514.29      | 0          | 5         
167   | 190,514.29      | 0          | 4         
168   | 190,514.29      | 0          | 5         
169   | 190,514.29      | 0          | 4         
170   | 190,514.29      | 0          | 5         
171   | 190,514.29      | 0          | 5         
172   | 190,514.29      | 0          | 5         
173   | 190,514.29      | 0          | 5         
174   | 190,514.29      | 0          | 4         
175   | 190,514.29      | 0          | 5         
176   | 190,514.29      | 0          | 4         
177   | 190,514.29      | 0          | 4         
178   | 190,514.29      | 0          | 5         
179   | 190,514.29      | 0          | 5         
180   | 190,514.29      | 0          | 5         
181   | 190,514.29      | 0          | 5         
182   | 190,514.29      | 0          | 5         
183   | 190,362.50      | 0          | 2         
184   | 190,362.50      | 0          | 2         
185   | 190,362.50      | 0          | 2         
186   | 190,362.50      | 0          | 2         
187   | 190,362.50      | 0          | 2         
188   | 190,362.50      | 0          | 4         
189   | 190,362.50      | 0          | 2         
190   | 190,362.50      | 0          | 2         
191   | 190,362.50      | 0          | 2         
192   | 190,362.50      | 0          | 3         
193   | 190,362.50      | 0          | 3         
194   | 190,362.50      | 0          | 3         
195   | 190,362.50      | 0          | 5         
196   | 190,362.50      | 0          | 2         
197   | 190,362.50      | 0          | 2         
198   | 190,362.50      | 0          | 4         
199   | 190,362.50      | 0          | 2         
200   | 190,362.50      | 0          | 2         
201   | 190,362.50      | 0          | 2         
202   | 190,362.50      | 0          | 5         
203   | 190,362.50      | 0          | 2         
204   | 190,362.50      | 0          | 2         
205   | 190,362.50      | 0          | 2         
206   | 190,362.50      | 0          | 2         
207   | 190,362.50      | 0          | 2         
208   | 190,362.50      | 0          | 2         
209   | 190,362.50      | 0          | 2         
210   | 190,362.50      | 0          | 2         
211   | 190,362.50      | 0          | 2         
212   | 190,362.50      | 0          | 2         
213   | 190,362.50      | 0          | 5         
214   | 190,362.50      | 0          | 5         
215   | 190,362.50      | 0          | 2         
216   | 190,362.50      | 0          | 2         
217   | 190,362.50      | 0          | 2         
218   | 190,362.50      | 0          | 2         
219   | 190,362.50      | 0          | 2         
220   | 190,362.50      | 0          | 2         
221   | 190,362.50      | 0          | 2         
222   | 190,362.50      | 0          | 2         
223   | 190,362.50      | 0          | 2         
224   | 190,362.50      | 0          | 2         
225   | 190,362.50      | 0          | 2         
226   | 190,362.50      | 0          | 2         
227   | 190,362.50      | 0          | 2         
228   | 190,362.50      | 0          | 2         
229   | 190,362.50      | 0          | 2         
230   | 190,362.50      | 0          | 2         
231   | 190,362.50      | 0          | 2         
232   | 190,362.50      | 0          | 2         
233   | 190,362.50      | 0          | 2         
234   | 190,362.50      | 0          | 2         
235   | 190,362.50      | 0          | 2         
236   | 190,362.50      | 0          | 2         
237   | 190,362.50      | 0          | 2         
238   | 190,362.50      | 0          | 2         
239   | 190,362.50      | 0          | 3         
240   | 190,362.50      | 0          | 2         
241   | 190,362.50      | 0          | 2         
242   | 190,362.50      | 0          | 2         
243   | 190,362.50      | 0          | 2         
244   | 190,362.50      | 0          | 4         
245   | 190,362.50      | 0          | 2         
246   | 190,362.50      | 0          | 2         
247   | 190,362.50      | 0          | 2         
248   | 190,355.00      | 0          | 3         
249   | 190,355.00      | 0          | 2         
250   | 190,355.00      | 0          | 3         
251   | 190,355.00      | 0          | 2         
252   | 190,355.00      | 0          | 3         
253   | 190,355.00      | 0          | 2         
254   | 190,355.00      | 0          | 3         
255   | 190,355.00      | 0          | 2         
256   | 190,355.00      | 0          | 2         
257   | 190,355.00      | 0          | 2         
258   | 190,355.00      | 0          | 2         
259   | 190,355.00      | 0          | 2         
260   | 190,350.00      | 0          | 2         
261   | 190,350.00      | 0          | 2         
262   | 190,350.00      | 0          | 2         
263   | 190,350.00      | 0          | 2         
264   | 190,350.00      | 0          | 2         
265   | 190,350.00      | 0          | 2         
266   | 190,350.00      | 0          | 2         
267   | 190,350.00      | 0          | 2         
268   | 190,350.00      | 0          | 2         
269   | 190,350.00      | 0          | 2         
270   | 190,350.00      | 0          | 0         
