==========================================================
 ANALYSIS REPORT: Week 18
==========================================================

0. Solver Configuration
-----------------------
  max_iter             : 1000
  time_limit           : 3600.0
  tol                  : 1e-08
  patience             : 100
  mip_rc_threshold     : 10000000000.0
  mip_gap              : 0.0001

1. Performance Metrics
----------------------
  Objective Value : 2,173,700.00
  RMP Relaxed Value (Root): 1,173,500.00
  Integrality Gap       : 85.2322 %
  MIP Best Bound (Final)  : 2,173,700.00
  Final MIP Gap           : 0.0000 %
  Execution Time  : 232.6365 sec
  Iterations      : 323
  RMP Time  : 145.5681 s
  MIP Time  : 11.1514 s
  Pool Search Time: 0.0015 s
  Graph Search Time: 75.6305 s
  MIP Decision Variables: 1541 (Columns used in Final MIP)
  MIP Filtered Columns  : 0 (Removed before MIP)

2. Column Generation & Pool Statistics
--------------------------------------
  Total Columns Generated (History) : 1541
  Pool Hits (Reused from History)   : 0
  Graph Gen (Newly Created)         : 1531
  Pool Hit Rate                     : 0.0%

3. Shift Pattern Diversity (Unique Patterns)
------------------------------------------
  Type: TypeA  | Unique Patterns:  322 / Total Gen:  322
       -> Avg Length of Unique Patterns: 46.0 hours
  Type: TypeB  | Unique Patterns:  283 / Total Gen:  566
       -> Avg Length of Unique Patterns: 34.3 hours
  Type: TypeC  | Unique Patterns:  324 / Total Gen:  648
       -> Avg Length of Unique Patterns: 22.6 hours

4. Final Schedule Assignment Breakdown
--------------------------------------
  Emp 0  (TypeA): 45 hours worked
  Emp 1  (TypeB): 33 hours worked
  Emp 2  (TypeB): 36 hours worked
  Emp 3  (TypeC): 26 hours worked
  Emp 4  (TypeC): 22 hours worked

5. Iteration History (Convergence Log)
--------------------------------------
Iter  | RMP Obj Value   | Pool Hits  | Graph Gen 
--------------------------------------------------
1     | 113,012,000.00  | 0          | 5         
2     | 50,134,600.00   | 0          | 5         
3     | 23,189,600.00   | 0          | 5         
4     | 11,188,300.00   | 0          | 5         
5     | 9,330,985.71    | 0          | 5         
6     | 7,437,300.00    | 0          | 5         
7     | 6,344,104.00    | 0          | 5         
8     | 5,818,857.75    | 0          | 5         
9     | 5,628,315.74    | 0          | 5         
10    | 5,394,809.86    | 0          | 5         
11    | 5,194,236.14    | 0          | 5         
12    | 5,122,022.59    | 0          | 5         
13    | 5,072,726.41    | 0          | 5         
14    | 4,961,789.00    | 0          | 5         
15    | 4,794,761.69    | 0          | 5         
16    | 4,595,724.05    | 0          | 5         
17    | 4,323,571.91    | 0          | 5         
18    | 4,123,563.21    | 0          | 5         
19    | 3,931,301.08    | 0          | 5         
20    | 3,786,315.35    | 0          | 5         
21    | 3,587,321.06    | 0          | 5         
22    | 3,490,192.03    | 0          | 5         
23    | 3,341,054.87    | 0          | 5         
24    | 3,021,469.89    | 0          | 5         
25    | 2,851,778.43    | 0          | 5         
26    | 2,808,156.72    | 0          | 5         
27    | 2,592,890.94    | 0          | 5         
28    | 2,401,344.85    | 0          | 5         
29    | 2,311,825.80    | 0          | 5         
30    | 2,248,253.90    | 0          | 5         
31    | 2,152,880.21    | 0          | 5         
32    | 2,123,253.75    | 0          | 5         
33    | 2,060,557.95    | 0          | 5         
34    | 2,031,085.49    | 0          | 5         
35    | 1,872,693.00    | 0          | 5         
36    | 1,844,733.66    | 0          | 5         
37    | 1,817,363.97    | 0          | 5         
38    | 1,782,845.64    | 0          | 5         
39    | 1,740,457.09    | 0          | 5         
40    | 1,676,228.16    | 0          | 5         
41    | 1,609,505.16    | 0          | 5         
42    | 1,568,995.10    | 0          | 5         
43    | 1,509,876.04    | 0          | 5         
44    | 1,436,888.85    | 0          | 5         
45    | 1,386,098.00    | 0          | 5         
46    | 1,364,794.85    | 0          | 5         
47    | 1,335,074.46    | 0          | 5         
48    | 1,315,147.43    | 0          | 5         
49    | 1,299,366.13    | 0          | 5         
50    | 1,299,366.13    | 0          | 5         
51    | 1,285,106.75    | 0          | 5         
52    | 1,270,061.79    | 0          | 5         
53    | 1,251,906.04    | 0          | 5         
54    | 1,228,635.75    | 0          | 5         
55    | 1,207,944.96    | 0          | 5         
56    | 1,198,949.09    | 0          | 5         
57    | 1,190,178.04    | 0          | 5         
58    | 1,190,108.04    | 0          | 5         
59    | 1,190,108.04    | 0          | 5         
60    | 1,190,054.93    | 0          | 5         
61    | 1,189,576.41    | 0          | 5         
62    | 1,189,136.42    | 0          | 5         
63    | 1,187,754.49    | 0          | 5         
64    | 1,186,501.57    | 0          | 5         
65    | 1,185,854.30    | 0          | 5         
66    | 1,185,506.35    | 0          | 5         
67    | 1,185,316.13    | 0          | 5         
68    | 1,185,177.93    | 0          | 5         
69    | 1,185,177.93    | 0          | 5         
70    | 1,185,171.06    | 0          | 5         
71    | 1,185,049.16    | 0          | 5         
72    | 1,185,021.11    | 0          | 5         
73    | 1,184,107.81    | 0          | 5         
74    | 1,184,077.52    | 0          | 5         
75    | 1,183,394.63    | 0          | 5         
76    | 1,182,877.28    | 0          | 5         
77    | 1,182,624.74    | 0          | 5         
78    | 1,182,624.74    | 0          | 5         
79    | 1,181,939.03    | 0          | 5         
80    | 1,181,063.94    | 0          | 5         
81    | 1,180,817.27    | 0          | 5         
82    | 1,180,817.27    | 0          | 5         
83    | 1,179,809.09    | 0          | 5         
84    | 1,179,809.09    | 0          | 5         
85    | 1,179,664.93    | 0          | 5         
86    | 1,179,587.66    | 0          | 5         
87    | 1,179,548.22    | 0          | 5         
88    | 1,179,432.40    | 0          | 5         
89    | 1,179,432.40    | 0          | 5         
90    | 1,179,432.40    | 0          | 5         
91    | 1,179,432.40    | 0          | 5         
92    | 1,179,356.54    | 0          | 5         
93    | 1,179,356.54    | 0          | 5         
94    | 1,179,356.54    | 0          | 5         
95    | 1,179,240.11    | 0          | 5         
96    | 1,179,240.11    | 0          | 5         
97    | 1,179,160.41    | 0          | 5         
98    | 1,179,160.41    | 0          | 5         
99    | 1,179,160.41    | 0          | 5         
100   | 1,179,160.41    | 0          | 5         
101   | 1,178,956.09    | 0          | 5         
102   | 1,178,956.09    | 0          | 5         
103   | 1,178,909.20    | 0          | 5         
104   | 1,178,459.31    | 0          | 5         
105   | 1,178,459.31    | 0          | 5         
106   | 1,178,459.31    | 0          | 5         
107   | 1,177,909.23    | 0          | 5         
108   | 1,177,909.23    | 0          | 5         
109   | 1,177,909.23    | 0          | 5         
110   | 1,177,908.14    | 0          | 5         
111   | 1,177,908.14    | 0          | 5         
112   | 1,177,866.04    | 0          | 5         
113   | 1,177,866.04    | 0          | 5         
114   | 1,177,866.04    | 0          | 5         
115   | 1,177,731.73    | 0          | 5         
116   | 1,177,727.59    | 0          | 5         
117   | 1,177,727.59    | 0          | 5         
118   | 1,177,727.59    | 0          | 5         
119   | 1,177,528.28    | 0          | 5         
120   | 1,177,528.28    | 0          | 5         
121   | 1,177,493.43    | 0          | 5         
122   | 1,177,493.43    | 0          | 5         
123   | 1,177,493.43    | 0          | 5         
124   | 1,177,493.43    | 0          | 5         
125   | 1,177,493.43    | 0          | 5         
126   | 1,177,493.43    | 0          | 5         
127   | 1,176,747.08    | 0          | 5         
128   | 1,176,578.43    | 0          | 5         
129   | 1,176,578.42    | 0          | 5         
130   | 1,176,466.55    | 0          | 5         
131   | 1,176,466.55    | 0          | 5         
132   | 1,176,367.59    | 0          | 5         
133   | 1,176,264.51    | 0          | 5         
134   | 1,176,264.51    | 0          | 5         
135   | 1,176,158.10    | 0          | 5         
136   | 1,176,158.10    | 0          | 5         
137   | 1,176,124.05    | 0          | 5         
138   | 1,176,124.05    | 0          | 5         
139   | 1,176,124.05    | 0          | 5         
140   | 1,176,020.60    | 0          | 5         
141   | 1,176,020.60    | 0          | 5         
142   | 1,176,020.60    | 0          | 5         
143   | 1,175,735.29    | 0          | 5         
144   | 1,175,496.20    | 0          | 5         
145   | 1,175,496.20    | 0          | 5         
146   | 1,175,496.20    | 0          | 5         
147   | 1,175,496.20    | 0          | 5         
148   | 1,175,496.20    | 0          | 5         
149   | 1,175,496.20    | 0          | 5         
150   | 1,175,393.64    | 0          | 5         
151   | 1,175,393.64    | 0          | 5         
152   | 1,175,393.64    | 0          | 5         
153   | 1,175,393.64    | 0          | 5         
154   | 1,175,393.64    | 0          | 5         
155   | 1,175,393.64    | 0          | 5         
156   | 1,175,310.33    | 0          | 5         
157   | 1,175,165.74    | 0          | 5         
158   | 1,175,165.74    | 0          | 5         
159   | 1,175,165.74    | 0          | 5         
160   | 1,174,988.26    | 0          | 5         
161   | 1,174,877.42    | 0          | 5         
162   | 1,174,877.42    | 0          | 5         
163   | 1,174,877.42    | 0          | 5         
164   | 1,174,877.42    | 0          | 5         
165   | 1,174,877.42    | 0          | 5         
166   | 1,174,877.42    | 0          | 5         
167   | 1,174,877.42    | 0          | 5         
168   | 1,174,877.42    | 0          | 5         
169   | 1,174,877.42    | 0          | 5         
170   | 1,174,877.42    | 0          | 5         
171   | 1,174,816.72    | 0          | 5         
172   | 1,174,676.92    | 0          | 5         
173   | 1,174,676.92    | 0          | 5         
174   | 1,174,676.92    | 0          | 5         
175   | 1,174,676.92    | 0          | 5         
176   | 1,174,676.92    | 0          | 5         
177   | 1,174,676.92    | 0          | 5         
178   | 1,174,676.92    | 0          | 5         
179   | 1,174,676.92    | 0          | 5         
180   | 1,174,676.92    | 0          | 5         
181   | 1,174,676.92    | 0          | 5         
182   | 1,174,676.92    | 0          | 5         
183   | 1,174,676.92    | 0          | 5         
184   | 1,174,676.92    | 0          | 5         
185   | 1,174,676.92    | 0          | 5         
186   | 1,174,676.92    | 0          | 5         
187   | 1,174,676.92    | 0          | 5         
188   | 1,174,577.01    | 0          | 5         
189   | 1,174,577.01    | 0          | 5         
190   | 1,174,577.01    | 0          | 5         
191   | 1,174,577.01    | 0          | 5         
192   | 1,174,577.01    | 0          | 5         
193   | 1,174,346.91    | 0          | 5         
194   | 1,174,346.91    | 0          | 5         
195   | 1,174,346.91    | 0          | 5         
196   | 1,174,190.00    | 0          | 5         
197   | 1,174,190.00    | 0          | 5         
198   | 1,174,190.00    | 0          | 5         
199   | 1,174,190.00    | 0          | 5         
200   | 1,174,190.00    | 0          | 5         
201   | 1,174,190.00    | 0          | 5         
202   | 1,174,190.00    | 0          | 5         
203   | 1,174,190.00    | 0          | 5         
204   | 1,174,190.00    | 0          | 5         
205   | 1,174,190.00    | 0          | 5         
206   | 1,174,190.00    | 0          | 5         
207   | 1,174,190.00    | 0          | 5         
208   | 1,174,190.00    | 0          | 5         
209   | 1,174,190.00    | 0          | 5         
210   | 1,174,190.00    | 0          | 5         
211   | 1,174,190.00    | 0          | 5         
212   | 1,174,190.00    | 0          | 5         
213   | 1,174,190.00    | 0          | 5         
214   | 1,174,190.00    | 0          | 5         
215   | 1,174,190.00    | 0          | 5         
216   | 1,174,190.00    | 0          | 5         
217   | 1,174,013.33    | 0          | 5         
218   | 1,174,013.33    | 0          | 5         
219   | 1,174,013.33    | 0          | 5         
220   | 1,174,013.33    | 0          | 5         
221   | 1,174,013.33    | 0          | 5         
222   | 1,173,863.46    | 0          | 5         
223   | 1,173,500.00    | 0          | 5         
224   | 1,173,500.00    | 0          | 5         
225   | 1,173,500.00    | 0          | 5         
226   | 1,173,500.00    | 0          | 5         
227   | 1,173,500.00    | 0          | 5         
228   | 1,173,500.00    | 0          | 5         
229   | 1,173,500.00    | 0          | 5         
230   | 1,173,500.00    | 0          | 5         
231   | 1,173,500.00    | 0          | 3         
232   | 1,173,500.00    | 0          | 5         
233   | 1,173,500.00    | 0          | 5         
234   | 1,173,500.00    | 0          | 5         
235   | 1,173,500.00    | 0          | 5         
236   | 1,173,500.00    | 0          | 3         
237   | 1,173,500.00    | 0          | 3         
238   | 1,173,500.00    | 0          | 5         
239   | 1,173,500.00    | 0          | 3         
240   | 1,173,500.00    | 0          | 5         
241   | 1,173,500.00    | 0          | 5         
242   | 1,173,500.00    | 0          | 5         
243   | 1,173,500.00    | 0          | 3         
244   | 1,173,500.00    | 0          | 5         
245   | 1,173,500.00    | 0          | 3         
246   | 1,173,500.00    | 0          | 5         
247   | 1,173,500.00    | 0          | 5         
248   | 1,173,500.00    | 0          | 5         
249   | 1,173,500.00    | 0          | 5         
250   | 1,173,500.00    | 0          | 5         
251   | 1,173,500.00    | 0          | 5         
252   | 1,173,500.00    | 0          | 3         
253   | 1,173,500.00    | 0          | 5         
254   | 1,173,500.00    | 0          | 5         
255   | 1,173,500.00    | 0          | 5         
256   | 1,173,500.00    | 0          | 5         
257   | 1,173,500.00    | 0          | 5         
258   | 1,173,500.00    | 0          | 3         
259   | 1,173,500.00    | 0          | 5         
260   | 1,173,500.00    | 0          | 5         
261   | 1,173,500.00    | 0          | 3         
262   | 1,173,500.00    | 0          | 3         
263   | 1,173,500.00    | 0          | 5         
264   | 1,173,500.00    | 0          | 5         
265   | 1,173,500.00    | 0          | 5         
266   | 1,173,500.00    | 0          | 3         
267   | 1,173,500.00    | 0          | 5         
268   | 1,173,500.00    | 0          | 5         
269   | 1,173,500.00    | 0          | 5         
270   | 1,173,500.00    | 0          | 5         
271   | 1,173,500.00    | 0          | 3         
272   | 1,173,500.00    | 0          | 5         
273   | 1,173,500.00    | 0          | 2         
274   | 1,173,500.00    | 0          | 5         
275   | 1,173,500.00    | 0          | 5         
276   | 1,173,500.00    | 0          | 5         
277   | 1,173,500.00    | 0          | 3         
278   | 1,173,500.00    | 0          | 3         
279   | 1,173,500.00    | 0          | 3         
280   | 1,173,500.00    | 0          | 5         
281   | 1,173,500.00    | 0          | 5         
282   | 1,173,500.00    | 0          | 3         
283   | 1,173,500.00    | 0          | 5         
284   | 1,173,500.00    | 0          | 5         
285   | 1,173,500.00    | 0          | 5         
286   | 1,173,500.00    | 0          | 3         
287   | 1,173,500.00    | 0          | 5         
288   | 1,173,500.00    | 0          | 5         
289   | 1,173,500.00    | 0          | 3         
290   | 1,173,500.00    | 0          | 5         
291   | 1,173,500.00    | 0          | 3         
292   | 1,173,500.00    | 0          | 4         
293   | 1,173,500.00    | 0          | 5         
294   | 1,173,500.00    | 0          | 3         
295   | 1,173,500.00    | 0          | 3         
296   | 1,173,500.00    | 0          | 3         
297   | 1,173,500.00    | 0          | 3         
298   | 1,173,500.00    | 0          | 3         
299   | 1,173,500.00    | 0          | 3         
300   | 1,173,500.00    | 0          | 3         
301   | 1,173,500.00    | 0          | 3         
302   | 1,173,500.00    | 0          | 3         
303   | 1,173,500.00    | 0          | 3         
304   | 1,173,500.00    | 0          | 5         
305   | 1,173,500.00    | 0          | 3         
306   | 1,173,500.00    | 0          | 3         
307   | 1,173,500.00    | 0          | 3         
308   | 1,173,500.00    | 0          | 3         
309   | 1,173,500.00    | 0          | 5         
310   | 1,173,500.00    | 0          | 3         
311   | 1,173,500.00    | 0          | 3         
312   | 1,173,500.00    | 0          | 5         
313   | 1,173,500.00    | 0          | 3         
314   | 1,173,500.00    | 0          | 3         
315   | 1,173,500.00    | 0          | 5         
316   | 1,173,500.00    | 0          | 5         
317   | 1,173,500.00    | 0          | 5         
318   | 1,173,500.00    | 0          | 5         
319   | 1,173,500.00    | 0          | 3         
320   | 1,173,500.00    | 0          | 3         
321   | 1,173,500.00    | 0          | 5         
322   | 1,173,500.00    | 0          | 5         
323   | 1,173,500.00    | 0          | 3         
