==========================================================
 ANALYSIS REPORT: Week 7
==========================================================

0. Solver Configuration
-----------------------
  max_iter             : 1000
  time_limit           : 3600.0
  tol                  : 1e-08
  patience             : 100
  mip_rc_threshold     : 10000000000.0
  mip_gap              : 0.0001

1. Performance Metrics
----------------------
  Objective Value : 1,181,400.00
  RMP Relaxed Value (Root): 185,125.00
  Integrality Gap       : 538.1634 %
  MIP Best Bound (Final)  : 1,181,400.00
  Final MIP Gap           : 0.0000 %
  Execution Time  : 162.1899 sec
  Iterations      : 268
  RMP Time  : 94.7667 s
  MIP Time  : 6.4020 s
  Pool Search Time: 0.0013 s
  Graph Search Time: 60.8190 s
  MIP Decision Variables: 1187 (Columns used in Final MIP)
  MIP Filtered Columns  : 0 (Removed before MIP)

2. Column Generation & Pool Statistics
--------------------------------------
  Total Columns Generated (History) : 1187
  Pool Hits (Reused from History)   : 0
  Graph Gen (Newly Created)         : 1177
  Pool Hit Rate                     : 0.0%

3. Shift Pattern Diversity (Unique Patterns)
------------------------------------------
  Type: TypeA  | Unique Patterns:  198 / Total Gen:  198
       -> Avg Length of Unique Patterns: 44.5 hours
  Type: TypeB  | Unique Patterns:  224 / Total Gen:  448
       -> Avg Length of Unique Patterns: 37.4 hours
  Type: TypeC  | Unique Patterns:  268 / Total Gen:  536
       -> Avg Length of Unique Patterns: 23.5 hours

4. Final Schedule Assignment Breakdown
--------------------------------------
  Emp 0  (TypeA): 45 hours worked
  Emp 1  (TypeB): 38 hours worked
  Emp 2  (TypeB): 40 hours worked
  Emp 3  (TypeC): 22 hours worked
  Emp 4  (TypeC): 22 hours worked

5. Iteration History (Convergence Log)
--------------------------------------
Iter  | RMP Obj Value   | Pool Hits  | Graph Gen 
--------------------------------------------------
1     | 111,012,000.00  | 0          | 5         
2     | 51,133,600.00   | 0          | 5         
3     | 21,180,200.00   | 0          | 5         
4     | 14,173,600.00   | 0          | 5         
5     | 12,173,600.00   | 0          | 5         
6     | 8,930,212.50    | 0          | 5         
7     | 7,929,574.96    | 0          | 5         
8     | 7,354,351.75    | 0          | 5         
9     | 6,094,487.85    | 0          | 5         
10    | 4,850,566.65    | 0          | 5         
11    | 4,409,287.90    | 0          | 5         
12    | 3,800,776.90    | 0          | 5         
13    | 3,546,595.80    | 0          | 5         
14    | 3,076,552.35    | 0          | 5         
15    | 2,677,360.49    | 0          | 5         
16    | 2,559,178.90    | 0          | 5         
17    | 2,474,253.30    | 0          | 5         
18    | 2,319,725.84    | 0          | 5         
19    | 2,224,096.70    | 0          | 5         
20    | 1,896,847.81    | 0          | 5         
21    | 1,855,620.17    | 0          | 5         
22    | 1,840,647.37    | 0          | 5         
23    | 1,783,596.76    | 0          | 5         
24    | 1,702,814.19    | 0          | 5         
25    | 1,604,286.24    | 0          | 5         
26    | 1,560,203.48    | 0          | 5         
27    | 1,516,073.30    | 0          | 5         
28    | 1,500,192.44    | 0          | 5         
29    | 1,421,165.68    | 0          | 5         
30    | 1,310,859.35    | 0          | 5         
31    | 1,063,007.16    | 0          | 5         
32    | 913,859.92      | 0          | 5         
33    | 879,004.81      | 0          | 5         
34    | 875,674.83      | 0          | 5         
35    | 808,447.47      | 0          | 5         
36    | 714,419.96      | 0          | 5         
37    | 665,066.54      | 0          | 5         
38    | 604,069.45      | 0          | 5         
39    | 594,167.31      | 0          | 5         
40    | 585,113.72      | 0          | 5         
41    | 511,358.75      | 0          | 5         
42    | 467,616.95      | 0          | 5         
43    | 452,035.84      | 0          | 5         
44    | 412,272.62      | 0          | 5         
45    | 349,500.87      | 0          | 5         
46    | 337,842.58      | 0          | 5         
47    | 322,721.66      | 0          | 5         
48    | 321,690.28      | 0          | 5         
49    | 309,434.03      | 0          | 5         
50    | 257,126.38      | 0          | 5         
51    | 254,933.42      | 0          | 5         
52    | 246,380.78      | 0          | 5         
53    | 195,237.06      | 0          | 5         
54    | 194,785.78      | 0          | 5         
55    | 193,280.41      | 0          | 5         
56    | 191,898.48      | 0          | 5         
57    | 191,734.62      | 0          | 5         
58    | 191,684.84      | 0          | 5         
59    | 190,979.21      | 0          | 5         
60    | 190,753.20      | 0          | 5         
61    | 190,753.20      | 0          | 5         
62    | 190,740.24      | 0          | 5         
63    | 190,690.02      | 0          | 5         
64    | 190,437.55      | 0          | 5         
65    | 190,402.08      | 0          | 5         
66    | 190,402.08      | 0          | 5         
67    | 190,384.24      | 0          | 5         
68    | 190,369.81      | 0          | 5         
69    | 190,361.52      | 0          | 5         
70    | 190,174.09      | 0          | 5         
71    | 190,169.06      | 0          | 5         
72    | 190,158.27      | 0          | 5         
73    | 190,153.92      | 0          | 5         
74    | 189,750.70      | 0          | 5         
75    | 189,650.80      | 0          | 5         
76    | 189,608.43      | 0          | 5         
77    | 189,600.33      | 0          | 5         
78    | 189,504.52      | 0          | 5         
79    | 189,281.57      | 0          | 5         
80    | 189,189.92      | 0          | 5         
81    | 188,964.48      | 0          | 5         
82    | 188,800.01      | 0          | 5         
83    | 188,800.01      | 0          | 5         
84    | 188,771.81      | 0          | 5         
85    | 188,711.21      | 0          | 5         
86    | 188,711.21      | 0          | 5         
87    | 188,666.99      | 0          | 5         
88    | 188,661.82      | 0          | 5         
89    | 188,618.46      | 0          | 5         
90    | 188,587.72      | 0          | 5         
91    | 188,580.83      | 0          | 5         
92    | 188,540.16      | 0          | 5         
93    | 188,540.16      | 0          | 5         
94    | 188,540.16      | 0          | 5         
95    | 188,507.43      | 0          | 5         
96    | 188,456.99      | 0          | 5         
97    | 188,438.52      | 0          | 5         
98    | 188,317.51      | 0          | 5         
99    | 188,290.30      | 0          | 5         
100   | 188,277.79      | 0          | 5         
101   | 188,108.35      | 0          | 5         
102   | 188,064.36      | 0          | 5         
103   | 188,014.74      | 0          | 5         
104   | 187,999.34      | 0          | 5         
105   | 187,950.26      | 0          | 5         
106   | 187,941.15      | 0          | 5         
107   | 187,922.95      | 0          | 5         
108   | 187,898.14      | 0          | 5         
109   | 187,845.90      | 0          | 5         
110   | 187,781.76      | 0          | 5         
111   | 187,558.97      | 0          | 5         
112   | 187,558.97      | 0          | 5         
113   | 187,467.21      | 0          | 5         
114   | 187,452.55      | 0          | 5         
115   | 187,450.14      | 0          | 5         
116   | 187,393.43      | 0          | 5         
117   | 187,393.43      | 0          | 5         
118   | 187,217.90      | 0          | 5         
119   | 187,217.90      | 0          | 5         
120   | 186,878.63      | 0          | 5         
121   | 186,878.64      | 0          | 5         
122   | 186,741.17      | 0          | 5         
123   | 186,737.39      | 0          | 5         
124   | 186,697.63      | 0          | 5         
125   | 186,695.44      | 0          | 5         
126   | 186,659.52      | 0          | 5         
127   | 186,512.06      | 0          | 5         
128   | 186,512.06      | 0          | 5         
129   | 186,512.06      | 0          | 4         
130   | 186,482.48      | 0          | 5         
131   | 186,482.48      | 0          | 5         
132   | 186,468.67      | 0          | 5         
133   | 186,468.67      | 0          | 5         
134   | 186,468.67      | 0          | 5         
135   | 186,468.67      | 0          | 5         
136   | 186,468.67      | 0          | 5         
137   | 186,440.57      | 0          | 5         
138   | 186,436.60      | 0          | 5         
139   | 186,436.60      | 0          | 5         
140   | 186,366.66      | 0          | 5         
141   | 186,366.66      | 0          | 5         
142   | 186,366.66      | 0          | 5         
143   | 186,366.66      | 0          | 5         
144   | 186,366.66      | 0          | 5         
145   | 186,366.66      | 0          | 5         
146   | 186,366.66      | 0          | 5         
147   | 186,366.66      | 0          | 5         
148   | 186,366.66      | 0          | 5         
149   | 186,366.66      | 0          | 5         
150   | 186,366.66      | 0          | 5         
151   | 186,340.00      | 0          | 4         
152   | 186,340.00      | 0          | 2         
153   | 186,340.00      | 0          | 4         
154   | 186,328.57      | 0          | 4         
155   | 186,328.57      | 0          | 4         
156   | 186,328.57      | 0          | 2         
157   | 185,936.07      | 0          | 5         
158   | 185,650.00      | 0          | 3         
159   | 185,650.00      | 0          | 3         
160   | 185,372.19      | 0          | 5         
161   | 185,317.50      | 0          | 5         
162   | 185,317.50      | 0          | 2         
163   | 185,317.50      | 0          | 4         
164   | 185,317.50      | 0          | 2         
165   | 185,317.50      | 0          | 2         
166   | 185,317.50      | 0          | 2         
167   | 185,317.50      | 0          | 2         
168   | 185,317.50      | 0          | 2         
169   | 185,317.50      | 0          | 2         
170   | 185,266.67      | 0          | 3         
171   | 185,266.67      | 0          | 5         
172   | 185,266.67      | 0          | 5         
173   | 185,266.67      | 0          | 5         
174   | 185,266.67      | 0          | 4         
175   | 185,266.66      | 0          | 4         
176   | 185,266.67      | 0          | 2         
177   | 185,266.67      | 0          | 2         
178   | 185,266.67      | 0          | 4         
179   | 185,266.66      | 0          | 2         
180   | 185,266.66      | 0          | 3         
181   | 185,266.66      | 0          | 4         
182   | 185,266.66      | 0          | 4         
183   | 185,266.66      | 0          | 5         
184   | 185,266.66      | 0          | 4         
185   | 185,266.66      | 0          | 2         
186   | 185,266.66      | 0          | 2         
187   | 185,266.66      | 0          | 2         
188   | 185,266.66      | 0          | 5         
189   | 185,266.66      | 0          | 5         
190   | 185,266.66      | 0          | 5         
191   | 185,266.66      | 0          | 3         
192   | 185,266.66      | 0          | 4         
193   | 185,266.66      | 0          | 5         
194   | 185,266.66      | 0          | 5         
195   | 185,266.66      | 0          | 3         
196   | 185,266.66      | 0          | 5         
197   | 185,266.66      | 0          | 4         
198   | 185,266.66      | 0          | 5         
199   | 185,266.66      | 0          | 5         
200   | 185,266.66      | 0          | 4         
201   | 185,266.66      | 0          | 4         
202   | 185,266.66      | 0          | 3         
203   | 185,266.66      | 0          | 5         
204   | 185,266.66      | 0          | 5         
205   | 185,266.66      | 0          | 2         
206   | 185,266.66      | 0          | 3         
207   | 185,266.66      | 0          | 4         
208   | 185,266.66      | 0          | 3         
209   | 185,266.66      | 0          | 3         
210   | 185,266.66      | 0          | 5         
211   | 185,266.66      | 0          | 4         
212   | 185,266.66      | 0          | 5         
213   | 185,266.66      | 0          | 4         
214   | 185,266.66      | 0          | 2         
215   | 185,266.66      | 0          | 4         
216   | 185,266.66      | 0          | 5         
217   | 185,266.66      | 0          | 4         
218   | 185,266.67      | 0          | 2         
219   | 185,266.67      | 0          | 5         
220   | 185,266.67      | 0          | 3         
221   | 185,266.66      | 0          | 4         
222   | 185,266.66      | 0          | 2         
223   | 185,266.66      | 0          | 4         
224   | 185,266.66      | 0          | 4         
225   | 185,266.66      | 0          | 2         
226   | 185,266.67      | 0          | 4         
227   | 185,266.66      | 0          | 5         
228   | 185,266.66      | 0          | 3         
229   | 185,266.67      | 0          | 4         
230   | 185,266.66      | 0          | 4         
231   | 185,266.66      | 0          | 5         
232   | 185,266.66      | 0          | 5         
233   | 185,266.67      | 0          | 4         
234   | 185,266.66      | 0          | 2         
235   | 185,266.66      | 0          | 4         
236   | 185,266.66      | 0          | 2         
237   | 185,266.66      | 0          | 2         
238   | 185,266.66      | 0          | 4         
239   | 185,266.67      | 0          | 4         
240   | 185,266.67      | 0          | 4         
241   | 185,266.66      | 0          | 4         
242   | 185,266.66      | 0          | 3         
243   | 185,266.67      | 0          | 5         
244   | 185,266.67      | 0          | 5         
245   | 185,266.66      | 0          | 3         
246   | 185,266.66      | 0          | 4         
247   | 185,266.66      | 0          | 5         
248   | 185,266.66      | 0          | 3         
249   | 185,266.67      | 0          | 4         
250   | 185,266.66      | 0          | 2         
251   | 185,266.66      | 0          | 5         
252   | 185,266.66      | 0          | 5         
253   | 185,266.66      | 0          | 4         
254   | 185,266.67      | 0          | 2         
255   | 185,247.46      | 0          | 2         
256   | 185,247.46      | 0          | 2         
257   | 185,247.46      | 0          | 4         
258   | 185,247.46      | 0          | 4         
259   | 185,247.46      | 0          | 5         
260   | 185,247.46      | 0          | 2         
261   | 185,247.46      | 0          | 4         
262   | 185,247.46      | 0          | 4         
263   | 185,247.46      | 0          | 2         
264   | 185,185.71      | 0          | 5         
265   | 185,157.69      | 0          | 5         
266   | 185,157.69      | 0          | 5         
267   | 185,157.69      | 0          | 4         
268   | 185,125.00      | 0          | 0         
