==========================================================
 ANALYSIS REPORT: Week 18
==========================================================

1. Performance Metrics
----------------------
  Objective Value : 2,175,300.00
  RMP Relaxed Value (Root): 1,173,350.00
  Integrality Gap       : 85.3923 %
  Execution Time  : 657.6843 sec
  Iterations      : 400
  RMP Time  : 333.8683 s
  MIP Time  : 17.2750 s
  Pool Search Time: 232.4880 s
  Graph Search Time: 73.1284 s
  MIP Decision Variables: 2254 (Columns used in Final MIP)
  MIP Filtered Columns  : 0 (Removed before MIP)

2. Column Generation & Pool Statistics
--------------------------------------
  Total Columns Generated (History) : 20637
  Pool Hits (Reused from History)   : 718
  Graph Gen (Newly Created)         : 1526
  Pool Hit Rate                     : 32.0%

3. Shift Pattern Diversity (Unique Patterns)
------------------------------------------
  Type: TypeA  | Unique Patterns: 3664 / Total Gen: 3664
       -> Avg Length of Unique Patterns: 46.9 hours
  Type: TypeB  | Unique Patterns: 4069 / Total Gen: 8138
       -> Avg Length of Unique Patterns: 35.9 hours
  Type: TypeC  | Unique Patterns: 4415 / Total Gen: 8830
       -> Avg Length of Unique Patterns: 24.1 hours

4. Final Schedule Assignment Breakdown
--------------------------------------
  Emp 0  (TypeA): 45 hours worked
  Emp 1  (TypeB): 36 hours worked
  Emp 2  (TypeB): 33 hours worked
  Emp 3  (TypeC): 27 hours worked
  Emp 4  (TypeC): 22 hours worked

5. Iteration History (Convergence Log)
--------------------------------------
Iter  | RMP Obj Value   | Pool Hits  | Graph Gen 
--------------------------------------------------
1     | 113,012,000.00  | 10         | 0         
2     | 76,060,400.00   | 10         | 0         
3     | 38,139,100.00   | 10         | 0         
4     | 20,198,550.00   | 10         | 0         
5     | 16,865,733.35   | 10         | 0         
6     | 13,203,600.05   | 10         | 0         
7     | 11,868,203.09   | 10         | 0         
8     | 10,893,782.75   | 10         | 0         
9     | 10,095,471.05   | 10         | 0         
10    | 9,010,300.74    | 10         | 0         
11    | 8,114,351.81    | 10         | 0         
12    | 7,673,067.98    | 10         | 0         
13    | 7,508,996.30    | 10         | 0         
14    | 7,315,399.10    | 10         | 0         
15    | 7,125,744.90    | 10         | 0         
16    | 7,030,125.05    | 10         | 0         
17    | 7,002,927.44    | 10         | 0         
18    | 6,947,527.66    | 10         | 0         
19    | 6,920,117.67    | 10         | 0         
20    | 6,909,332.65    | 10         | 0         
21    | 6,900,873.73    | 0          | 5         
22    | 5,601,148.34    | 10         | 0         
23    | 5,339,039.91    | 10         | 0         
24    | 5,226,414.96    | 10         | 0         
25    | 5,113,208.30    | 10         | 0         
26    | 5,031,997.49    | 10         | 0         
27    | 5,009,936.04    | 10         | 0         
28    | 4,955,801.02    | 10         | 0         
29    | 4,942,229.39    | 10         | 0         
30    | 4,933,872.69    | 10         | 0         
31    | 4,919,395.64    | 10         | 0         
32    | 4,918,081.23    | 5          | 5         
33    | 4,118,576.59    | 10         | 0         
34    | 4,018,870.93    | 10         | 0         
35    | 3,987,035.72    | 10         | 0         
36    | 3,983,449.05    | 10         | 0         
37    | 3,981,846.91    | 4          | 5         
38    | 3,618,528.96    | 10         | 0         
39    | 3,580,142.20    | 0          | 5         
40    | 3,303,641.40    | 10         | 0         
41    | 3,281,021.59    | 10         | 0         
42    | 3,254,631.73    | 10         | 0         
43    | 3,246,118.62    | 6          | 0         
44    | 3,238,993.14    | 2          | 5         
45    | 2,787,964.99    | 10         | 0         
46    | 2,743,530.37    | 10         | 0         
47    | 2,725,756.56    | 10         | 0         
48    | 2,725,756.56    | 10         | 0         
49    | 2,720,784.15    | 4          | 5         
50    | 2,535,791.00    | 10         | 0         
51    | 2,517,806.12    | 10         | 0         
52    | 2,492,140.03    | 10         | 0         
53    | 2,489,431.24    | 5          | 5         
54    | 2,263,400.83    | 10         | 0         
55    | 2,255,374.93    | 10         | 0         
56    | 2,254,179.99    | 0          | 5         
57    | 2,117,343.74    | 10         | 0         
58    | 2,111,223.75    | 10         | 0         
59    | 2,109,435.04    | 5          | 5         
60    | 2,009,644.06    | 6          | 0         
61    | 2,009,121.37    | 2          | 5         
62    | 1,809,361.15    | 10         | 0         
63    | 1,808,142.05    | 6          | 0         
64    | 1,808,142.05    | 0          | 5         
65    | 1,706,048.95    | 10         | 0         
66    | 1,692,805.79    | 10         | 0         
67    | 1,692,720.59    | 0          | 5         
68    | 1,604,978.35    | 10         | 0         
69    | 1,601,665.50    | 10         | 0         
70    | 1,601,142.15    | 8          | 0         
71    | 1,601,142.15    | 0          | 5         
72    | 1,541,280.57    | 10         | 0         
73    | 1,533,005.05    | 10         | 0         
74    | 1,531,968.36    | 2          | 5         
75    | 1,501,660.97    | 10         | 0         
76    | 1,499,677.09    | 10         | 0         
77    | 1,499,677.09    | 0          | 5         
78    | 1,476,677.56    | 2          | 5         
79    | 1,434,961.30    | 10         | 0         
80    | 1,430,794.59    | 2          | 5         
81    | 1,377,956.19    | 4          | 5         
82    | 1,353,503.61    | 3          | 5         
83    | 1,339,547.73    | 3          | 5         
84    | 1,320,489.89    | 2          | 5         
85    | 1,318,078.37    | 0          | 5         
86    | 1,304,134.57    | 6          | 0         
87    | 1,304,134.57    | 8          | 0         
88    | 1,304,134.57    | 0          | 5         
89    | 1,302,524.73    | 0          | 5         
90    | 1,295,961.38    | 0          | 5         
91    | 1,271,533.84    | 0          | 5         
92    | 1,255,632.00    | 0          | 5         
93    | 1,237,189.55    | 2          | 5         
94    | 1,227,224.12    | 0          | 5         
95    | 1,212,602.03    | 2          | 5         
96    | 1,206,643.39    | 0          | 5         
97    | 1,206,643.39    | 0          | 5         
98    | 1,196,240.84    | 2          | 5         
99    | 1,192,501.33    | 0          | 5         
100   | 1,190,168.34    | 0          | 5         
101   | 1,189,553.05    | 4          | 5         
102   | 1,189,553.05    | 0          | 5         
103   | 1,189,162.57    | 7          | 0         
104   | 1,189,162.57    | 0          | 5         
105   | 1,188,801.17    | 0          | 5         
106   | 1,188,439.41    | 10         | 0         
107   | 1,188,402.14    | 4          | 5         
108   | 1,188,402.14    | 0          | 5         
109   | 1,188,224.39    | 0          | 5         
110   | 1,187,531.49    | 0          | 5         
111   | 1,187,359.90    | 0          | 5         
112   | 1,187,359.90    | 0          | 5         
113   | 1,187,116.28    | 0          | 5         
114   | 1,185,058.40    | 8          | 0         
115   | 1,185,058.40    | 2          | 5         
116   | 1,185,058.40    | 0          | 5         
117   | 1,184,531.24    | 0          | 5         
118   | 1,184,531.24    | 0          | 5         
119   | 1,184,531.24    | 0          | 5         
120   | 1,184,500.18    | 0          | 5         
121   | 1,184,500.18    | 0          | 5         
122   | 1,184,321.71    | 0          | 5         
123   | 1,184,180.65    | 0          | 5         
124   | 1,183,054.27    | 2          | 5         
125   | 1,183,054.27    | 0          | 5         
126   | 1,182,956.01    | 0          | 5         
127   | 1,182,624.93    | 0          | 5         
128   | 1,182,605.21    | 0          | 5         
129   | 1,182,605.21    | 0          | 5         
130   | 1,182,605.21    | 0          | 5         
131   | 1,182,605.21    | 0          | 5         
132   | 1,182,478.87    | 0          | 5         
133   | 1,182,469.96    | 0          | 5         
134   | 1,182,469.96    | 0          | 5         
135   | 1,182,469.96    | 0          | 5         
136   | 1,182,239.00    | 0          | 5         
137   | 1,182,239.00    | 0          | 5         
138   | 1,182,132.27    | 0          | 5         
139   | 1,182,132.27    | 0          | 5         
140   | 1,182,132.27    | 0          | 5         
141   | 1,182,132.27    | 0          | 5         
142   | 1,182,132.27    | 0          | 5         
143   | 1,182,132.27    | 0          | 5         
144   | 1,182,105.33    | 0          | 5         
145   | 1,181,724.94    | 0          | 5         
146   | 1,181,376.78    | 0          | 5         
147   | 1,181,376.78    | 0          | 5         
148   | 1,181,349.11    | 0          | 5         
149   | 1,180,981.43    | 0          | 5         
150   | 1,180,737.74    | 0          | 5         
151   | 1,180,737.74    | 0          | 5         
152   | 1,180,737.74    | 0          | 5         
153   | 1,180,605.31    | 0          | 5         
154   | 1,180,605.31    | 0          | 5         
155   | 1,180,583.42    | 0          | 5         
156   | 1,180,583.42    | 0          | 5         
157   | 1,180,016.42    | 0          | 5         
158   | 1,180,016.42    | 0          | 5         
159   | 1,179,840.79    | 0          | 5         
160   | 1,179,840.79    | 0          | 5         
161   | 1,179,840.79    | 0          | 5         
162   | 1,179,572.23    | 0          | 5         
163   | 1,179,572.23    | 0          | 5         
164   | 1,179,572.23    | 0          | 5         
165   | 1,179,479.16    | 0          | 5         
166   | 1,179,375.37    | 0          | 5         
167   | 1,179,375.37    | 0          | 5         
168   | 1,179,217.39    | 0          | 5         
169   | 1,179,217.39    | 0          | 5         
170   | 1,179,217.39    | 0          | 5         
171   | 1,179,217.39    | 0          | 5         
172   | 1,179,064.21    | 0          | 5         
173   | 1,179,064.21    | 0          | 5         
174   | 1,178,937.43    | 0          | 5         
175   | 1,178,640.27    | 0          | 5         
176   | 1,178,640.27    | 0          | 5         
177   | 1,177,769.05    | 0          | 5         
178   | 1,177,600.00    | 0          | 5         
179   | 1,177,600.00    | 0          | 5         
180   | 1,177,600.00    | 0          | 5         
181   | 1,177,600.00    | 0          | 5         
182   | 1,177,600.00    | 0          | 5         
183   | 1,177,600.00    | 0          | 5         
184   | 1,177,600.00    | 0          | 5         
185   | 1,177,600.00    | 0          | 5         
186   | 1,177,600.00    | 0          | 5         
187   | 1,177,600.00    | 0          | 5         
188   | 1,177,600.00    | 0          | 5         
189   | 1,177,600.00    | 0          | 5         
190   | 1,177,600.00    | 0          | 5         
191   | 1,177,600.00    | 0          | 5         
192   | 1,177,600.00    | 0          | 5         
193   | 1,177,593.21    | 0          | 5         
194   | 1,177,508.09    | 0          | 5         
195   | 1,177,421.26    | 0          | 5         
196   | 1,177,421.26    | 0          | 5         
197   | 1,176,902.80    | 0          | 5         
198   | 1,176,883.43    | 0          | 5         
199   | 1,176,655.55    | 0          | 5         
200   | 1,176,655.55    | 0          | 5         
201   | 1,176,655.55    | 0          | 5         
202   | 1,176,655.55    | 0          | 5         
203   | 1,176,655.55    | 0          | 5         
204   | 1,176,655.55    | 0          | 5         
205   | 1,176,655.55    | 0          | 5         
206   | 1,176,145.58    | 0          | 5         
207   | 1,176,145.58    | 0          | 5         
208   | 1,176,145.58    | 0          | 5         
209   | 1,176,145.58    | 0          | 5         
210   | 1,176,145.58    | 0          | 5         
211   | 1,176,058.20    | 0          | 5         
212   | 1,176,058.20    | 0          | 5         
213   | 1,176,058.20    | 0          | 5         
214   | 1,176,058.20    | 0          | 5         
215   | 1,175,992.77    | 0          | 5         
216   | 1,175,992.77    | 0          | 5         
217   | 1,175,992.77    | 0          | 5         
218   | 1,175,992.77    | 0          | 5         
219   | 1,175,899.19    | 0          | 5         
220   | 1,175,858.12    | 0          | 5         
221   | 1,175,858.12    | 0          | 5         
222   | 1,175,858.12    | 0          | 5         
223   | 1,175,858.12    | 0          | 5         
224   | 1,175,858.12    | 0          | 5         
225   | 1,175,649.82    | 0          | 5         
226   | 1,175,649.82    | 0          | 5         
227   | 1,175,485.90    | 0          | 5         
228   | 1,175,485.90    | 0          | 5         
229   | 1,175,463.75    | 0          | 5         
230   | 1,175,371.56    | 0          | 5         
231   | 1,175,371.56    | 0          | 5         
232   | 1,175,281.11    | 0          | 5         
233   | 1,175,281.11    | 0          | 5         
234   | 1,175,281.11    | 0          | 5         
235   | 1,175,281.11    | 0          | 5         
236   | 1,175,281.11    | 0          | 5         
237   | 1,174,981.25    | 0          | 5         
238   | 1,174,981.25    | 0          | 5         
239   | 1,174,981.25    | 0          | 5         
240   | 1,174,981.25    | 0          | 5         
241   | 1,174,981.25    | 0          | 5         
242   | 1,174,981.25    | 0          | 5         
243   | 1,174,981.25    | 0          | 5         
244   | 1,174,981.25    | 0          | 5         
245   | 1,174,981.25    | 0          | 5         
246   | 1,174,981.03    | 0          | 5         
247   | 1,174,757.25    | 0          | 5         
248   | 1,174,757.25    | 0          | 5         
249   | 1,174,757.25    | 0          | 5         
250   | 1,174,542.86    | 0          | 5         
251   | 1,174,542.86    | 0          | 5         
252   | 1,174,282.61    | 0          | 5         
253   | 1,174,282.61    | 0          | 5         
254   | 1,174,282.61    | 0          | 5         
255   | 1,174,282.61    | 0          | 5         
256   | 1,174,282.61    | 0          | 5         
257   | 1,174,126.67    | 0          | 5         
258   | 1,174,060.00    | 0          | 5         
259   | 1,174,060.00    | 0          | 5         
260   | 1,173,911.54    | 0          | 5         
261   | 1,173,911.54    | 0          | 5         
262   | 1,173,911.54    | 0          | 5         
263   | 1,173,911.54    | 0          | 5         
264   | 1,173,887.50    | 0          | 5         
265   | 1,173,887.50    | 0          | 5         
266   | 1,173,887.50    | 0          | 5         
267   | 1,173,887.50    | 0          | 5         
268   | 1,173,887.50    | 0          | 5         
269   | 1,173,887.50    | 0          | 5         
270   | 1,173,887.50    | 0          | 5         
271   | 1,173,887.50    | 0          | 5         
272   | 1,173,887.50    | 0          | 5         
273   | 1,173,887.50    | 0          | 5         
274   | 1,173,887.50    | 0          | 5         
275   | 1,173,887.50    | 0          | 5         
276   | 1,173,887.50    | 0          | 5         
277   | 1,173,887.50    | 0          | 5         
278   | 1,173,887.50    | 0          | 5         
279   | 1,173,887.50    | 0          | 5         
280   | 1,173,887.50    | 0          | 5         
281   | 1,173,887.50    | 0          | 5         
282   | 1,173,887.50    | 0          | 5         
283   | 1,173,887.50    | 0          | 5         
284   | 1,173,600.00    | 0          | 5         
285   | 1,173,600.00    | 0          | 5         
286   | 1,173,600.00    | 0          | 5         
287   | 1,173,600.00    | 0          | 5         
288   | 1,173,600.00    | 0          | 5         
289   | 1,173,600.00    | 0          | 5         
290   | 1,173,600.00    | 0          | 5         
291   | 1,173,600.00    | 0          | 5         
292   | 1,173,600.00    | 0          | 5         
293   | 1,173,600.00    | 0          | 5         
294   | 1,173,600.00    | 0          | 5         
295   | 1,173,552.38    | 0          | 5         
296   | 1,173,552.38    | 0          | 5         
297   | 1,173,552.38    | 0          | 5         
298   | 1,173,552.38    | 0          | 5         
299   | 1,173,552.38    | 0          | 5         
300   | 1,173,350.00    | 0          | 3         
301   | 1,173,350.00    | 0          | 3         
302   | 1,173,350.00    | 0          | 3         
303   | 1,173,350.00    | 0          | 5         
304   | 1,173,350.00    | 0          | 3         
305   | 1,173,350.00    | 0          | 3         
306   | 1,173,350.00    | 0          | 5         
307   | 1,173,350.00    | 0          | 3         
308   | 1,173,350.00    | 0          | 5         
309   | 1,173,350.00    | 0          | 5         
310   | 1,173,350.00    | 0          | 3         
311   | 1,173,350.00    | 0          | 3         
312   | 1,173,350.00    | 0          | 3         
313   | 1,173,350.00    | 0          | 5         
314   | 1,173,350.00    | 0          | 3         
315   | 1,173,350.00    | 0          | 3         
316   | 1,173,350.00    | 0          | 3         
317   | 1,173,350.00    | 0          | 5         
318   | 1,173,350.00    | 0          | 3         
319   | 1,173,350.00    | 0          | 5         
320   | 1,173,350.00    | 0          | 5         
321   | 1,173,350.00    | 0          | 3         
322   | 1,173,350.00    | 0          | 3         
323   | 1,173,350.00    | 0          | 3         
324   | 1,173,350.00    | 0          | 3         
325   | 1,173,350.00    | 0          | 5         
326   | 1,173,350.00    | 0          | 3         
327   | 1,173,350.00    | 0          | 5         
328   | 1,173,350.00    | 0          | 3         
329   | 1,173,350.00    | 0          | 3         
330   | 1,173,350.00    | 0          | 5         
331   | 1,173,350.00    | 0          | 5         
332   | 1,173,350.00    | 0          | 5         
333   | 1,173,350.00    | 0          | 3         
334   | 1,173,350.00    | 0          | 5         
335   | 1,173,350.00    | 0          | 3         
336   | 1,173,350.00    | 0          | 5         
337   | 1,173,350.00    | 0          | 3         
338   | 1,173,350.00    | 0          | 3         
339   | 1,173,350.00    | 0          | 5         
340   | 1,173,350.00    | 0          | 5         
341   | 1,173,350.00    | 0          | 5         
342   | 1,173,350.00    | 0          | 3         
343   | 1,173,350.00    | 0          | 3         
344   | 1,173,350.00    | 0          | 3         
345   | 1,173,350.00    | 0          | 5         
346   | 1,173,350.00    | 0          | 3         
347   | 1,173,350.00    | 0          | 5         
348   | 1,173,350.00    | 0          | 5         
349   | 1,173,350.00    | 0          | 3         
350   | 1,173,350.00    | 0          | 5         
351   | 1,173,350.00    | 0          | 5         
352   | 1,173,350.00    | 0          | 5         
353   | 1,173,350.00    | 0          | 3         
354   | 1,173,350.00    | 0          | 2         
355   | 1,173,350.00    | 0          | 5         
356   | 1,173,350.00    | 0          | 3         
357   | 1,173,350.00    | 0          | 3         
358   | 1,173,350.00    | 0          | 3         
359   | 1,173,350.00    | 0          | 5         
360   | 1,173,350.00    | 0          | 5         
361   | 1,173,350.00    | 0          | 5         
362   | 1,173,350.00    | 0          | 5         
363   | 1,173,350.00    | 0          | 5         
364   | 1,173,350.00    | 0          | 5         
365   | 1,173,350.00    | 0          | 3         
366   | 1,173,350.00    | 0          | 3         
367   | 1,173,350.00    | 0          | 3         
368   | 1,173,350.00    | 0          | 3         
369   | 1,173,350.00    | 0          | 3         
370   | 1,173,350.00    | 0          | 5         
371   | 1,173,350.00    | 0          | 5         
372   | 1,173,350.00    | 0          | 3         
373   | 1,173,350.00    | 0          | 3         
374   | 1,173,350.00    | 0          | 2         
375   | 1,173,350.00    | 0          | 1         
376   | 1,173,350.00    | 0          | 3         
377   | 1,173,350.00    | 0          | 3         
378   | 1,173,350.00    | 0          | 3         
379   | 1,173,350.00    | 0          | 5         
380   | 1,173,350.00    | 0          | 3         
381   | 1,173,350.00    | 0          | 5         
382   | 1,173,350.00    | 0          | 3         
383   | 1,173,350.00    | 0          | 3         
384   | 1,173,350.00    | 0          | 5         
385   | 1,173,350.00    | 0          | 3         
386   | 1,173,350.00    | 0          | 5         
387   | 1,173,350.00    | 0          | 3         
388   | 1,173,350.00    | 0          | 3         
389   | 1,173,350.00    | 0          | 3         
390   | 1,173,350.00    | 0          | 5         
391   | 1,173,350.00    | 0          | 3         
392   | 1,173,350.00    | 0          | 3         
393   | 1,173,350.00    | 0          | 3         
394   | 1,173,350.00    | 0          | 3         
395   | 1,173,350.00    | 0          | 1         
396   | 1,173,350.00    | 0          | 3         
397   | 1,173,350.00    | 0          | 3         
398   | 1,173,350.00    | 0          | 1         
399   | 1,173,350.00    | 0          | 3         
400   | 1,173,350.00    | 0          | 3         
