==========================================================
 ANALYSIS REPORT: Week 9
==========================================================

0. Solver Configuration
-----------------------
  max_iter             : 1000
  time_limit           : 3600.0
  tol                  : 1e-08
  patience             : 100
  mip_rc_threshold     : 10000000000.0
  mip_gap              : 0.0001

1. Performance Metrics
----------------------
  Objective Value : 2,192,300.00
  RMP Relaxed Value (Root): 1,680,150.00
  Integrality Gap       : 30.4824 %
  MIP Best Bound (Final)  : 2,192,300.00
  Final MIP Gap           : 0.0000 %
  Execution Time  : 257.4221 sec
  Iterations      : 269
  RMP Time  : 133.9995 s
  MIP Time  : 6.0865 s
  Pool Search Time: 66.8166 s
  Graph Search Time: 50.1650 s
  MIP Decision Variables: 1567 (Columns used in Final MIP)
  MIP Filtered Columns  : 0 (Removed before MIP)

2. Column Generation & Pool Statistics
--------------------------------------
  Total Columns Generated (History) : 10404
  Pool Hits (Reused from History)   : 555
  Graph Gen (Newly Created)         : 1002
  Pool Hit Rate                     : 35.6%

3. Shift Pattern Diversity (Unique Patterns)
------------------------------------------
  Type: TypeA  | Unique Patterns: 1839 / Total Gen: 1839
       -> Avg Length of Unique Patterns: 47.3 hours
  Type: TypeB  | Unique Patterns: 2064 / Total Gen: 4128
       -> Avg Length of Unique Patterns: 36.0 hours
  Type: TypeC  | Unique Patterns: 2216 / Total Gen: 4432
       -> Avg Length of Unique Patterns: 24.6 hours

4. Final Schedule Assignment Breakdown
--------------------------------------
  Emp 0  (TypeA): 50 hours worked
  Emp 1  (TypeB): 36 hours worked
  Emp 2  (TypeB): 37 hours worked
  Emp 3  (TypeC): 24 hours worked
  Emp 4  (TypeC): 27 hours worked

5. Iteration History (Convergence Log)
--------------------------------------
Iter  | RMP Obj Value   | Pool Hits  | Graph Gen 
--------------------------------------------------
1     | 102,012,000.00  | 10         | 0         
2     | 64,061,500.00   | 10         | 0         
3     | 32,140,200.00   | 10         | 0         
4     | 16,192,900.00   | 10         | 0         
5     | 14,194,650.00   | 10         | 0         
6     | 13,188,950.03   | 10         | 0         
7     | 11,296,518.43   | 10         | 0         
8     | 10,348,354.72   | 10         | 0         
9     | 10,127,846.44   | 10         | 0         
10    | 9,476,633.29    | 10         | 0         
11    | 8,657,014.59    | 10         | 0         
12    | 8,389,026.21    | 10         | 0         
13    | 8,261,336.18    | 10         | 0         
14    | 8,091,586.24    | 10         | 0         
15    | 7,705,978.64    | 10         | 0         
16    | 7,647,888.13    | 10         | 0         
17    | 7,637,869.77    | 8          | 0         
18    | 7,603,563.63    | 10         | 0         
19    | 7,588,264.99    | 3          | 5         
20    | 4,949,538.84    | 10         | 0         
21    | 4,676,122.07    | 10         | 0         
22    | 4,648,990.38    | 10         | 0         
23    | 4,647,324.60    | 9          | 0         
24    | 4,647,135.46    | 5          | 5         
25    | 3,940,527.16    | 10         | 0         
26    | 3,859,264.67    | 10         | 0         
27    | 3,852,568.44    | 10         | 0         
28    | 3,850,199.83    | 6          | 0         
29    | 3,850,168.66    | 2          | 5         
30    | 3,551,457.81    | 10         | 0         
31    | 3,505,274.47    | 10         | 0         
32    | 3,489,826.00    | 10         | 0         
33    | 3,483,991.94    | 10         | 0         
34    | 3,483,697.75    | 0          | 5         
35    | 3,011,261.40    | 10         | 0         
36    | 2,974,673.13    | 10         | 0         
37    | 2,963,640.95    | 3          | 5         
38    | 2,658,601.97    | 10         | 0         
39    | 2,607,923.80    | 10         | 0         
40    | 2,605,090.91    | 10         | 0         
41    | 2,598,121.74    | 10         | 0         
42    | 2,597,701.76    | 3          | 5         
43    | 2,481,499.18    | 9          | 0         
44    | 2,472,749.14    | 4          | 5         
45    | 2,243,356.12    | 10         | 0         
46    | 2,234,448.23    | 2          | 5         
47    | 2,198,340.81    | 10         | 0         
48    | 2,197,826.56    | 10         | 0         
49    | 2,197,681.55    | 4          | 5         
50    | 1,945,526.33    | 10         | 0         
51    | 1,944,312.41    | 4          | 5         
52    | 1,888,093.26    | 6          | 0         
53    | 1,881,409.87    | 0          | 5         
54    | 1,780,673.78    | 10         | 0         
55    | 1,780,673.78    | 10         | 0         
56    | 1,773,399.44    | 2          | 5         
57    | 1,753,590.93    | 10         | 0         
58    | 1,752,835.26    | 0          | 5         
59    | 1,697,188.35    | 5          | 5         
60    | 1,697,165.77    | 10         | 0         
61    | 1,697,165.77    | 1          | 5         
62    | 1,695,523.66    | 0          | 5         
63    | 1,695,043.89    | 0          | 5         
64    | 1,692,496.89    | 10         | 0         
65    | 1,692,421.20    | 4          | 5         
66    | 1,692,421.20    | 7          | 0         
67    | 1,692,421.20    | 0          | 5         
68    | 1,692,421.20    | 10         | 0         
69    | 1,692,421.20    | 0          | 5         
70    | 1,692,421.20    | 0          | 5         
71    | 1,691,537.37    | 10         | 0         
72    | 1,691,537.37    | 10         | 0         
73    | 1,691,537.37    | 0          | 5         
74    | 1,691,537.37    | 4          | 5         
75    | 1,691,359.68    | 0          | 5         
76    | 1,691,025.36    | 4          | 5         
77    | 1,691,025.36    | 0          | 5         
78    | 1,691,025.36    | 0          | 5         
79    | 1,690,242.12    | 4          | 5         
80    | 1,690,210.61    | 2          | 5         
81    | 1,690,013.21    | 2          | 5         
82    | 1,689,646.75    | 0          | 5         
83    | 1,689,628.57    | 0          | 5         
84    | 1,689,481.74    | 0          | 5         
85    | 1,689,371.36    | 2          | 5         
86    | 1,689,371.36    | 0          | 5         
87    | 1,688,958.84    | 0          | 5         
88    | 1,688,771.26    | 0          | 5         
89    | 1,688,504.96    | 0          | 5         
90    | 1,688,504.96    | 0          | 5         
91    | 1,688,504.96    | 0          | 5         
92    | 1,687,968.36    | 0          | 5         
93    | 1,686,925.81    | 0          | 5         
94    | 1,686,925.81    | 0          | 5         
95    | 1,686,644.19    | 0          | 5         
96    | 1,686,644.19    | 0          | 5         
97    | 1,685,672.15    | 0          | 5         
98    | 1,685,434.12    | 0          | 5         
99    | 1,685,434.12    | 0          | 5         
100   | 1,685,381.25    | 0          | 5         
101   | 1,685,028.21    | 0          | 5         
102   | 1,684,807.17    | 0          | 5         
103   | 1,684,804.30    | 0          | 5         
104   | 1,684,771.69    | 0          | 5         
105   | 1,684,644.57    | 0          | 5         
106   | 1,684,444.02    | 0          | 5         
107   | 1,684,364.98    | 0          | 5         
108   | 1,683,488.14    | 0          | 5         
109   | 1,683,321.55    | 0          | 5         
110   | 1,683,082.51    | 0          | 5         
111   | 1,683,082.51    | 0          | 5         
112   | 1,682,865.88    | 0          | 5         
113   | 1,682,522.57    | 0          | 5         
114   | 1,682,522.57    | 0          | 5         
115   | 1,682,339.66    | 0          | 5         
116   | 1,682,336.57    | 0          | 5         
117   | 1,682,336.57    | 0          | 5         
118   | 1,682,260.52    | 0          | 5         
119   | 1,682,260.52    | 0          | 5         
120   | 1,682,260.52    | 0          | 5         
121   | 1,682,152.40    | 0          | 5         
122   | 1,682,112.63    | 0          | 5         
123   | 1,682,107.07    | 0          | 5         
124   | 1,682,048.79    | 0          | 5         
125   | 1,681,870.66    | 0          | 5         
126   | 1,681,829.54    | 0          | 5         
127   | 1,681,829.54    | 0          | 5         
128   | 1,681,748.30    | 0          | 5         
129   | 1,681,645.48    | 0          | 5         
130   | 1,681,628.14    | 0          | 5         
131   | 1,681,628.14    | 0          | 5         
132   | 1,681,628.14    | 0          | 5         
133   | 1,681,486.86    | 0          | 5         
134   | 1,681,486.86    | 0          | 5         
135   | 1,681,279.97    | 0          | 5         
136   | 1,681,279.97    | 0          | 5         
137   | 1,681,191.66    | 0          | 5         
138   | 1,681,191.66    | 0          | 5         
139   | 1,681,191.66    | 0          | 5         
140   | 1,681,191.66    | 0          | 5         
141   | 1,681,167.41    | 0          | 5         
142   | 1,681,167.41    | 0          | 5         
143   | 1,681,088.39    | 0          | 5         
144   | 1,681,061.86    | 0          | 5         
145   | 1,681,061.86    | 0          | 4         
146   | 1,681,014.57    | 0          | 4         
147   | 1,681,014.57    | 0          | 5         
148   | 1,681,014.57    | 0          | 5         
149   | 1,681,014.57    | 0          | 5         
150   | 1,681,014.57    | 0          | 5         
151   | 1,680,992.40    | 0          | 5         
152   | 1,680,925.05    | 0          | 5         
153   | 1,680,925.05    | 0          | 5         
154   | 1,680,925.05    | 0          | 5         
155   | 1,680,925.05    | 0          | 5         
156   | 1,680,925.05    | 0          | 5         
157   | 1,680,925.05    | 0          | 5         
158   | 1,680,906.54    | 0          | 4         
159   | 1,680,887.01    | 0          | 4         
160   | 1,680,887.01    | 0          | 5         
161   | 1,680,807.91    | 0          | 5         
162   | 1,680,807.91    | 0          | 5         
163   | 1,680,807.91    | 0          | 5         
164   | 1,680,806.96    | 0          | 4         
165   | 1,680,806.96    | 0          | 5         
166   | 1,680,802.56    | 0          | 5         
167   | 1,680,802.56    | 0          | 5         
168   | 1,680,732.54    | 0          | 5         
169   | 1,680,732.54    | 0          | 4         
170   | 1,680,721.68    | 0          | 4         
171   | 1,680,721.68    | 0          | 5         
172   | 1,680,721.68    | 0          | 4         
173   | 1,680,679.68    | 0          | 5         
174   | 1,680,679.68    | 0          | 5         
175   | 1,680,679.68    | 0          | 5         
176   | 1,680,679.68    | 0          | 5         
177   | 1,680,679.68    | 0          | 5         
178   | 1,680,679.68    | 0          | 5         
179   | 1,680,679.68    | 0          | 5         
180   | 1,680,679.68    | 0          | 5         
181   | 1,680,679.68    | 0          | 4         
182   | 1,680,661.15    | 0          | 5         
183   | 1,680,661.15    | 0          | 4         
184   | 1,680,661.15    | 0          | 4         
185   | 1,680,661.15    | 0          | 5         
186   | 1,680,661.15    | 0          | 4         
187   | 1,680,661.15    | 0          | 4         
188   | 1,680,661.15    | 0          | 4         
189   | 1,680,559.12    | 0          | 4         
190   | 1,680,559.12    | 0          | 4         
191   | 1,680,559.12    | 0          | 5         
192   | 1,680,559.12    | 0          | 5         
193   | 1,680,559.12    | 0          | 5         
194   | 1,680,559.12    | 0          | 4         
195   | 1,680,537.11    | 0          | 4         
196   | 1,680,537.11    | 0          | 4         
197   | 1,680,534.42    | 0          | 4         
198   | 1,680,534.42    | 0          | 5         
199   | 1,680,534.42    | 0          | 4         
200   | 1,680,534.42    | 0          | 5         
201   | 1,680,534.42    | 0          | 4         
202   | 1,680,534.42    | 0          | 4         
203   | 1,680,533.92    | 0          | 5         
204   | 1,680,533.33    | 0          | 4         
205   | 1,680,533.33    | 0          | 5         
206   | 1,680,533.33    | 0          | 5         
207   | 1,680,533.33    | 0          | 5         
208   | 1,680,482.59    | 0          | 5         
209   | 1,680,482.59    | 0          | 5         
210   | 1,680,482.59    | 0          | 5         
211   | 1,680,482.59    | 0          | 5         
212   | 1,680,482.59    | 0          | 5         
213   | 1,680,482.59    | 0          | 5         
214   | 1,680,482.59    | 0          | 4         
215   | 1,680,482.59    | 0          | 4         
216   | 1,680,482.59    | 0          | 4         
217   | 1,680,482.59    | 0          | 5         
218   | 1,680,482.59    | 0          | 4         
219   | 1,680,482.59    | 0          | 4         
220   | 1,680,482.59    | 0          | 4         
221   | 1,680,482.59    | 0          | 4         
222   | 1,680,482.59    | 0          | 4         
223   | 1,680,304.17    | 0          | 4         
224   | 1,680,304.17    | 0          | 4         
225   | 1,680,304.17    | 0          | 4         
226   | 1,680,304.17    | 0          | 4         
227   | 1,680,304.17    | 0          | 4         
228   | 1,680,304.17    | 0          | 4         
229   | 1,680,304.17    | 0          | 5         
230   | 1,680,304.17    | 0          | 4         
231   | 1,680,304.17    | 0          | 4         
232   | 1,680,304.17    | 0          | 4         
233   | 1,680,304.17    | 0          | 4         
234   | 1,680,304.17    | 0          | 5         
235   | 1,680,304.17    | 0          | 3         
236   | 1,680,304.17    | 0          | 2         
237   | 1,680,304.17    | 0          | 3         
238   | 1,680,304.17    | 0          | 4         
239   | 1,680,261.50    | 0          | 4         
240   | 1,680,261.50    | 0          | 5         
241   | 1,680,261.50    | 0          | 4         
242   | 1,680,222.48    | 0          | 5         
243   | 1,680,205.88    | 0          | 5         
244   | 1,680,205.88    | 0          | 4         
245   | 1,680,205.88    | 0          | 5         
246   | 1,680,205.88    | 0          | 5         
247   | 1,680,205.88    | 0          | 5         
248   | 1,680,205.88    | 0          | 5         
249   | 1,680,203.57    | 0          | 4         
250   | 1,680,203.57    | 0          | 4         
251   | 1,680,150.00    | 0          | 3         
252   | 1,680,150.00    | 0          | 2         
253   | 1,680,150.00    | 0          | 4         
254   | 1,680,150.00    | 0          | 2         
255   | 1,680,150.00    | 0          | 2         
256   | 1,680,150.00    | 0          | 4         
257   | 1,680,150.00    | 0          | 2         
258   | 1,680,150.00    | 0          | 5         
259   | 1,680,150.00    | 0          | 4         
260   | 1,680,150.00    | 0          | 5         
261   | 1,680,150.00    | 0          | 4         
262   | 1,680,150.00    | 0          | 4         
263   | 1,680,150.00    | 0          | 5         
264   | 1,680,150.00    | 0          | 2         
265   | 1,680,150.00    | 0          | 5         
266   | 1,680,150.00    | 0          | 2         
267   | 1,680,150.00    | 0          | 2         
268   | 1,680,150.00    | 0          | 5         
269   | 1,680,150.00    | 0          | 0         
