==========================================================
 ANALYSIS REPORT: Week 15
==========================================================

0. Solver Configuration
-----------------------
  max_iter             : 1000
  time_limit           : 3600.0
  tol                  : 1e-08
  patience             : 100
  mip_rc_threshold     : 10000000000.0
  mip_gap              : 0.0001

1. Performance Metrics
----------------------
  Objective Value : 158,100.00
  RMP Relaxed Value (Root): 154,000.00
  Integrality Gap       : 2.6623 %
  MIP Best Bound (Final)  : 158,100.00
  Final MIP Gap           : 0.0000 %
  Execution Time  : 595.5986 sec
  Iterations      : 429
  RMP Time  : 314.1717 s
  MIP Time  : 3.2035 s
  Pool Search Time: 197.8799 s
  Graph Search Time: 79.6638 s
  MIP Decision Variables: 2181 (Columns used in Final MIP)
  MIP Filtered Columns  : 0 (Removed before MIP)

2. Column Generation & Pool Statistics
--------------------------------------
  Total Columns Generated (History) : 16769
  Pool Hits (Reused from History)   : 735
  Graph Gen (Newly Created)         : 1436
  Pool Hit Rate                     : 33.9%

3. Shift Pattern Diversity (Unique Patterns)
------------------------------------------
  Type: TypeA  | Unique Patterns: 2860 / Total Gen: 2860
       -> Avg Length of Unique Patterns: 47.1 hours
  Type: TypeB  | Unique Patterns: 3308 / Total Gen: 6616
       -> Avg Length of Unique Patterns: 35.7 hours
  Type: TypeC  | Unique Patterns: 3644 / Total Gen: 7288
       -> Avg Length of Unique Patterns: 24.2 hours

4. Final Schedule Assignment Breakdown
--------------------------------------
  Emp 0  (TypeA): 44 hours worked
  Emp 1  (TypeB): 31 hours worked
  Emp 2  (TypeB): 32 hours worked
  Emp 3  (TypeC): 23 hours worked
  Emp 4  (TypeC): 20 hours worked

5. Iteration History (Convergence Log)
--------------------------------------
Iter  | RMP Obj Value   | Pool Hits  | Graph Gen 
--------------------------------------------------
1     | 90,016,000.00   | 10         | 0         
2     | 56,062,800.00   | 10         | 0         
3     | 25,140,000.00   | 10         | 0         
4     | 8,856,566.65    | 10         | 0         
5     | 5,694,375.00    | 10         | 0         
6     | 4,192,454.54    | 10         | 0         
7     | 3,860,183.33    | 10         | 0         
8     | 3,691,528.95    | 10         | 0         
9     | 3,452,688.07    | 10         | 0         
10    | 3,240,781.54    | 10         | 0         
11    | 3,047,486.48    | 10         | 0         
12    | 2,877,687.91    | 10         | 0         
13    | 2,677,120.39    | 10         | 0         
14    | 2,521,786.93    | 10         | 0         
15    | 2,515,080.22    | 10         | 0         
16    | 2,400,256.40    | 10         | 0         
17    | 2,316,264.28    | 10         | 0         
18    | 2,195,673.70    | 10         | 0         
19    | 2,063,068.29    | 10         | 0         
20    | 2,038,074.73    | 10         | 0         
21    | 1,972,866.47    | 10         | 0         
22    | 1,941,453.18    | 10         | 0         
23    | 1,925,295.92    | 10         | 0         
24    | 1,923,342.75    | 10         | 0         
25    | 1,920,540.82    | 8          | 0         
26    | 1,916,910.17    | 0          | 5         
27    | 1,463,542.98    | 10         | 0         
28    | 1,412,679.19    | 10         | 0         
29    | 1,390,780.53    | 10         | 0         
30    | 1,353,900.33    | 10         | 0         
31    | 1,336,943.49    | 10         | 0         
32    | 1,304,410.25    | 10         | 0         
33    | 1,301,526.62    | 10         | 0         
34    | 1,299,292.72    | 1          | 5         
35    | 838,627.94      | 10         | 0         
36    | 744,180.51      | 10         | 0         
37    | 714,520.45      | 10         | 0         
38    | 698,907.55      | 10         | 0         
39    | 673,767.48      | 10         | 0         
40    | 671,875.65      | 6          | 0         
41    | 671,487.76      | 0          | 5         
42    | 538,637.35      | 10         | 0         
43    | 501,855.97      | 10         | 0         
44    | 491,256.43      | 10         | 0         
45    | 478,475.00      | 10         | 0         
46    | 478,357.58      | 10         | 0         
47    | 478,291.20      | 0          | 5         
48    | 196,327.70      | 10         | 0         
49    | 195,464.82      | 10         | 0         
50    | 195,179.19      | 10         | 0         
51    | 194,909.54      | 10         | 0         
52    | 194,828.17      | 10         | 0         
53    | 194,822.47      | 2          | 5         
54    | 191,090.33      | 10         | 0         
55    | 190,720.42      | 10         | 0         
56    | 190,557.68      | 10         | 0         
57    | 190,475.07      | 10         | 0         
58    | 190,472.89      | 0          | 5         
59    | 188,661.38      | 5          | 5         
60    | 185,786.53      | 10         | 0         
61    | 185,653.99      | 10         | 0         
62    | 185,589.15      | 3          | 5         
63    | 184,295.13      | 4          | 5         
64    | 182,497.93      | 10         | 0         
65    | 182,063.69      | 10         | 0         
66    | 182,037.17      | 5          | 5         
67    | 179,241.05      | 10         | 0         
68    | 179,089.76      | 10         | 0         
69    | 178,961.55      | 2          | 5         
70    | 178,125.18      | 10         | 0         
71    | 178,104.72      | 9          | 0         
72    | 178,100.41      | 0          | 5         
73    | 177,951.58      | 8          | 0         
74    | 177,929.13      | 0          | 5         
75    | 174,078.56      | 10         | 0         
76    | 173,803.32      | 10         | 0         
77    | 173,716.82      | 2          | 5         
78    | 171,906.45      | 10         | 0         
79    | 171,847.83      | 10         | 0         
80    | 171,842.16      | 7          | 0         
81    | 171,841.95      | 2          | 5         
82    | 171,473.74      | 10         | 0         
83    | 171,416.55      | 10         | 0         
84    | 171,402.02      | 3          | 5         
85    | 170,854.89      | 6          | 0         
86    | 170,852.85      | 0          | 5         
87    | 170,238.63      | 0          | 5         
88    | 170,191.34      | 0          | 5         
89    | 169,768.77      | 10         | 0         
90    | 169,762.33      | 2          | 5         
91    | 169,465.81      | 0          | 5         
92    | 169,121.05      | 0          | 5         
93    | 168,909.00      | 0          | 5         
94    | 168,248.66      | 2          | 5         
95    | 168,041.60      | 2          | 5         
96    | 167,724.17      | 0          | 5         
97    | 167,088.80      | 8          | 0         
98    | 167,088.80      | 0          | 5         
99    | 166,696.00      | 0          | 5         
100   | 166,487.03      | 2          | 5         
101   | 166,218.09      | 0          | 5         
102   | 165,815.94      | 0          | 5         
103   | 165,341.38      | 0          | 5         
104   | 164,568.77      | 2          | 5         
105   | 164,308.41      | 0          | 5         
106   | 164,045.92      | 0          | 5         
107   | 163,764.46      | 0          | 5         
108   | 163,409.87      | 4          | 5         
109   | 162,895.68      | 0          | 5         
110   | 162,822.74      | 0          | 5         
111   | 162,633.44      | 0          | 5         
112   | 162,561.65      | 0          | 5         
113   | 162,286.71      | 0          | 5         
114   | 162,226.31      | 0          | 5         
115   | 161,846.12      | 0          | 5         
116   | 161,461.69      | 0          | 5         
117   | 161,219.85      | 0          | 5         
118   | 160,865.55      | 0          | 5         
119   | 160,827.77      | 0          | 5         
120   | 160,804.42      | 0          | 5         
121   | 160,764.71      | 0          | 5         
122   | 160,755.30      | 0          | 5         
123   | 160,460.70      | 0          | 5         
124   | 160,460.70      | 0          | 5         
125   | 160,445.14      | 0          | 5         
126   | 160,185.73      | 0          | 5         
127   | 159,990.56      | 0          | 5         
128   | 159,649.84      | 0          | 5         
129   | 159,444.24      | 0          | 5         
130   | 158,971.51      | 0          | 5         
131   | 158,233.60      | 0          | 5         
132   | 158,146.27      | 0          | 5         
133   | 158,011.70      | 0          | 5         
134   | 158,011.70      | 0          | 5         
135   | 157,922.82      | 0          | 5         
136   | 157,546.96      | 0          | 5         
137   | 157,508.81      | 0          | 5         
138   | 157,508.81      | 0          | 5         
139   | 157,463.58      | 0          | 5         
140   | 157,378.88      | 0          | 5         
141   | 157,373.81      | 0          | 5         
142   | 157,146.28      | 0          | 5         
143   | 157,137.94      | 0          | 5         
144   | 157,063.13      | 0          | 5         
145   | 157,062.14      | 0          | 5         
146   | 157,050.64      | 0          | 5         
147   | 157,046.86      | 0          | 5         
148   | 157,027.41      | 0          | 5         
149   | 156,692.72      | 0          | 5         
150   | 156,692.10      | 0          | 5         
151   | 156,681.78      | 0          | 5         
152   | 156,633.25      | 0          | 5         
153   | 156,633.25      | 0          | 5         
154   | 156,631.02      | 0          | 5         
155   | 156,450.42      | 0          | 5         
156   | 156,325.55      | 0          | 5         
157   | 156,325.55      | 0          | 5         
158   | 156,325.55      | 0          | 5         
159   | 156,316.83      | 0          | 5         
160   | 156,289.12      | 0          | 4         
161   | 156,273.04      | 0          | 5         
162   | 156,273.04      | 0          | 5         
163   | 156,273.04      | 0          | 5         
164   | 156,260.89      | 0          | 5         
165   | 156,260.89      | 0          | 4         
166   | 156,177.88      | 0          | 5         
167   | 156,045.55      | 0          | 5         
168   | 155,981.94      | 0          | 5         
169   | 155,981.94      | 0          | 5         
170   | 155,981.94      | 0          | 5         
171   | 155,960.30      | 0          | 5         
172   | 155,960.30      | 0          | 5         
173   | 155,734.12      | 0          | 5         
174   | 155,515.13      | 0          | 5         
175   | 155,515.13      | 0          | 5         
176   | 155,515.13      | 0          | 5         
177   | 155,422.54      | 0          | 5         
178   | 155,422.54      | 0          | 5         
179   | 155,422.54      | 0          | 5         
180   | 155,422.54      | 0          | 4         
181   | 155,261.36      | 0          | 5         
182   | 155,261.36      | 0          | 5         
183   | 155,257.55      | 0          | 5         
184   | 155,257.55      | 0          | 5         
185   | 155,257.55      | 0          | 5         
186   | 155,257.55      | 0          | 5         
187   | 155,254.57      | 0          | 5         
188   | 155,240.76      | 0          | 5         
189   | 155,240.76      | 0          | 5         
190   | 155,240.76      | 0          | 4         
191   | 155,240.76      | 0          | 5         
192   | 155,240.76      | 0          | 5         
193   | 155,240.76      | 0          | 4         
194   | 155,240.76      | 0          | 4         
195   | 155,240.76      | 0          | 4         
196   | 155,240.76      | 0          | 5         
197   | 155,240.76      | 0          | 5         
198   | 155,240.76      | 0          | 5         
199   | 155,240.76      | 0          | 5         
200   | 155,089.97      | 0          | 5         
201   | 154,831.02      | 0          | 5         
202   | 154,831.02      | 0          | 5         
203   | 154,831.02      | 0          | 5         
204   | 154,808.16      | 0          | 4         
205   | 154,808.16      | 0          | 5         
206   | 154,808.16      | 0          | 5         
207   | 154,808.16      | 0          | 5         
208   | 154,808.16      | 0          | 4         
209   | 154,808.16      | 0          | 4         
210   | 154,808.16      | 0          | 5         
211   | 154,808.16      | 0          | 5         
212   | 154,808.16      | 0          | 5         
213   | 154,808.16      | 0          | 5         
214   | 154,808.16      | 0          | 4         
215   | 154,808.16      | 0          | 4         
216   | 154,808.16      | 0          | 4         
217   | 154,808.16      | 0          | 5         
218   | 154,808.16      | 0          | 5         
219   | 154,808.16      | 0          | 4         
220   | 154,808.16      | 0          | 5         
221   | 154,805.84      | 0          | 5         
222   | 154,805.84      | 0          | 5         
223   | 154,724.97      | 0          | 5         
224   | 154,724.97      | 0          | 5         
225   | 154,724.97      | 0          | 5         
226   | 154,724.97      | 0          | 4         
227   | 154,724.97      | 0          | 5         
228   | 154,593.09      | 0          | 5         
229   | 154,593.09      | 0          | 4         
230   | 154,593.09      | 0          | 5         
231   | 154,593.09      | 0          | 4         
232   | 154,593.09      | 0          | 4         
233   | 154,563.97      | 0          | 5         
234   | 154,563.97      | 0          | 5         
235   | 154,563.97      | 0          | 5         
236   | 154,563.97      | 0          | 5         
237   | 154,563.97      | 0          | 4         
238   | 154,563.97      | 0          | 5         
239   | 154,283.99      | 0          | 4         
240   | 154,283.99      | 0          | 5         
241   | 154,237.22      | 0          | 4         
242   | 154,237.22      | 0          | 4         
243   | 154,237.22      | 0          | 4         
244   | 154,237.22      | 0          | 4         
245   | 154,212.66      | 0          | 4         
246   | 154,212.66      | 0          | 4         
247   | 154,212.66      | 0          | 4         
248   | 154,212.66      | 0          | 4         
249   | 154,212.66      | 0          | 4         
250   | 154,212.66      | 0          | 4         
251   | 154,212.66      | 0          | 4         
252   | 154,212.66      | 0          | 4         
253   | 154,212.66      | 0          | 4         
254   | 154,212.66      | 0          | 4         
255   | 154,212.66      | 0          | 4         
256   | 154,212.66      | 0          | 4         
257   | 154,212.66      | 0          | 4         
258   | 154,154.53      | 0          | 4         
259   | 154,154.53      | 0          | 4         
260   | 154,154.53      | 0          | 4         
261   | 154,154.53      | 0          | 5         
262   | 154,145.14      | 0          | 4         
263   | 154,145.14      | 0          | 4         
264   | 154,145.14      | 0          | 4         
265   | 154,145.14      | 0          | 5         
266   | 154,145.14      | 0          | 4         
267   | 154,145.14      | 0          | 5         
268   | 154,145.14      | 0          | 4         
269   | 154,145.14      | 0          | 4         
270   | 154,145.14      | 0          | 4         
271   | 154,145.14      | 0          | 4         
272   | 154,145.14      | 0          | 5         
273   | 154,145.14      | 0          | 5         
274   | 154,145.14      | 0          | 4         
275   | 154,145.14      | 0          | 5         
276   | 154,145.14      | 0          | 4         
277   | 154,145.14      | 0          | 4         
278   | 154,145.14      | 0          | 5         
279   | 154,145.14      | 0          | 4         
280   | 154,145.14      | 0          | 4         
281   | 154,145.14      | 0          | 4         
282   | 154,145.14      | 0          | 4         
283   | 154,145.14      | 0          | 4         
284   | 154,145.14      | 0          | 4         
285   | 154,145.14      | 0          | 4         
286   | 154,145.14      | 0          | 4         
287   | 154,125.42      | 0          | 4         
288   | 154,125.42      | 0          | 4         
289   | 154,125.42      | 0          | 4         
290   | 154,125.42      | 0          | 5         
291   | 154,125.42      | 0          | 4         
292   | 154,125.42      | 0          | 5         
293   | 154,125.42      | 0          | 4         
294   | 154,125.42      | 0          | 4         
295   | 154,125.42      | 0          | 4         
296   | 154,100.00      | 0          | 4         
297   | 154,100.00      | 0          | 5         
298   | 154,100.00      | 0          | 4         
299   | 154,100.00      | 0          | 2         
300   | 154,100.00      | 0          | 2         
301   | 154,100.00      | 0          | 2         
302   | 154,100.00      | 0          | 4         
303   | 154,100.00      | 0          | 4         
304   | 154,100.00      | 0          | 4         
305   | 154,100.00      | 0          | 4         
306   | 154,100.00      | 0          | 4         
307   | 154,100.00      | 0          | 2         
308   | 154,100.00      | 0          | 5         
309   | 154,100.00      | 0          | 2         
310   | 154,100.00      | 0          | 2         
311   | 154,100.00      | 0          | 2         
312   | 154,100.00      | 0          | 4         
313   | 154,100.00      | 0          | 2         
314   | 154,100.00      | 0          | 2         
315   | 154,100.00      | 0          | 2         
316   | 154,100.00      | 0          | 2         
317   | 154,100.00      | 0          | 2         
318   | 154,100.00      | 0          | 2         
319   | 154,100.00      | 0          | 2         
320   | 154,100.00      | 0          | 2         
321   | 154,100.00      | 0          | 2         
322   | 154,100.00      | 0          | 2         
323   | 154,100.00      | 0          | 2         
324   | 154,100.00      | 0          | 2         
325   | 154,100.00      | 0          | 2         
326   | 154,100.00      | 0          | 4         
327   | 154,100.00      | 0          | 2         
328   | 154,100.00      | 0          | 2         
329   | 154,100.00      | 0          | 2         
330   | 154,100.00      | 0          | 2         
331   | 154,100.00      | 0          | 2         
332   | 154,100.00      | 0          | 2         
333   | 154,100.00      | 0          | 4         
334   | 154,100.00      | 0          | 2         
335   | 154,100.00      | 0          | 2         
336   | 154,100.00      | 0          | 2         
337   | 154,100.00      | 0          | 2         
338   | 154,100.00      | 0          | 2         
339   | 154,100.00      | 0          | 2         
340   | 154,100.00      | 0          | 2         
341   | 154,100.00      | 0          | 2         
342   | 154,100.00      | 0          | 2         
343   | 154,100.00      | 0          | 2         
344   | 154,100.00      | 0          | 2         
345   | 154,100.00      | 0          | 2         
346   | 154,100.00      | 0          | 2         
347   | 154,100.00      | 0          | 2         
348   | 154,100.00      | 0          | 2         
349   | 154,100.00      | 0          | 4         
350   | 154,100.00      | 0          | 2         
351   | 154,100.00      | 0          | 2         
352   | 154,100.00      | 0          | 2         
353   | 154,100.00      | 0          | 2         
354   | 154,100.00      | 0          | 2         
355   | 154,100.00      | 0          | 2         
356   | 154,100.00      | 0          | 3         
357   | 154,100.00      | 0          | 2         
358   | 154,100.00      | 0          | 2         
359   | 154,100.00      | 0          | 2         
360   | 154,100.00      | 0          | 2         
361   | 154,100.00      | 0          | 2         
362   | 154,100.00      | 0          | 2         
363   | 154,100.00      | 0          | 2         
364   | 154,100.00      | 0          | 4         
365   | 154,100.00      | 0          | 2         
366   | 154,020.00      | 0          | 2         
367   | 154,020.00      | 0          | 2         
368   | 154,020.00      | 0          | 2         
369   | 154,020.00      | 0          | 2         
370   | 154,020.00      | 0          | 2         
371   | 154,020.00      | 0          | 2         
372   | 154,020.00      | 0          | 2         
373   | 154,020.00      | 0          | 2         
374   | 154,020.00      | 0          | 2         
375   | 154,020.00      | 0          | 2         
376   | 154,020.00      | 0          | 2         
377   | 154,020.00      | 0          | 4         
378   | 154,020.00      | 0          | 2         
379   | 154,020.00      | 0          | 2         
380   | 154,020.00      | 0          | 2         
381   | 154,020.00      | 0          | 2         
382   | 154,020.00      | 0          | 2         
383   | 154,020.00      | 0          | 2         
384   | 154,020.00      | 0          | 2         
385   | 154,020.00      | 0          | 2         
386   | 154,020.00      | 0          | 2         
387   | 154,020.00      | 0          | 2         
388   | 154,020.00      | 0          | 2         
389   | 154,020.00      | 0          | 4         
390   | 154,020.00      | 0          | 4         
391   | 154,011.11      | 0          | 4         
392   | 154,004.35      | 0          | 4         
393   | 154,004.35      | 0          | 4         
394   | 154,004.35      | 0          | 4         
395   | 154,004.35      | 0          | 4         
396   | 154,004.35      | 0          | 4         
397   | 154,004.35      | 0          | 4         
398   | 154,004.35      | 0          | 4         
399   | 154,004.35      | 0          | 5         
400   | 154,004.35      | 0          | 4         
401   | 154,004.35      | 0          | 4         
402   | 154,004.35      | 0          | 4         
403   | 154,004.35      | 0          | 4         
404   | 154,004.35      | 0          | 4         
405   | 154,004.35      | 0          | 4         
406   | 154,004.35      | 0          | 4         
407   | 154,004.35      | 0          | 4         
408   | 154,004.35      | 0          | 4         
409   | 154,004.35      | 0          | 4         
410   | 154,004.35      | 0          | 4         
411   | 154,004.35      | 0          | 4         
412   | 154,004.35      | 0          | 4         
413   | 154,004.35      | 0          | 5         
414   | 154,004.35      | 0          | 4         
415   | 154,004.35      | 0          | 4         
416   | 154,004.35      | 0          | 4         
417   | 154,004.35      | 0          | 4         
418   | 154,004.35      | 0          | 4         
419   | 154,004.35      | 0          | 4         
420   | 154,004.35      | 0          | 4         
421   | 154,004.35      | 0          | 4         
422   | 154,004.35      | 0          | 4         
423   | 154,004.35      | 0          | 4         
424   | 154,004.35      | 0          | 4         
425   | 154,004.35      | 0          | 4         
426   | 154,004.35      | 0          | 4         
427   | 154,003.03      | 0          | 5         
428   | 154,003.03      | 0          | 4         
429   | 154,000.00      | 0          | 0         
