==========================================================
 ANALYSIS REPORT: Week 10
==========================================================

0. Solver Configuration
-----------------------
  max_iter             : 1000
  time_limit           : 3600.0
  tol                  : 1e-08
  patience             : 100
  mip_rc_threshold     : 10000000000.0
  mip_gap              : 0.0001

1. Performance Metrics
----------------------
  Objective Value : 1,188,600.00
  RMP Relaxed Value (Root): 525,033.33
  Integrality Gap       : 126.3856 %
  MIP Best Bound (Final)  : 1,188,600.00
  Final MIP Gap           : 0.0000 %
  Execution Time  : 461.3992 sec
  Iterations      : 381
  RMP Time  : 267.2883 s
  MIP Time  : 7.5274 s
  Pool Search Time: 115.6142 s
  Graph Search Time: 70.3945 s
  MIP Decision Variables: 2103 (Columns used in Final MIP)
  MIP Filtered Columns  : 0 (Removed before MIP)

2. Column Generation & Pool Statistics
--------------------------------------
  Total Columns Generated (History) : 11858
  Pool Hits (Reused from History)   : 639
  Graph Gen (Newly Created)         : 1454
  Pool Hit Rate                     : 30.5%

3. Shift Pattern Diversity (Unique Patterns)
------------------------------------------
  Type: TypeA  | Unique Patterns: 2135 / Total Gen: 2135
       -> Avg Length of Unique Patterns: 47.3 hours
  Type: TypeB  | Unique Patterns: 2322 / Total Gen: 4644
       -> Avg Length of Unique Patterns: 36.2 hours
  Type: TypeC  | Unique Patterns: 2537 / Total Gen: 5074
       -> Avg Length of Unique Patterns: 24.7 hours

4. Final Schedule Assignment Breakdown
--------------------------------------
  Emp 0  (TypeA): 47 hours worked
  Emp 1  (TypeB): 37 hours worked
  Emp 2  (TypeB): 38 hours worked
  Emp 3  (TypeC): 22 hours worked
  Emp 4  (TypeC): 26 hours worked

5. Iteration History (Convergence Log)
--------------------------------------
Iter  | RMP Obj Value   | Pool Hits  | Graph Gen 
--------------------------------------------------
1     | 105,011,900.00  | 10         | 0         
2     | 75,060,000.00   | 10         | 0         
3     | 41,146,699.99   | 10         | 0         
4     | 20,537,699.95   | 10         | 0         
5     | 16,201,400.00   | 10         | 0         
6     | 14,037,000.01   | 10         | 0         
7     | 11,129,657.76   | 10         | 0         
8     | 10,430,916.31   | 10         | 0         
9     | 9,789,582.08    | 10         | 0         
10    | 9,089,096.80    | 10         | 0         
11    | 8,643,279.00    | 10         | 0         
12    | 8,233,719.60    | 10         | 0         
13    | 8,192,799.38    | 10         | 0         
14    | 8,114,290.05    | 10         | 0         
15    | 7,979,583.47    | 10         | 0         
16    | 7,818,821.45    | 10         | 0         
17    | 7,673,942.66    | 10         | 0         
18    | 7,558,785.12    | 10         | 0         
19    | 7,457,935.69    | 10         | 0         
20    | 7,452,909.46    | 10         | 0         
21    | 7,417,646.78    | 10         | 0         
22    | 7,407,955.60    | 7          | 0         
23    | 7,406,754.46    | 0          | 5         
24    | 6,003,635.42    | 10         | 0         
25    | 5,902,223.93    | 10         | 0         
26    | 5,705,195.36    | 10         | 0         
27    | 5,636,015.38    | 10         | 0         
28    | 5,538,046.85    | 10         | 0         
29    | 5,507,260.67    | 10         | 0         
30    | 5,493,394.55    | 7          | 0         
31    | 5,492,844.11    | 2          | 5         
32    | 4,690,476.22    | 10         | 0         
33    | 4,547,197.45    | 10         | 0         
34    | 4,500,371.82    | 10         | 0         
35    | 4,486,979.67    | 10         | 0         
36    | 4,473,193.62    | 8          | 0         
37    | 4,471,727.16    | 2          | 5         
38    | 3,937,827.65    | 10         | 0         
39    | 3,913,661.72    | 10         | 0         
40    | 3,886,453.45    | 10         | 0         
41    | 3,861,286.94    | 10         | 0         
42    | 3,858,892.93    | 10         | 0         
43    | 3,858,466.43    | 2          | 5         
44    | 3,559,851.48    | 10         | 0         
45    | 3,486,668.01    | 7          | 0         
46    | 3,481,580.05    | 10         | 0         
47    | 3,480,928.68    | 1          | 5         
48    | 3,300,360.19    | 10         | 0         
49    | 3,291,967.98    | 3          | 5         
50    | 3,006,725.42    | 10         | 0         
51    | 2,914,883.32    | 10         | 0         
52    | 2,891,656.66    | 10         | 0         
53    | 2,887,980.42    | 0          | 5         
54    | 2,661,098.83    | 10         | 0         
55    | 2,648,741.47    | 4          | 5         
56    | 2,465,669.11    | 10         | 0         
57    | 2,463,633.95    | 3          | 5         
58    | 2,391,600.94    | 6          | 0         
59    | 2,391,501.81    | 0          | 5         
60    | 2,302,385.24    | 10         | 0         
61    | 2,300,605.30    | 3          | 5         
62    | 2,185,084.37    | 8          | 0         
63    | 2,185,084.37    | 0          | 5         
64    | 2,117,647.83    | 10         | 0         
65    | 2,113,369.46    | 6          | 0         
66    | 2,113,279.14    | 0          | 5         
67    | 2,056,771.23    | 10         | 0         
68    | 2,054,033.55    | 10         | 0         
69    | 2,050,306.74    | 6          | 0         
70    | 2,049,415.07    | 3          | 5         
71    | 2,011,074.27    | 10         | 0         
72    | 2,009,177.71    | 4          | 5         
73    | 1,979,175.69    | 2          | 5         
74    | 1,924,899.97    | 4          | 5         
75    | 1,869,249.04    | 2          | 5         
76    | 1,799,003.59    | 2          | 5         
77    | 1,752,167.62    | 10         | 0         
78    | 1,748,606.76    | 0          | 5         
79    | 1,700,724.51    | 5          | 5         
80    | 1,672,603.48    | 2          | 5         
81    | 1,638,181.18    | 2          | 5         
82    | 1,579,136.45    | 7          | 0         
83    | 1,578,836.24    | 0          | 5         
84    | 1,542,317.03    | 1          | 5         
85    | 1,525,489.06    | 2          | 5         
86    | 1,488,167.10    | 4          | 5         
87    | 1,468,981.77    | 2          | 5         
88    | 1,444,212.79    | 0          | 5         
89    | 1,425,107.30    | 2          | 5         
90    | 1,415,242.37    | 0          | 5         
91    | 1,386,931.69    | 0          | 5         
92    | 1,374,411.06    | 2          | 5         
93    | 1,346,223.26    | 2          | 5         
94    | 1,320,532.56    | 0          | 5         
95    | 1,288,664.41    | 4          | 5         
96    | 1,234,472.54    | 2          | 5         
97    | 1,207,399.54    | 0          | 5         
98    | 1,192,354.74    | 0          | 5         
99    | 1,114,663.56    | 0          | 5         
100   | 1,072,846.49    | 0          | 5         
101   | 1,068,788.57    | 4          | 5         
102   | 1,055,059.83    | 0          | 5         
103   | 1,042,886.05    | 2          | 5         
104   | 1,016,792.54    | 0          | 5         
105   | 993,973.63      | 2          | 5         
106   | 981,534.95      | 0          | 5         
107   | 977,692.87      | 0          | 5         
108   | 968,908.72      | 0          | 5         
109   | 962,815.21      | 0          | 5         
110   | 961,706.32      | 0          | 5         
111   | 961,550.89      | 0          | 5         
112   | 955,692.37      | 0          | 5         
113   | 948,850.17      | 0          | 5         
114   | 936,592.74      | 0          | 5         
115   | 919,920.70      | 0          | 5         
116   | 915,983.59      | 0          | 5         
117   | 897,211.66      | 0          | 5         
118   | 854,050.82      | 0          | 5         
119   | 843,638.53      | 0          | 5         
120   | 819,495.16      | 2          | 5         
121   | 792,416.86      | 0          | 5         
122   | 792,416.86      | 0          | 5         
123   | 783,573.40      | 0          | 5         
124   | 773,997.37      | 0          | 5         
125   | 771,900.89      | 0          | 5         
126   | 769,956.49      | 0          | 5         
127   | 769,956.49      | 0          | 5         
128   | 766,669.81      | 0          | 5         
129   | 762,521.36      | 0          | 5         
130   | 762,521.36      | 0          | 5         
131   | 760,682.60      | 0          | 5         
132   | 760,682.60      | 0          | 5         
133   | 760,493.98      | 0          | 5         
134   | 744,554.26      | 0          | 5         
135   | 739,277.86      | 0          | 5         
136   | 698,030.93      | 0          | 5         
137   | 678,478.62      | 0          | 5         
138   | 667,296.76      | 0          | 5         
139   | 650,174.94      | 0          | 5         
140   | 649,534.12      | 0          | 5         
141   | 637,726.89      | 0          | 5         
142   | 624,478.91      | 0          | 5         
143   | 624,478.91      | 0          | 5         
144   | 609,390.62      | 0          | 5         
145   | 608,601.49      | 0          | 5         
146   | 599,096.03      | 0          | 5         
147   | 599,096.03      | 0          | 5         
148   | 596,100.97      | 0          | 5         
149   | 596,100.97      | 0          | 5         
150   | 596,052.89      | 0          | 5         
151   | 595,797.10      | 0          | 5         
152   | 587,896.39      | 0          | 5         
153   | 580,840.38      | 0          | 5         
154   | 580,840.38      | 0          | 5         
155   | 580,840.38      | 0          | 5         
156   | 580,840.38      | 0          | 5         
157   | 579,425.63      | 0          | 5         
158   | 577,858.90      | 0          | 5         
159   | 569,249.37      | 0          | 5         
160   | 569,249.37      | 0          | 5         
161   | 569,249.37      | 0          | 5         
162   | 569,249.37      | 0          | 5         
163   | 569,249.37      | 0          | 5         
164   | 569,249.37      | 0          | 5         
165   | 569,197.67      | 0          | 5         
166   | 569,197.67      | 0          | 5         
167   | 567,845.61      | 0          | 5         
168   | 560,013.89      | 0          | 5         
169   | 560,013.89      | 0          | 5         
170   | 560,013.89      | 0          | 5         
171   | 560,013.89      | 0          | 5         
172   | 556,273.44      | 0          | 5         
173   | 556,273.44      | 0          | 5         
174   | 556,273.44      | 0          | 5         
175   | 556,273.44      | 0          | 3         
176   | 556,273.44      | 0          | 5         
177   | 556,273.44      | 0          | 5         
178   | 548,192.60      | 0          | 5         
179   | 548,192.60      | 0          | 5         
180   | 548,192.60      | 0          | 5         
181   | 548,192.60      | 0          | 5         
182   | 548,192.60      | 0          | 5         
183   | 548,192.60      | 0          | 5         
184   | 546,750.00      | 0          | 5         
185   | 540,271.88      | 0          | 5         
186   | 540,271.88      | 0          | 5         
187   | 540,271.88      | 0          | 5         
188   | 540,028.12      | 0          | 5         
189   | 540,028.12      | 0          | 5         
190   | 540,028.12      | 0          | 5         
191   | 539,890.63      | 0          | 5         
192   | 538,962.50      | 0          | 3         
193   | 538,962.50      | 0          | 3         
194   | 527,033.33      | 0          | 5         
195   | 527,033.33      | 0          | 3         
196   | 527,033.33      | 0          | 5         
197   | 527,033.33      | 0          | 5         
198   | 527,033.33      | 0          | 5         
199   | 527,033.33      | 0          | 3         
200   | 527,033.33      | 0          | 5         
201   | 527,033.33      | 0          | 5         
202   | 527,033.33      | 0          | 5         
203   | 527,033.33      | 0          | 5         
204   | 527,033.33      | 0          | 5         
205   | 527,033.33      | 0          | 5         
206   | 527,033.33      | 0          | 5         
207   | 527,033.33      | 0          | 5         
208   | 527,033.33      | 0          | 5         
209   | 527,033.33      | 0          | 5         
210   | 527,033.33      | 0          | 5         
211   | 527,033.33      | 0          | 5         
212   | 527,033.33      | 0          | 5         
213   | 527,033.33      | 0          | 5         
214   | 527,033.33      | 0          | 5         
215   | 527,033.33      | 0          | 5         
216   | 527,033.33      | 0          | 5         
217   | 527,033.33      | 0          | 5         
218   | 527,033.33      | 0          | 5         
219   | 527,033.33      | 0          | 5         
220   | 527,033.33      | 0          | 5         
221   | 527,033.33      | 0          | 5         
222   | 527,033.33      | 0          | 5         
223   | 527,033.33      | 0          | 5         
224   | 527,033.33      | 0          | 5         
225   | 527,033.33      | 0          | 5         
226   | 527,033.33      | 0          | 5         
227   | 527,033.33      | 0          | 5         
228   | 527,033.33      | 0          | 5         
229   | 527,033.33      | 0          | 5         
230   | 527,033.33      | 0          | 5         
231   | 527,033.33      | 0          | 5         
232   | 527,033.33      | 0          | 5         
233   | 527,033.33      | 0          | 5         
234   | 525,933.33      | 0          | 5         
235   | 525,933.33      | 0          | 5         
236   | 525,933.33      | 0          | 5         
237   | 525,588.88      | 0          | 5         
238   | 525,588.88      | 0          | 5         
239   | 525,588.88      | 0          | 5         
240   | 525,588.88      | 0          | 5         
241   | 525,588.88      | 0          | 5         
242   | 525,588.88      | 0          | 5         
243   | 525,588.88      | 0          | 5         
244   | 525,588.88      | 0          | 5         
245   | 525,588.88      | 0          | 5         
246   | 525,588.88      | 0          | 5         
247   | 525,588.88      | 0          | 5         
248   | 525,588.88      | 0          | 5         
249   | 525,588.88      | 0          | 5         
250   | 525,588.88      | 0          | 5         
251   | 525,588.88      | 0          | 5         
252   | 525,588.88      | 0          | 5         
253   | 525,588.88      | 0          | 5         
254   | 525,588.88      | 0          | 5         
255   | 525,588.88      | 0          | 5         
256   | 525,588.88      | 0          | 5         
257   | 525,588.88      | 0          | 5         
258   | 525,588.88      | 0          | 3         
259   | 525,588.88      | 0          | 5         
260   | 525,588.88      | 0          | 5         
261   | 525,588.88      | 0          | 5         
262   | 525,588.88      | 0          | 5         
263   | 525,588.88      | 0          | 5         
264   | 525,450.00      | 0          | 5         
265   | 525,450.00      | 0          | 5         
266   | 525,450.00      | 0          | 5         
267   | 525,450.00      | 0          | 5         
268   | 525,450.00      | 0          | 5         
269   | 525,450.00      | 0          | 5         
270   | 525,450.00      | 0          | 5         
271   | 525,450.00      | 0          | 5         
272   | 525,450.00      | 0          | 5         
273   | 525,450.00      | 0          | 5         
274   | 525,450.00      | 0          | 5         
275   | 525,450.00      | 0          | 5         
276   | 525,450.00      | 0          | 5         
277   | 525,450.00      | 0          | 5         
278   | 525,450.00      | 0          | 5         
279   | 525,450.00      | 0          | 5         
280   | 525,450.00      | 0          | 5         
281   | 525,033.33      | 0          | 3         
282   | 525,033.33      | 0          | 5         
283   | 525,033.33      | 0          | 5         
284   | 525,033.33      | 0          | 5         
285   | 525,033.33      | 0          | 5         
286   | 525,033.33      | 0          | 5         
287   | 525,033.33      | 0          | 5         
288   | 525,033.33      | 0          | 5         
289   | 525,033.33      | 0          | 5         
290   | 525,033.33      | 0          | 5         
291   | 525,033.33      | 0          | 4         
292   | 525,033.33      | 0          | 3         
293   | 525,033.33      | 0          | 3         
294   | 525,033.33      | 0          | 5         
295   | 525,033.33      | 0          | 2         
296   | 525,033.33      | 0          | 5         
297   | 525,033.33      | 0          | 3         
298   | 525,033.33      | 0          | 3         
299   | 525,033.33      | 0          | 3         
300   | 525,033.33      | 0          | 3         
301   | 525,033.33      | 0          | 2         
302   | 525,033.33      | 0          | 3         
303   | 525,033.33      | 0          | 2         
304   | 525,033.33      | 0          | 2         
305   | 525,033.33      | 0          | 2         
306   | 525,033.33      | 0          | 3         
307   | 525,033.33      | 0          | 5         
308   | 525,033.33      | 0          | 3         
309   | 525,033.33      | 0          | 3         
310   | 525,033.33      | 0          | 3         
311   | 525,033.33      | 0          | 3         
312   | 525,033.33      | 0          | 5         
313   | 525,033.33      | 0          | 3         
314   | 525,033.33      | 0          | 2         
315   | 525,033.33      | 0          | 3         
316   | 525,033.33      | 0          | 3         
317   | 525,033.33      | 0          | 3         
318   | 525,033.33      | 0          | 2         
319   | 525,033.33      | 0          | 2         
320   | 525,033.33      | 0          | 2         
321   | 525,033.33      | 0          | 2         
322   | 525,033.33      | 0          | 3         
323   | 525,033.33      | 0          | 4         
324   | 525,033.33      | 0          | 2         
325   | 525,033.33      | 0          | 5         
326   | 525,033.33      | 0          | 2         
327   | 525,033.33      | 0          | 2         
328   | 525,033.33      | 0          | 3         
329   | 525,033.33      | 0          | 3         
330   | 525,033.33      | 0          | 3         
331   | 525,033.33      | 0          | 5         
332   | 525,033.33      | 0          | 4         
333   | 525,033.33      | 0          | 3         
334   | 525,033.33      | 0          | 5         
335   | 525,033.33      | 0          | 5         
336   | 525,033.33      | 0          | 2         
337   | 525,033.33      | 0          | 5         
338   | 525,033.33      | 0          | 5         
339   | 525,033.33      | 0          | 5         
340   | 525,033.33      | 0          | 5         
341   | 525,033.33      | 0          | 5         
342   | 525,033.33      | 0          | 4         
343   | 525,033.33      | 0          | 5         
344   | 525,033.33      | 0          | 5         
345   | 525,033.33      | 0          | 3         
346   | 525,033.33      | 0          | 3         
347   | 525,033.33      | 0          | 3         
348   | 525,033.33      | 0          | 2         
349   | 525,033.33      | 0          | 2         
350   | 525,033.33      | 0          | 2         
351   | 525,033.33      | 0          | 5         
352   | 525,033.33      | 0          | 5         
353   | 525,033.33      | 0          | 3         
354   | 525,033.33      | 0          | 2         
355   | 525,033.33      | 0          | 5         
356   | 525,033.33      | 0          | 5         
357   | 525,033.33      | 0          | 5         
358   | 525,033.33      | 0          | 5         
359   | 525,033.33      | 0          | 5         
360   | 525,033.33      | 0          | 5         
361   | 525,033.33      | 0          | 5         
362   | 525,033.33      | 0          | 2         
363   | 525,033.33      | 0          | 3         
364   | 525,033.33      | 0          | 3         
365   | 525,033.33      | 0          | 2         
366   | 525,033.33      | 0          | 5         
367   | 525,033.33      | 0          | 3         
368   | 525,033.33      | 0          | 5         
369   | 525,033.33      | 0          | 3         
370   | 525,033.33      | 0          | 5         
371   | 525,033.33      | 0          | 3         
372   | 525,033.33      | 0          | 3         
373   | 525,033.33      | 0          | 4         
374   | 525,033.33      | 0          | 3         
375   | 525,033.33      | 0          | 4         
376   | 525,033.33      | 0          | 3         
377   | 525,033.33      | 0          | 1         
378   | 525,033.33      | 0          | 3         
379   | 525,033.33      | 0          | 5         
380   | 525,033.33      | 0          | 3         
381   | 525,033.33      | 0          | 3         
