==========================================================
 ANALYSIS REPORT: Week 7
==========================================================

1. Performance Metrics
----------------------
  Objective Value : 1,183,900.00
  RMP Relaxed Value (Root): 185,185.71
  Integrality Gap       : 539.3042 %
  Execution Time  : 334.9002 sec
  Iterations      : 400
  RMP Time  : 237.0161 s
  MIP Time  : 7.0994 s
  Pool Search Time: 0.0025 s
  Graph Search Time: 90.2130 s
  MIP Decision Variables: 1721 (Columns used in Final MIP)
  MIP Filtered Columns  : 0 (Removed before MIP)

2. Column Generation & Pool Statistics
--------------------------------------
  Total Columns Generated (History) : 1721
  Pool Hits (Reused from History)   : 0
  Graph Gen (Newly Created)         : 1711
  Pool Hit Rate                     : 0.0%

3. Shift Pattern Diversity (Unique Patterns)
------------------------------------------
  Type: TypeA  | Unique Patterns:  258 / Total Gen:  258
       -> Avg Length of Unique Patterns: 44.7 hours
  Type: TypeB  | Unique Patterns:  328 / Total Gen:  656
       -> Avg Length of Unique Patterns: 37.4 hours
  Type: TypeC  | Unique Patterns:  401 / Total Gen:  802
       -> Avg Length of Unique Patterns: 23.1 hours

4. Final Schedule Assignment Breakdown
--------------------------------------
  Emp 0  (TypeA): 45 hours worked
  Emp 1  (TypeB): 39 hours worked
  Emp 2  (TypeB): 40 hours worked
  Emp 3  (TypeC): 25 hours worked
  Emp 4  (TypeC): 25 hours worked

5. Iteration History (Convergence Log)
--------------------------------------
Iter  | RMP Obj Value   | Pool Hits  | Graph Gen 
--------------------------------------------------
1     | 111,012,000.00  | 0          | 5         
2     | 51,133,600.00   | 0          | 5         
3     | 21,180,200.00   | 0          | 5         
4     | 14,173,600.00   | 0          | 5         
5     | 13,425,025.00   | 0          | 5         
6     | 11,423,593.75   | 0          | 5         
7     | 8,124,111.71    | 0          | 5         
8     | 7,405,338.68    | 0          | 5         
9     | 6,392,863.06    | 0          | 5         
10    | 5,962,960.16    | 0          | 5         
11    | 5,513,680.70    | 0          | 5         
12    | 5,227,815.46    | 0          | 5         
13    | 4,947,865.34    | 0          | 5         
14    | 4,807,148.26    | 0          | 5         
15    | 4,499,908.08    | 0          | 5         
16    | 3,933,684.82    | 0          | 5         
17    | 3,407,148.98    | 0          | 5         
18    | 3,041,760.21    | 0          | 5         
19    | 2,730,767.45    | 0          | 5         
20    | 2,475,751.70    | 0          | 5         
21    | 2,341,214.85    | 0          | 5         
22    | 2,208,755.72    | 0          | 5         
23    | 2,069,128.02    | 0          | 5         
24    | 1,926,332.03    | 0          | 5         
25    | 1,806,224.40    | 0          | 5         
26    | 1,540,654.60    | 0          | 5         
27    | 1,190,087.38    | 0          | 5         
28    | 1,098,775.18    | 0          | 5         
29    | 968,562.70      | 0          | 5         
30    | 850,729.54      | 0          | 5         
31    | 844,763.55      | 0          | 5         
32    | 815,461.34      | 0          | 5         
33    | 786,818.60      | 0          | 5         
34    | 771,500.27      | 0          | 5         
35    | 768,790.36      | 0          | 5         
36    | 764,969.30      | 0          | 5         
37    | 764,812.82      | 0          | 5         
38    | 724,939.00      | 0          | 5         
39    | 701,031.17      | 0          | 5         
40    | 691,824.93      | 0          | 5         
41    | 617,848.17      | 0          | 5         
42    | 604,281.68      | 0          | 5         
43    | 575,875.60      | 0          | 5         
44    | 534,589.14      | 0          | 5         
45    | 504,951.50      | 0          | 5         
46    | 471,941.25      | 0          | 5         
47    | 460,108.54      | 0          | 5         
48    | 434,195.50      | 0          | 5         
49    | 434,120.72      | 0          | 5         
50    | 423,064.50      | 0          | 5         
51    | 389,110.65      | 0          | 5         
52    | 373,534.85      | 0          | 5         
53    | 288,022.58      | 0          | 5         
54    | 236,474.08      | 0          | 5         
55    | 191,303.14      | 0          | 5         
56    | 191,218.13      | 0          | 5         
57    | 190,848.38      | 0          | 5         
58    | 190,718.69      | 0          | 5         
59    | 190,682.53      | 0          | 5         
60    | 190,682.53      | 0          | 5         
61    | 190,648.80      | 0          | 5         
62    | 190,648.80      | 0          | 5         
63    | 190,642.83      | 0          | 5         
64    | 190,616.84      | 0          | 5         
65    | 190,616.38      | 0          | 5         
66    | 189,614.30      | 0          | 5         
67    | 189,488.56      | 0          | 5         
68    | 189,407.26      | 0          | 5         
69    | 189,356.11      | 0          | 5         
70    | 189,253.86      | 0          | 5         
71    | 189,156.76      | 0          | 5         
72    | 189,101.22      | 0          | 5         
73    | 189,089.53      | 0          | 5         
74    | 189,089.53      | 0          | 5         
75    | 189,071.25      | 0          | 5         
76    | 189,037.83      | 0          | 5         
77    | 188,864.66      | 0          | 5         
78    | 188,360.93      | 0          | 5         
79    | 188,359.66      | 0          | 5         
80    | 188,262.72      | 0          | 5         
81    | 188,185.72      | 0          | 5         
82    | 188,185.42      | 0          | 5         
83    | 188,131.28      | 0          | 5         
84    | 187,866.88      | 0          | 5         
85    | 186,926.09      | 0          | 5         
86    | 186,782.06      | 0          | 5         
87    | 186,682.36      | 0          | 5         
88    | 186,675.08      | 0          | 5         
89    | 186,403.41      | 0          | 5         
90    | 186,315.76      | 0          | 5         
91    | 186,294.09      | 0          | 5         
92    | 186,294.09      | 0          | 5         
93    | 186,293.79      | 0          | 5         
94    | 186,215.92      | 0          | 5         
95    | 186,215.92      | 0          | 5         
96    | 186,215.92      | 0          | 5         
97    | 186,215.92      | 0          | 5         
98    | 186,215.92      | 0          | 5         
99    | 186,215.92      | 0          | 5         
100   | 186,214.41      | 0          | 5         
101   | 186,214.41      | 0          | 5         
102   | 186,214.41      | 0          | 5         
103   | 186,206.81      | 0          | 5         
104   | 186,206.81      | 0          | 5         
105   | 186,151.24      | 0          | 5         
106   | 186,150.07      | 0          | 5         
107   | 186,150.07      | 0          | 5         
108   | 186,134.96      | 0          | 5         
109   | 186,134.96      | 0          | 5         
110   | 186,116.67      | 0          | 5         
111   | 186,116.67      | 0          | 5         
112   | 186,107.07      | 0          | 5         
113   | 186,107.07      | 0          | 5         
114   | 186,106.16      | 0          | 5         
115   | 186,100.41      | 0          | 5         
116   | 186,086.14      | 0          | 5         
117   | 186,086.14      | 0          | 5         
118   | 186,086.14      | 0          | 5         
119   | 186,084.46      | 0          | 5         
120   | 186,084.46      | 0          | 5         
121   | 185,973.48      | 0          | 5         
122   | 185,973.48      | 0          | 5         
123   | 185,750.00      | 0          | 5         
124   | 185,705.99      | 0          | 5         
125   | 185,705.71      | 0          | 5         
126   | 185,569.58      | 0          | 5         
127   | 185,569.58      | 0          | 5         
128   | 185,569.58      | 0          | 5         
129   | 185,569.58      | 0          | 5         
130   | 185,375.00      | 0          | 5         
131   | 185,375.00      | 0          | 5         
132   | 185,375.00      | 0          | 5         
133   | 185,375.00      | 0          | 5         
134   | 185,375.00      | 0          | 5         
135   | 185,375.00      | 0          | 5         
136   | 185,375.00      | 0          | 5         
137   | 185,375.00      | 0          | 5         
138   | 185,375.00      | 0          | 5         
139   | 185,375.00      | 0          | 5         
140   | 185,375.00      | 0          | 5         
141   | 185,375.00      | 0          | 5         
142   | 185,375.00      | 0          | 5         
143   | 185,375.00      | 0          | 5         
144   | 185,375.00      | 0          | 3         
145   | 185,375.00      | 0          | 5         
146   | 185,375.00      | 0          | 5         
147   | 185,375.00      | 0          | 5         
148   | 185,375.00      | 0          | 5         
149   | 185,375.00      | 0          | 5         
150   | 185,375.00      | 0          | 5         
151   | 185,375.00      | 0          | 5         
152   | 185,375.00      | 0          | 5         
153   | 185,375.00      | 0          | 5         
154   | 185,375.00      | 0          | 3         
155   | 185,375.00      | 0          | 2         
156   | 185,375.00      | 0          | 3         
157   | 185,375.00      | 0          | 4         
158   | 185,375.00      | 0          | 5         
159   | 185,375.00      | 0          | 5         
160   | 185,375.00      | 0          | 5         
161   | 185,375.00      | 0          | 3         
162   | 185,375.00      | 0          | 3         
163   | 185,375.00      | 0          | 5         
164   | 185,375.00      | 0          | 5         
165   | 185,375.00      | 0          | 4         
166   | 185,375.00      | 0          | 5         
167   | 185,375.00      | 0          | 5         
168   | 185,375.00      | 0          | 2         
169   | 185,375.00      | 0          | 5         
170   | 185,375.00      | 0          | 5         
171   | 185,375.00      | 0          | 5         
172   | 185,375.00      | 0          | 5         
173   | 185,375.00      | 0          | 5         
174   | 185,375.00      | 0          | 5         
175   | 185,375.00      | 0          | 5         
176   | 185,375.00      | 0          | 5         
177   | 185,375.00      | 0          | 5         
178   | 185,375.00      | 0          | 5         
179   | 185,375.00      | 0          | 5         
180   | 185,375.00      | 0          | 5         
181   | 185,368.32      | 0          | 5         
182   | 185,368.32      | 0          | 5         
183   | 185,368.32      | 0          | 5         
184   | 185,368.32      | 0          | 5         
185   | 185,368.32      | 0          | 5         
186   | 185,368.32      | 0          | 5         
187   | 185,324.35      | 0          | 5         
188   | 185,324.35      | 0          | 5         
189   | 185,324.35      | 0          | 5         
190   | 185,324.35      | 0          | 5         
191   | 185,303.09      | 0          | 5         
192   | 185,303.09      | 0          | 5         
193   | 185,303.09      | 0          | 5         
194   | 185,288.06      | 0          | 5         
195   | 185,288.06      | 0          | 5         
196   | 185,288.06      | 0          | 5         
197   | 185,276.27      | 0          | 5         
198   | 185,276.27      | 0          | 5         
199   | 185,276.27      | 0          | 5         
200   | 185,276.27      | 0          | 4         
201   | 185,276.27      | 0          | 4         
202   | 185,276.27      | 0          | 5         
203   | 185,276.27      | 0          | 5         
204   | 185,276.09      | 0          | 5         
205   | 185,276.09      | 0          | 5         
206   | 185,276.09      | 0          | 4         
207   | 185,276.09      | 0          | 2         
208   | 185,276.09      | 0          | 5         
209   | 185,276.09      | 0          | 3         
210   | 185,276.09      | 0          | 3         
211   | 185,276.09      | 0          | 5         
212   | 185,276.09      | 0          | 5         
213   | 185,276.09      | 0          | 4         
214   | 185,276.09      | 0          | 4         
215   | 185,276.09      | 0          | 4         
216   | 185,276.09      | 0          | 4         
217   | 185,276.09      | 0          | 5         
218   | 185,276.09      | 0          | 5         
219   | 185,276.09      | 0          | 4         
220   | 185,276.09      | 0          | 5         
221   | 185,276.09      | 0          | 3         
222   | 185,276.09      | 0          | 5         
223   | 185,276.09      | 0          | 5         
224   | 185,276.09      | 0          | 2         
225   | 185,276.09      | 0          | 5         
226   | 185,276.09      | 0          | 4         
227   | 185,276.09      | 0          | 4         
228   | 185,276.09      | 0          | 5         
229   | 185,276.09      | 0          | 4         
230   | 185,276.09      | 0          | 2         
231   | 185,276.09      | 0          | 5         
232   | 185,276.09      | 0          | 5         
233   | 185,276.09      | 0          | 3         
234   | 185,276.09      | 0          | 5         
235   | 185,276.09      | 0          | 5         
236   | 185,276.09      | 0          | 5         
237   | 185,276.09      | 0          | 5         
238   | 185,276.09      | 0          | 5         
239   | 185,276.09      | 0          | 4         
240   | 185,276.09      | 0          | 5         
241   | 185,276.09      | 0          | 4         
242   | 185,276.09      | 0          | 4         
243   | 185,276.09      | 0          | 5         
244   | 185,276.09      | 0          | 5         
245   | 185,276.09      | 0          | 5         
246   | 185,276.09      | 0          | 5         
247   | 185,276.09      | 0          | 5         
248   | 185,276.09      | 0          | 3         
249   | 185,276.09      | 0          | 2         
250   | 185,276.09      | 0          | 2         
251   | 185,276.09      | 0          | 5         
252   | 185,276.09      | 0          | 4         
253   | 185,276.09      | 0          | 4         
254   | 185,276.09      | 0          | 2         
255   | 185,276.09      | 0          | 3         
256   | 185,276.09      | 0          | 5         
257   | 185,276.09      | 0          | 5         
258   | 185,276.09      | 0          | 2         
259   | 185,276.09      | 0          | 5         
260   | 185,276.09      | 0          | 5         
261   | 185,276.09      | 0          | 4         
262   | 185,276.09      | 0          | 4         
263   | 185,276.09      | 0          | 2         
264   | 185,276.09      | 0          | 4         
265   | 185,276.09      | 0          | 4         
266   | 185,276.09      | 0          | 2         
267   | 185,276.09      | 0          | 4         
268   | 185,276.09      | 0          | 4         
269   | 185,276.09      | 0          | 4         
270   | 185,276.09      | 0          | 4         
271   | 185,276.09      | 0          | 5         
272   | 185,276.09      | 0          | 2         
273   | 185,276.09      | 0          | 2         
274   | 185,276.09      | 0          | 4         
275   | 185,276.09      | 0          | 2         
276   | 185,276.09      | 0          | 2         
277   | 185,276.09      | 0          | 5         
278   | 185,276.09      | 0          | 4         
279   | 185,276.09      | 0          | 4         
280   | 185,276.09      | 0          | 3         
281   | 185,276.09      | 0          | 5         
282   | 185,276.09      | 0          | 4         
283   | 185,276.09      | 0          | 5         
284   | 185,276.09      | 0          | 2         
285   | 185,276.09      | 0          | 3         
286   | 185,276.09      | 0          | 2         
287   | 185,276.09      | 0          | 2         
288   | 185,276.09      | 0          | 5         
289   | 185,276.09      | 0          | 4         
290   | 185,276.09      | 0          | 5         
291   | 185,276.09      | 0          | 3         
292   | 185,276.09      | 0          | 5         
293   | 185,276.09      | 0          | 4         
294   | 185,276.09      | 0          | 5         
295   | 185,276.09      | 0          | 2         
296   | 185,276.09      | 0          | 4         
297   | 185,276.09      | 0          | 2         
298   | 185,276.09      | 0          | 2         
299   | 185,276.09      | 0          | 4         
300   | 185,276.09      | 0          | 4         
301   | 185,276.09      | 0          | 4         
302   | 185,276.09      | 0          | 4         
303   | 185,276.09      | 0          | 4         
304   | 185,276.09      | 0          | 4         
305   | 185,276.09      | 0          | 2         
306   | 185,276.09      | 0          | 4         
307   | 185,276.09      | 0          | 2         
308   | 185,276.09      | 0          | 3         
309   | 185,276.09      | 0          | 5         
310   | 185,276.09      | 0          | 5         
311   | 185,276.09      | 0          | 4         
312   | 185,276.09      | 0          | 3         
313   | 185,276.09      | 0          | 3         
314   | 185,276.09      | 0          | 2         
315   | 185,276.09      | 0          | 4         
316   | 185,276.09      | 0          | 4         
317   | 185,276.09      | 0          | 5         
318   | 185,276.09      | 0          | 2         
319   | 185,276.09      | 0          | 2         
320   | 185,276.09      | 0          | 4         
321   | 185,276.09      | 0          | 4         
322   | 185,276.09      | 0          | 4         
323   | 185,276.09      | 0          | 2         
324   | 185,276.09      | 0          | 5         
325   | 185,276.09      | 0          | 4         
326   | 185,276.09      | 0          | 4         
327   | 185,276.09      | 0          | 3         
328   | 185,276.09      | 0          | 4         
329   | 185,276.09      | 0          | 2         
330   | 185,276.09      | 0          | 4         
331   | 185,276.09      | 0          | 4         
332   | 185,276.09      | 0          | 3         
333   | 185,259.80      | 0          | 2         
334   | 185,259.80      | 0          | 4         
335   | 185,259.80      | 0          | 5         
336   | 185,259.80      | 0          | 5         
337   | 185,259.80      | 0          | 2         
338   | 185,259.80      | 0          | 2         
339   | 185,259.80      | 0          | 5         
340   | 185,259.80      | 0          | 4         
341   | 185,259.80      | 0          | 4         
342   | 185,259.80      | 0          | 4         
343   | 185,259.80      | 0          | 2         
344   | 185,259.80      | 0          | 4         
345   | 185,259.80      | 0          | 4         
346   | 185,259.80      | 0          | 4         
347   | 185,259.80      | 0          | 4         
348   | 185,259.80      | 0          | 4         
349   | 185,259.80      | 0          | 4         
350   | 185,259.80      | 0          | 2         
351   | 185,259.80      | 0          | 2         
352   | 185,259.80      | 0          | 4         
353   | 185,259.80      | 0          | 4         
354   | 185,259.80      | 0          | 4         
355   | 185,259.80      | 0          | 2         
356   | 185,259.80      | 0          | 2         
357   | 185,259.80      | 0          | 4         
358   | 185,259.80      | 0          | 2         
359   | 185,259.80      | 0          | 2         
360   | 185,259.80      | 0          | 4         
361   | 185,259.80      | 0          | 4         
362   | 185,259.80      | 0          | 4         
363   | 185,259.80      | 0          | 4         
364   | 185,259.80      | 0          | 4         
365   | 185,259.80      | 0          | 4         
366   | 185,259.80      | 0          | 2         
367   | 185,259.80      | 0          | 4         
368   | 185,259.80      | 0          | 4         
369   | 185,259.80      | 0          | 2         
370   | 185,259.80      | 0          | 4         
371   | 185,259.80      | 0          | 2         
372   | 185,259.80      | 0          | 4         
373   | 185,250.93      | 0          | 4         
374   | 185,250.93      | 0          | 2         
375   | 185,250.93      | 0          | 2         
376   | 185,250.93      | 0          | 4         
377   | 185,250.93      | 0          | 4         
378   | 185,250.93      | 0          | 2         
379   | 185,250.93      | 0          | 4         
380   | 185,250.93      | 0          | 4         
381   | 185,250.93      | 0          | 4         
382   | 185,250.93      | 0          | 4         
383   | 185,250.93      | 0          | 2         
384   | 185,250.93      | 0          | 2         
385   | 185,250.93      | 0          | 2         
386   | 185,250.93      | 0          | 4         
387   | 185,250.93      | 0          | 2         
388   | 185,250.93      | 0          | 2         
389   | 185,250.93      | 0          | 2         
390   | 185,250.93      | 0          | 4         
391   | 185,250.93      | 0          | 3         
392   | 185,250.93      | 0          | 4         
393   | 185,250.93      | 0          | 2         
394   | 185,250.93      | 0          | 4         
395   | 185,250.93      | 0          | 4         
396   | 185,250.93      | 0          | 4         
397   | 185,250.93      | 0          | 2         
398   | 185,185.71      | 0          | 4         
399   | 185,185.71      | 0          | 4         
400   | 185,185.71      | 0          | 2         
