==========================================================
 ANALYSIS REPORT: Week 19
==========================================================

1. Performance Metrics
----------------------
  Objective Value : 3,194,600.00
  RMP Relaxed Value (Root): 1,183,565.53
  Integrality Gap       : 169.9132 %
  Execution Time  : 41.4908 sec
  Iterations      : 99
  RMP Time  : 17.4859 s
  MIP Time  : 1.5373 s
  Pool Search Time: 0.0005 s
  Graph Search Time: 22.4010 s
  MIP Decision Variables: 113 (Columns used in Final MIP)
  MIP Filtered Columns  : 392 (Removed before MIP)

2. Column Generation & Pool Statistics
--------------------------------------
  Total Columns Generated (History) : 505
  Pool Hits (Reused from History)   : 0
  Graph Gen (Newly Created)         : 495
  Pool Hit Rate                     : 0.0%

3. Shift Pattern Diversity (Unique Patterns)
------------------------------------------
  Type: TypeA  | Unique Patterns:  100 / Total Gen:  100
       -> Avg Length of Unique Patterns: 46.9 hours
  Type: TypeB  | Unique Patterns:  100 / Total Gen:  200
       -> Avg Length of Unique Patterns: 35.1 hours
  Type: TypeC  | Unique Patterns:  100 / Total Gen:  200
       -> Avg Length of Unique Patterns: 23.9 hours

4. Final Schedule Assignment Breakdown
--------------------------------------
  Emp 0  (TypeA): 48 hours worked
  Emp 1  (TypeB): 37 hours worked
  Emp 2  (TypeB): 39 hours worked
  Emp 3  (TypeC): 27 hours worked
  Emp 4  (TypeC): 25 hours worked

5. Iteration History (Convergence Log)
--------------------------------------
Iter  | RMP Obj Value   | Pool Hits  | Graph Gen 
--------------------------------------------------
1     | 106,012,000.00  | 0          | 5         
2     | 44,138,900.00   | 0          | 5         
3     | 24,172,800.00   | 0          | 5         
4     | 13,193,050.00   | 0          | 5         
5     | 7,187,050.00    | 0          | 5         
6     | 6,686,700.00    | 0          | 5         
7     | 6,686,700.00    | 0          | 5         
8     | 6,585,780.00    | 0          | 5         
9     | 6,003,442.02    | 0          | 5         
10    | 5,339,007.70    | 0          | 5         
11    | 5,051,705.39    | 0          | 5         
12    | 4,923,232.53    | 0          | 5         
13    | 4,774,135.10    | 0          | 5         
14    | 4,595,873.44    | 0          | 5         
15    | 4,407,633.77    | 0          | 5         
16    | 4,353,958.76    | 0          | 5         
17    | 4,236,842.97    | 0          | 5         
18    | 4,111,699.31    | 0          | 5         
19    | 3,928,405.57    | 0          | 5         
20    | 3,840,643.86    | 0          | 5         
21    | 3,748,533.23    | 0          | 5         
22    | 3,529,091.24    | 0          | 5         
23    | 3,390,256.12    | 0          | 5         
24    | 3,237,955.77    | 0          | 5         
25    | 2,982,961.23    | 0          | 5         
26    | 2,832,837.15    | 0          | 5         
27    | 2,702,330.15    | 0          | 5         
28    | 2,646,066.06    | 0          | 5         
29    | 2,603,659.35    | 0          | 5         
30    | 2,553,371.04    | 0          | 5         
31    | 2,454,592.35    | 0          | 5         
32    | 2,397,672.46    | 0          | 5         
33    | 2,295,160.78    | 0          | 5         
34    | 2,219,497.70    | 0          | 5         
35    | 2,157,805.14    | 0          | 5         
36    | 2,048,369.31    | 0          | 5         
37    | 2,001,125.12    | 0          | 5         
38    | 1,924,433.38    | 0          | 5         
39    | 1,807,613.55    | 0          | 5         
40    | 1,773,246.13    | 0          | 5         
41    | 1,746,760.11    | 0          | 5         
42    | 1,721,986.66    | 0          | 5         
43    | 1,665,125.25    | 0          | 5         
44    | 1,640,338.67    | 0          | 5         
45    | 1,608,266.18    | 0          | 5         
46    | 1,556,054.21    | 0          | 5         
47    | 1,508,102.94    | 0          | 5         
48    | 1,473,210.17    | 0          | 5         
49    | 1,445,364.11    | 0          | 5         
50    | 1,418,568.19    | 0          | 5         
51    | 1,389,747.98    | 0          | 5         
52    | 1,378,320.51    | 0          | 5         
53    | 1,366,741.39    | 0          | 5         
54    | 1,350,609.21    | 0          | 5         
55    | 1,336,386.12    | 0          | 5         
56    | 1,320,270.15    | 0          | 5         
57    | 1,292,659.35    | 0          | 5         
58    | 1,270,732.17    | 0          | 5         
59    | 1,248,454.76    | 0          | 5         
60    | 1,228,858.04    | 0          | 5         
61    | 1,205,878.10    | 0          | 5         
62    | 1,202,683.77    | 0          | 5         
63    | 1,198,979.22    | 0          | 5         
64    | 1,194,503.42    | 0          | 5         
65    | 1,193,184.82    | 0          | 5         
66    | 1,193,021.59    | 0          | 5         
67    | 1,192,309.89    | 0          | 5         
68    | 1,191,919.92    | 0          | 5         
69    | 1,191,161.44    | 0          | 5         
70    | 1,189,967.89    | 0          | 5         
71    | 1,189,832.65    | 0          | 5         
72    | 1,189,586.14    | 0          | 5         
73    | 1,189,491.53    | 0          | 5         
74    | 1,189,130.86    | 0          | 5         
75    | 1,189,130.86    | 0          | 5         
76    | 1,187,938.44    | 0          | 5         
77    | 1,187,938.44    | 0          | 5         
78    | 1,187,458.96    | 0          | 5         
79    | 1,187,420.40    | 0          | 5         
80    | 1,187,420.40    | 0          | 5         
81    | 1,187,272.10    | 0          | 5         
82    | 1,187,084.97    | 0          | 5         
83    | 1,186,835.63    | 0          | 5         
84    | 1,186,835.63    | 0          | 5         
85    | 1,185,625.96    | 0          | 5         
86    | 1,185,126.72    | 0          | 5         
87    | 1,184,841.93    | 0          | 5         
88    | 1,184,777.59    | 0          | 5         
89    | 1,184,777.59    | 0          | 5         
90    | 1,184,539.89    | 0          | 5         
91    | 1,184,496.37    | 0          | 5         
92    | 1,184,166.39    | 0          | 5         
93    | 1,184,044.34    | 0          | 5         
94    | 1,184,002.89    | 0          | 5         
95    | 1,183,842.32    | 0          | 5         
96    | 1,183,688.89    | 0          | 5         
97    | 1,183,610.04    | 0          | 5         
98    | 1,183,610.04    | 0          | 5         
99    | 1,183,565.53    | 0          | 5         
