==========================================================
 ANALYSIS REPORT: Week 25
==========================================================

1. Performance Metrics
----------------------
  Objective Value : 5,699,600.00
  Execution Time  : 901.5840 sec
  Iterations      : 157
  RMP Time (LP)   : 158.8232 s
  RMP Time (MIP)  : 600.7095 s
  Pool Search Time: 0.0010 s
  Graph Search Time: 141.6974 s
  MIP Decision Variables: 1196 (Columns used in Final MIP)
  MIP Filtered Columns  : 1984 (Removed before MIP)

2. Column Generation & Pool Statistics
--------------------------------------
  Total Columns Generated (History) : 3180
  Pool Hits (Reused from History)   : 0
  Graph Gen (Newly Created)         : 3140
  Pool Hit Rate                     : 0.0%

3. Shift Pattern Diversity (Unique Patterns)
------------------------------------------
  Type: TypeA  | Unique Patterns:  158 / Total Gen:  632
       -> Avg Length of Unique Patterns: 45.2 hours
  Type: TypeB  | Unique Patterns:  158 / Total Gen: 1264
       -> Avg Length of Unique Patterns: 33.4 hours
  Type: TypeC  | Unique Patterns:  158 / Total Gen: 1264
       -> Avg Length of Unique Patterns: 22.2 hours

4. Final Schedule Assignment Breakdown
--------------------------------------
  Emp 0  (TypeA): 47 hours worked
  Emp 1  (TypeA): 47 hours worked
  Emp 2  (TypeA): 49 hours worked
  Emp 3  (TypeA): 47 hours worked
  Emp 4  (TypeB): 37 hours worked
  Emp 5  (TypeB): 38 hours worked
  Emp 6  (TypeB): 39 hours worked
  Emp 7  (TypeB): 39 hours worked
  Emp 8  (TypeB): 39 hours worked
  Emp 9  (TypeB): 34 hours worked
  Emp 10 (TypeB): 36 hours worked
  Emp 11 (TypeB): 32 hours worked
  Emp 12 (TypeC): 20 hours worked
  Emp 13 (TypeC): 21 hours worked
  Emp 14 (TypeC): 22 hours worked
  Emp 15 (TypeC): 25 hours worked
  Emp 16 (TypeC): 20 hours worked
  Emp 17 (TypeC): 22 hours worked
  Emp 18 (TypeC): 26 hours worked
  Emp 19 (TypeC): 23 hours worked

5. Iteration History (Convergence Log)
--------------------------------------
Iter  | RMP Obj Value   | Pool Hits  | Graph Gen 
--------------------------------------------------
1     | 570,052,000.00  | 0          | 20        
2     | 311,573,700.00  | 0          | 20        
3     | 126,797,500.00  | 0          | 20        
4     | 56,801,700.00   | 0          | 20        
5     | 39,294,650.00   | 0          | 20        
6     | 28,791,800.00   | 0          | 20        
7     | 23,787,266.51   | 0          | 20        
8     | 17,068,228.61   | 0          | 20        
9     | 12,785,580.00   | 0          | 20        
10    | 10,650,130.21   | 0          | 20        
11    | 9,599,387.52    | 0          | 20        
12    | 7,495,220.50    | 0          | 20        
13    | 5,945,885.71    | 0          | 20        
14    | 4,847,189.09    | 0          | 20        
15    | 3,595,232.92    | 0          | 20        
16    | 2,514,922.83    | 0          | 20        
17    | 1,818,373.04    | 0          | 20        
18    | 1,070,388.10    | 0          | 20        
19    | 772,845.67      | 0          | 20        
20    | 768,725.27      | 0          | 20        
21    | 763,494.64      | 0          | 20        
22    | 757,813.57      | 0          | 20        
23    | 751,686.02      | 0          | 20        
24    | 747,771.10      | 0          | 20        
25    | 743,634.94      | 0          | 20        
26    | 739,638.63      | 0          | 20        
27    | 737,915.97      | 0          | 20        
28    | 734,836.90      | 0          | 20        
29    | 732,193.06      | 0          | 20        
30    | 730,652.39      | 0          | 20        
31    | 728,795.82      | 0          | 20        
32    | 726,625.13      | 0          | 20        
33    | 724,753.18      | 0          | 20        
34    | 723,255.93      | 0          | 20        
35    | 722,297.75      | 0          | 20        
36    | 721,031.73      | 0          | 20        
37    | 719,755.50      | 0          | 20        
38    | 718,196.86      | 0          | 20        
39    | 716,591.93      | 0          | 20        
40    | 715,217.90      | 0          | 20        
41    | 713,961.85      | 0          | 20        
42    | 712,369.15      | 0          | 20        
43    | 710,219.11      | 0          | 20        
44    | 707,751.44      | 0          | 20        
45    | 705,818.87      | 0          | 20        
46    | 704,522.78      | 0          | 20        
47    | 703,438.46      | 0          | 20        
48    | 702,847.08      | 0          | 20        
49    | 701,722.19      | 0          | 20        
50    | 699,596.44      | 0          | 20        
51    | 697,329.72      | 0          | 20        
52    | 695,575.32      | 0          | 20        
53    | 692,794.98      | 0          | 20        
54    | 691,705.07      | 0          | 20        
55    | 691,183.37      | 0          | 20        
56    | 690,518.47      | 0          | 20        
57    | 689,809.39      | 0          | 20        
58    | 689,130.14      | 0          | 20        
59    | 688,565.99      | 0          | 20        
60    | 688,065.46      | 0          | 20        
61    | 687,493.14      | 0          | 20        
62    | 686,826.28      | 0          | 20        
63    | 686,391.74      | 0          | 20        
64    | 685,957.64      | 0          | 20        
65    | 685,517.37      | 0          | 20        
66    | 684,912.99      | 0          | 20        
67    | 684,343.82      | 0          | 20        
68    | 683,795.04      | 0          | 20        
69    | 683,168.76      | 0          | 20        
70    | 682,702.01      | 0          | 20        
71    | 682,287.67      | 0          | 20        
72    | 681,906.63      | 0          | 20        
73    | 681,647.40      | 0          | 20        
74    | 681,105.25      | 0          | 20        
75    | 680,507.45      | 0          | 20        
76    | 679,854.43      | 0          | 20        
77    | 679,326.26      | 0          | 20        
78    | 678,645.75      | 0          | 20        
79    | 678,438.78      | 0          | 20        
80    | 678,180.75      | 0          | 20        
81    | 677,915.24      | 0          | 20        
82    | 677,685.13      | 0          | 20        
83    | 677,426.72      | 0          | 20        
84    | 677,149.03      | 0          | 20        
85    | 676,838.48      | 0          | 20        
86    | 676,578.32      | 0          | 20        
87    | 675,957.59      | 0          | 20        
88    | 675,530.93      | 0          | 20        
89    | 675,328.05      | 0          | 20        
90    | 675,047.56      | 0          | 20        
91    | 674,803.42      | 0          | 20        
92    | 674,565.82      | 0          | 20        
93    | 674,229.28      | 0          | 20        
94    | 674,057.87      | 0          | 20        
95    | 673,510.72      | 0          | 20        
96    | 672,651.09      | 0          | 20        
97    | 672,002.18      | 0          | 20        
98    | 671,471.69      | 0          | 20        
99    | 671,089.18      | 0          | 20        
100   | 670,994.34      | 0          | 20        
101   | 670,718.49      | 0          | 20        
102   | 670,266.04      | 0          | 20        
103   | 669,817.94      | 0          | 20        
104   | 669,582.76      | 0          | 20        
105   | 669,323.26      | 0          | 20        
106   | 668,986.39      | 0          | 20        
107   | 668,719.60      | 0          | 20        
108   | 668,528.46      | 0          | 20        
109   | 668,294.61      | 0          | 20        
110   | 668,061.78      | 0          | 20        
111   | 667,950.49      | 0          | 20        
112   | 667,805.20      | 0          | 20        
113   | 667,717.56      | 0          | 20        
114   | 667,592.64      | 0          | 20        
115   | 667,414.22      | 0          | 20        
116   | 667,260.41      | 0          | 20        
117   | 667,080.39      | 0          | 20        
118   | 666,931.35      | 0          | 20        
119   | 666,837.10      | 0          | 20        
120   | 666,753.26      | 0          | 20        
121   | 666,607.28      | 0          | 20        
122   | 666,424.19      | 0          | 20        
123   | 666,241.07      | 0          | 20        
124   | 666,142.30      | 0          | 20        
125   | 666,069.57      | 0          | 20        
126   | 666,019.08      | 0          | 20        
127   | 665,967.36      | 0          | 20        
128   | 665,892.30      | 0          | 20        
129   | 665,833.30      | 0          | 20        
130   | 665,476.91      | 0          | 20        
131   | 665,269.41      | 0          | 20        
132   | 665,026.50      | 0          | 20        
133   | 664,642.40      | 0          | 20        
134   | 664,499.10      | 0          | 20        
135   | 664,332.66      | 0          | 20        
136   | 663,910.36      | 0          | 20        
137   | 663,824.55      | 0          | 20        
138   | 663,577.84      | 0          | 20        
139   | 663,486.46      | 0          | 20        
140   | 663,368.47      | 0          | 20        
141   | 663,264.89      | 0          | 20        
142   | 663,168.06      | 0          | 20        
143   | 663,016.61      | 0          | 20        
144   | 662,859.08      | 0          | 20        
145   | 662,756.86      | 0          | 20        
146   | 662,670.82      | 0          | 20        
147   | 662,549.95      | 0          | 20        
148   | 662,426.86      | 0          | 20        
149   | 662,400.92      | 0          | 20        
150   | 662,239.52      | 0          | 20        
151   | 662,060.32      | 0          | 20        
152   | 661,928.01      | 0          | 20        
153   | 661,815.79      | 0          | 20        
154   | 661,745.90      | 0          | 20        
155   | 661,687.10      | 0          | 20        
156   | 661,501.80      | 0          | 20        
157   | 661,409.59      | 0          | 20        
