==========================================================
 ANALYSIS REPORT: Week 2
==========================================================

1. Performance Metrics
----------------------
  Objective Value : 5,729,200.00
  RMP Relaxed Value (Root): 683,550.00
  Integrality Gap       : 738.1538 %
  MIP Best Bound (Final)  : 684,493.00
  Final MIP Gap           : 736.9991 %
  Execution Time  : 4933.7513 sec
  Iterations      : 365
  RMP Time  : 1009.8458 s
  MIP Time  : 3604.7870 s
  Pool Search Time: 0.0024 s
  Graph Search Time: 317.4409 s
  MIP Decision Variables: 7216 (Columns used in Final MIP)
  MIP Filtered Columns  : 0 (Removed before MIP)

2. Column Generation & Pool Statistics
--------------------------------------
  Total Columns Generated (History) : 7216
  Pool Hits (Reused from History)   : 0
  Graph Gen (Newly Created)         : 7176
  Pool Hit Rate                     : 0.0%

3. Shift Pattern Diversity (Unique Patterns)
------------------------------------------
  Type: TypeA  | Unique Patterns:  341 / Total Gen: 1364
       -> Avg Length of Unique Patterns: 45.8 hours
  Type: TypeB  | Unique Patterns:  364 / Total Gen: 2912
       -> Avg Length of Unique Patterns: 34.7 hours
  Type: TypeC  | Unique Patterns:  365 / Total Gen: 2920
       -> Avg Length of Unique Patterns: 23.5 hours

4. Final Schedule Assignment Breakdown
--------------------------------------
  Emp 0  (TypeA): 50 hours worked
  Emp 1  (TypeA): 49 hours worked
  Emp 2  (TypeA): 46 hours worked
  Emp 3  (TypeA): 47 hours worked
  Emp 4  (TypeB): 38 hours worked
  Emp 5  (TypeB): 37 hours worked
  Emp 6  (TypeB): 38 hours worked
  Emp 7  (TypeB): 39 hours worked
  Emp 8  (TypeB): 38 hours worked
  Emp 9  (TypeB): 39 hours worked
  Emp 10 (TypeB): 39 hours worked
  Emp 11 (TypeB): 40 hours worked
  Emp 12 (TypeC): 21 hours worked
  Emp 13 (TypeC): 26 hours worked
  Emp 14 (TypeC): 25 hours worked
  Emp 15 (TypeC): 28 hours worked
  Emp 16 (TypeC): 24 hours worked
  Emp 17 (TypeC): 27 hours worked
  Emp 18 (TypeC): 25 hours worked
  Emp 19 (TypeC): 19 hours worked

5. Iteration History (Convergence Log)
--------------------------------------
Iter  | RMP Obj Value   | Pool Hits  | Graph Gen 
--------------------------------------------------
1     | 594,048,000.00  | 0          | 20        
2     | 279,635,800.00  | 0          | 20        
3     | 139,278,350.00  | 0          | 20        
4     | 74,777,900.00   | 0          | 20        
5     | 57,278,649.98   | 0          | 20        
6     | 42,887,266.60   | 0          | 20        
7     | 33,774,600.00   | 0          | 20        
8     | 22,613,016.69   | 0          | 20        
9     | 17,821,349.27   | 0          | 20        
10    | 13,287,346.94   | 0          | 20        
11    | 11,222,448.49   | 0          | 20        
12    | 7,379,971.32    | 0          | 20        
13    | 5,683,717.97    | 0          | 20        
14    | 4,621,500.37    | 0          | 20        
15    | 3,239,132.08    | 0          | 20        
16    | 1,974,611.86    | 0          | 20        
17    | 1,422,818.85    | 0          | 20        
18    | 1,009,874.42    | 0          | 20        
19    | 784,350.12      | 0          | 20        
20    | 781,133.01      | 0          | 20        
21    | 774,854.29      | 0          | 20        
22    | 771,314.42      | 0          | 20        
23    | 767,085.22      | 0          | 20        
24    | 763,153.22      | 0          | 20        
25    | 761,730.30      | 0          | 20        
26    | 758,997.36      | 0          | 20        
27    | 756,730.73      | 0          | 20        
28    | 752,571.81      | 0          | 20        
29    | 750,725.84      | 0          | 20        
30    | 749,037.70      | 0          | 20        
31    | 747,833.90      | 0          | 20        
32    | 746,755.51      | 0          | 20        
33    | 745,367.03      | 0          | 20        
34    | 743,666.14      | 0          | 20        
35    | 741,055.83      | 0          | 20        
36    | 739,412.01      | 0          | 20        
37    | 737,506.22      | 0          | 20        
38    | 735,540.27      | 0          | 20        
39    | 733,598.90      | 0          | 20        
40    | 732,236.97      | 0          | 20        
41    | 730,674.11      | 0          | 20        
42    | 729,759.57      | 0          | 20        
43    | 728,841.78      | 0          | 20        
44    | 728,029.29      | 0          | 20        
45    | 727,085.58      | 0          | 20        
46    | 726,214.91      | 0          | 20        
47    | 725,549.61      | 0          | 20        
48    | 724,408.31      | 0          | 20        
49    | 723,237.76      | 0          | 20        
50    | 722,329.49      | 0          | 20        
51    | 720,748.77      | 0          | 20        
52    | 720,273.71      | 0          | 20        
53    | 719,402.47      | 0          | 20        
54    | 718,645.51      | 0          | 20        
55    | 717,681.23      | 0          | 20        
56    | 717,360.11      | 0          | 20        
57    | 716,881.34      | 0          | 20        
58    | 716,418.58      | 0          | 20        
59    | 715,816.40      | 0          | 20        
60    | 715,327.03      | 0          | 20        
61    | 715,150.65      | 0          | 20        
62    | 714,703.41      | 0          | 20        
63    | 714,036.86      | 0          | 20        
64    | 713,732.44      | 0          | 20        
65    | 713,476.61      | 0          | 20        
66    | 713,165.57      | 0          | 20        
67    | 712,473.20      | 0          | 20        
68    | 711,803.06      | 0          | 20        
69    | 711,065.23      | 0          | 20        
70    | 710,484.38      | 0          | 20        
71    | 710,330.77      | 0          | 20        
72    | 709,783.47      | 0          | 20        
73    | 709,511.47      | 0          | 20        
74    | 709,309.62      | 0          | 20        
75    | 709,124.37      | 0          | 20        
76    | 708,702.20      | 0          | 20        
77    | 708,378.10      | 0          | 20        
78    | 708,141.70      | 0          | 20        
79    | 707,357.93      | 0          | 20        
80    | 706,691.28      | 0          | 20        
81    | 706,212.28      | 0          | 20        
82    | 705,310.85      | 0          | 20        
83    | 705,045.95      | 0          | 20        
84    | 704,647.75      | 0          | 20        
85    | 704,082.13      | 0          | 20        
86    | 703,828.60      | 0          | 20        
87    | 703,609.33      | 0          | 20        
88    | 703,362.41      | 0          | 20        
89    | 702,940.97      | 0          | 20        
90    | 702,784.22      | 0          | 20        
91    | 702,457.39      | 0          | 20        
92    | 702,188.19      | 0          | 20        
93    | 701,866.28      | 0          | 20        
94    | 701,484.06      | 0          | 20        
95    | 701,049.39      | 0          | 20        
96    | 700,698.28      | 0          | 20        
97    | 700,419.86      | 0          | 20        
98    | 699,861.72      | 0          | 20        
99    | 699,447.32      | 0          | 20        
100   | 699,107.16      | 0          | 20        
101   | 698,961.60      | 0          | 20        
102   | 698,792.64      | 0          | 20        
103   | 698,610.63      | 0          | 20        
104   | 698,501.34      | 0          | 20        
105   | 698,429.94      | 0          | 20        
106   | 698,297.04      | 0          | 20        
107   | 697,995.24      | 0          | 20        
108   | 697,863.25      | 0          | 20        
109   | 697,642.39      | 0          | 20        
110   | 697,316.21      | 0          | 20        
111   | 696,979.68      | 0          | 20        
112   | 696,539.21      | 0          | 20        
113   | 696,235.31      | 0          | 20        
114   | 695,904.11      | 0          | 20        
115   | 695,617.98      | 0          | 20        
116   | 695,406.63      | 0          | 20        
117   | 695,013.30      | 0          | 20        
118   | 694,898.45      | 0          | 20        
119   | 694,575.60      | 0          | 20        
120   | 694,405.14      | 0          | 20        
121   | 694,318.04      | 0          | 20        
122   | 694,257.57      | 0          | 20        
123   | 694,057.76      | 0          | 20        
124   | 693,964.33      | 0          | 20        
125   | 693,815.39      | 0          | 20        
126   | 693,719.80      | 0          | 20        
127   | 693,654.39      | 0          | 20        
128   | 693,552.77      | 0          | 20        
129   | 693,463.71      | 0          | 20        
130   | 693,283.55      | 0          | 20        
131   | 693,101.70      | 0          | 20        
132   | 693,000.61      | 0          | 20        
133   | 692,687.76      | 0          | 20        
134   | 692,365.04      | 0          | 20        
135   | 692,115.82      | 0          | 20        
136   | 691,918.57      | 0          | 20        
137   | 691,859.01      | 0          | 20        
138   | 691,703.04      | 0          | 20        
139   | 691,546.40      | 0          | 20        
140   | 691,488.64      | 0          | 20        
141   | 691,408.75      | 0          | 20        
142   | 691,353.17      | 0          | 20        
143   | 691,176.27      | 0          | 20        
144   | 691,062.49      | 0          | 20        
145   | 690,975.39      | 0          | 20        
146   | 690,896.76      | 0          | 20        
147   | 690,816.17      | 0          | 20        
148   | 690,754.39      | 0          | 20        
149   | 690,722.98      | 0          | 20        
150   | 690,699.04      | 0          | 20        
151   | 690,654.85      | 0          | 20        
152   | 690,533.23      | 0          | 20        
153   | 690,404.09      | 0          | 20        
154   | 690,373.08      | 0          | 20        
155   | 690,305.34      | 0          | 20        
156   | 690,170.01      | 0          | 20        
157   | 690,083.27      | 0          | 20        
158   | 690,007.80      | 0          | 20        
159   | 689,823.02      | 0          | 20        
160   | 689,635.22      | 0          | 20        
161   | 689,516.82      | 0          | 20        
162   | 689,240.13      | 0          | 20        
163   | 689,172.83      | 0          | 20        
164   | 689,062.89      | 0          | 20        
165   | 688,976.52      | 0          | 20        
166   | 688,801.22      | 0          | 20        
167   | 688,574.66      | 0          | 20        
168   | 688,411.59      | 0          | 20        
169   | 688,261.52      | 0          | 20        
170   | 688,158.97      | 0          | 20        
171   | 688,007.59      | 0          | 20        
172   | 687,949.04      | 0          | 20        
173   | 687,897.73      | 0          | 20        
174   | 687,806.94      | 0          | 20        
175   | 687,650.68      | 0          | 20        
176   | 687,561.05      | 0          | 20        
177   | 687,436.34      | 0          | 20        
178   | 687,293.18      | 0          | 20        
179   | 687,192.75      | 0          | 20        
180   | 687,162.71      | 0          | 20        
181   | 687,089.94      | 0          | 20        
182   | 687,005.78      | 0          | 20        
183   | 686,870.49      | 0          | 20        
184   | 686,807.68      | 0          | 20        
185   | 686,728.29      | 0          | 20        
186   | 686,686.12      | 0          | 20        
187   | 686,645.32      | 0          | 20        
188   | 686,619.69      | 0          | 20        
189   | 686,468.87      | 0          | 20        
190   | 686,411.54      | 0          | 20        
191   | 686,357.40      | 0          | 20        
192   | 686,281.59      | 0          | 20        
193   | 686,243.38      | 0          | 20        
194   | 686,218.17      | 0          | 20        
195   | 686,187.18      | 0          | 20        
196   | 686,152.54      | 0          | 20        
197   | 686,129.09      | 0          | 20        
198   | 686,089.40      | 0          | 20        
199   | 685,987.34      | 0          | 20        
200   | 685,893.73      | 0          | 20        
201   | 685,832.87      | 0          | 20        
202   | 685,765.92      | 0          | 20        
203   | 685,726.46      | 0          | 20        
204   | 685,685.49      | 0          | 20        
205   | 685,637.67      | 0          | 20        
206   | 685,576.86      | 0          | 20        
207   | 685,544.57      | 0          | 20        
208   | 685,525.78      | 0          | 20        
209   | 685,491.17      | 0          | 20        
210   | 685,415.08      | 0          | 20        
211   | 685,357.51      | 0          | 20        
212   | 685,307.56      | 0          | 20        
213   | 685,260.70      | 0          | 20        
214   | 685,235.35      | 0          | 20        
215   | 685,177.71      | 0          | 20        
216   | 685,126.00      | 0          | 20        
217   | 685,084.03      | 0          | 20        
218   | 685,044.93      | 0          | 20        
219   | 685,008.73      | 0          | 20        
220   | 684,918.50      | 0          | 20        
221   | 684,870.44      | 0          | 20        
222   | 684,852.28      | 0          | 20        
223   | 684,810.97      | 0          | 20        
224   | 684,780.38      | 0          | 20        
225   | 684,733.28      | 0          | 20        
226   | 684,626.60      | 0          | 20        
227   | 684,580.12      | 0          | 20        
228   | 684,552.17      | 0          | 20        
229   | 684,552.17      | 0          | 20        
230   | 684,523.53      | 0          | 20        
231   | 684,480.16      | 0          | 20        
232   | 684,455.79      | 0          | 20        
233   | 684,442.37      | 0          | 20        
234   | 684,429.72      | 0          | 20        
235   | 684,423.34      | 0          | 20        
236   | 684,405.82      | 0          | 20        
237   | 684,393.76      | 0          | 20        
238   | 684,383.72      | 0          | 20        
239   | 684,371.75      | 0          | 20        
240   | 684,367.79      | 0          | 20        
241   | 684,357.06      | 0          | 20        
242   | 684,354.11      | 0          | 20        
243   | 684,341.84      | 0          | 20        
244   | 684,303.84      | 0          | 20        
245   | 684,290.90      | 0          | 20        
246   | 684,248.82      | 0          | 20        
247   | 684,183.16      | 0          | 20        
248   | 684,169.80      | 0          | 20        
249   | 684,131.48      | 0          | 20        
250   | 684,110.70      | 0          | 20        
251   | 684,075.91      | 0          | 20        
252   | 684,067.40      | 0          | 20        
253   | 684,024.40      | 0          | 20        
254   | 684,000.99      | 0          | 20        
255   | 683,970.41      | 0          | 20        
256   | 683,964.68      | 0          | 20        
257   | 683,955.03      | 0          | 20        
258   | 683,931.76      | 0          | 20        
259   | 683,929.12      | 0          | 20        
260   | 683,918.66      | 0          | 20        
261   | 683,918.06      | 0          | 20        
262   | 683,918.06      | 0          | 20        
263   | 683,910.46      | 0          | 20        
264   | 683,908.09      | 0          | 20        
265   | 683,902.09      | 0          | 20        
266   | 683,897.22      | 0          | 20        
267   | 683,897.22      | 0          | 20        
268   | 683,895.37      | 0          | 20        
269   | 683,893.12      | 0          | 20        
270   | 683,887.39      | 0          | 20        
271   | 683,881.66      | 0          | 20        
272   | 683,881.01      | 0          | 20        
273   | 683,880.01      | 0          | 20        
274   | 683,876.08      | 0          | 16        
275   | 683,861.04      | 0          | 20        
276   | 683,843.40      | 0          | 20        
277   | 683,837.27      | 0          | 16        
278   | 683,835.63      | 0          | 20        
279   | 683,835.34      | 0          | 16        
280   | 683,835.34      | 0          | 16        
281   | 683,817.09      | 0          | 20        
282   | 683,803.10      | 0          | 20        
283   | 683,797.99      | 0          | 20        
284   | 683,797.93      | 0          | 16        
285   | 683,794.67      | 0          | 20        
286   | 683,792.55      | 0          | 20        
287   | 683,780.67      | 0          | 20        
288   | 683,779.05      | 0          | 20        
289   | 683,774.36      | 0          | 20        
290   | 683,774.36      | 0          | 20        
291   | 683,771.94      | 0          | 20        
292   | 683,771.65      | 0          | 20        
293   | 683,771.65      | 0          | 20        
294   | 683,771.65      | 0          | 20        
295   | 683,771.65      | 0          | 20        
296   | 683,770.34      | 0          | 20        
297   | 683,765.44      | 0          | 20        
298   | 683,763.36      | 0          | 20        
299   | 683,748.72      | 0          | 20        
300   | 683,746.22      | 0          | 20        
301   | 683,745.47      | 0          | 20        
302   | 683,721.46      | 0          | 20        
303   | 683,716.24      | 0          | 20        
304   | 683,673.37      | 0          | 20        
305   | 683,669.85      | 0          | 20        
306   | 683,668.65      | 0          | 20        
307   | 683,664.44      | 0          | 16        
308   | 683,659.26      | 0          | 16        
309   | 683,639.81      | 0          | 20        
310   | 683,639.81      | 0          | 20        
311   | 683,622.99      | 0          | 20        
312   | 683,618.89      | 0          | 20        
313   | 683,618.89      | 0          | 16        
314   | 683,618.89      | 0          | 20        
315   | 683,618.89      | 0          | 20        
316   | 683,618.89      | 0          | 20        
317   | 683,618.89      | 0          | 20        
318   | 683,618.89      | 0          | 20        
319   | 683,615.93      | 0          | 16        
320   | 683,614.01      | 0          | 20        
321   | 683,614.01      | 0          | 20        
322   | 683,613.34      | 0          | 20        
323   | 683,609.15      | 0          | 20        
324   | 683,609.15      | 0          | 20        
325   | 683,609.15      | 0          | 20        
326   | 683,609.15      | 0          | 20        
327   | 683,609.15      | 0          | 20        
328   | 683,609.15      | 0          | 20        
329   | 683,602.79      | 0          | 16        
330   | 683,602.79      | 0          | 16        
331   | 683,602.79      | 0          | 16        
332   | 683,599.19      | 0          | 16        
333   | 683,598.79      | 0          | 20        
334   | 683,598.79      | 0          | 16        
335   | 683,594.19      | 0          | 16        
336   | 683,592.67      | 0          | 16        
337   | 683,592.67      | 0          | 16        
338   | 683,592.67      | 0          | 16        
339   | 683,592.67      | 0          | 20        
340   | 683,592.67      | 0          | 16        
341   | 683,584.28      | 0          | 20        
342   | 683,584.28      | 0          | 20        
343   | 683,584.28      | 0          | 16        
344   | 683,584.28      | 0          | 20        
345   | 683,584.28      | 0          | 16        
346   | 683,581.23      | 0          | 20        
347   | 683,573.47      | 0          | 16        
348   | 683,573.47      | 0          | 20        
349   | 683,569.64      | 0          | 20        
350   | 683,569.64      | 0          | 20        
351   | 683,569.62      | 0          | 20        
352   | 683,569.58      | 0          | 20        
353   | 683,569.58      | 0          | 20        
354   | 683,569.58      | 0          | 20        
355   | 683,567.09      | 0          | 20        
356   | 683,567.08      | 0          | 20        
357   | 683,565.09      | 0          | 20        
358   | 683,565.09      | 0          | 20        
359   | 683,557.63      | 0          | 8         
360   | 683,557.63      | 0          | 20        
361   | 683,557.63      | 0          | 20        
362   | 683,554.10      | 0          | 20        
363   | 683,552.87      | 0          | 16        
364   | 683,552.87      | 0          | 20        
365   | 683,550.00      | 0          | 0         
