==========================================================
 ANALYSIS REPORT: Week 5
==========================================================

0. Solver Configuration
-----------------------
  max_iter             : 1000
  time_limit           : 3600
  tol                  : 1e-08
  patience             : 15
  mip_rc_threshold     : inf
  mip_gap              : 0.01

1. Performance Metrics
----------------------
  Objective Value : 2,188,200.00
  RMP Relaxed Value (Root): 1,191,350.00
  Integrality Gap       : 83.6740 %
  MIP Best Bound (Final)  : 2,188,200.00
  Final MIP Gap           : 0.0000 %
  Execution Time  : 126.3592 sec
  Iterations      : 231
  RMP Time  : 73.9627 s
  MIP Time  : 3.3437 s
  Pool Search Time: 5.1147 s
  Graph Search Time: 43.7461 s
  MIP Decision Variables: 1165 (Columns used in Final MIP)
  MIP Filtered Columns  : 0 (Removed before MIP)

2. Column Generation & Pool Statistics
--------------------------------------
  Total Columns Generated (History) : 1980
  Pool Hits (Reused from History)   : 185
  Graph Gen (Newly Created)         : 970
  Pool Hit Rate                     : 16.0%

3. Shift Pattern Diversity (Unique Patterns)
------------------------------------------
  Type: TypeA  | Unique Patterns:  363 / Total Gen:  363
       -> Avg Length of Unique Patterns: 46.8 hours
  Type: TypeB  | Unique Patterns:  398 / Total Gen:  796
       -> Avg Length of Unique Patterns: 32.9 hours
  Type: TypeC  | Unique Patterns:  408 / Total Gen:  816
       -> Avg Length of Unique Patterns: 22.6 hours

4. Final Schedule Assignment Breakdown
--------------------------------------
  Emp 0  (TypeA): 49 hours worked
  Emp 1  (TypeB): 35 hours worked
  Emp 2  (TypeB): 36 hours worked
  Emp 3  (TypeC): 25 hours worked
  Emp 4  (TypeC): 24 hours worked

5. Iteration History (Convergence Log)
--------------------------------------
Iter  | RMP Obj Value   | Pool Hits  | Graph Gen 
--------------------------------------------------
1     | 117,012,000.00  | 5          | 0         
2     | 52,174,200.00   | 5          | 0         
3     | 32,170,900.00   | 5          | 0         
4     | 32,170,900.00   | 5          | 0         
5     | 31,167,866.60   | 5          | 0         
6     | 29,074,410.00   | 5          | 0         
7     | 26,927,525.00   | 5          | 0         
8     | 26,347,150.07   | 5          | 0         
9     | 25,679,070.00   | 5          | 0         
10    | 25,559,759.00   | 5          | 0         
11    | 25,180,300.00   | 5          | 0         
12    | 25,103,853.89   | 5          | 0         
13    | 25,069,533.30   | 5          | 0         
14    | 25,034,936.10   | 5          | 0         
15    | 25,009,954.16   | 4          | 1         
16    | 23,181,300.00   | 5          | 0         
17    | 23,180,050.00   | 5          | 0         
18    | 23,180,050.00   | 2          | 3         
19    | 18,306,212.50   | 5          | 0         
20    | 17,847,966.66   | 5          | 0         
21    | 17,466,071.36   | 5          | 0         
22    | 17,181,700.00   | 5          | 0         
23    | 17,181,700.00   | 4          | 1         
24    | 17,056,416.69   | 4          | 1         
25    | 16,430,350.00   | 4          | 1         
26    | 16,306,852.50   | 4          | 1         
27    | 16,114,966.59   | 4          | 1         
28    | 15,605,453.38   | 4          | 1         
29    | 15,562,138.22   | 4          | 1         
30    | 15,483,060.57   | 4          | 1         
31    | 15,419,314.58   | 0          | 5         
32    | 12,742,679.89   | 4          | 1         
33    | 12,179,663.64   | 4          | 1         
34    | 11,998,443.84   | 4          | 1         
35    | 11,949,847.21   | 0          | 5         
36    | 10,733,015.54   | 4          | 1         
37    | 10,437,442.06   | 4          | 1         
38    | 10,070,545.60   | 2          | 3         
39    | 9,380,456.73    | 4          | 1         
40    | 9,320,644.43    | 4          | 1         
41    | 9,141,524.66    | 2          | 3         
42    | 8,325,539.26    | 2          | 3         
43    | 7,511,599.63    | 2          | 3         
44    | 7,126,668.63    | 2          | 3         
45    | 6,760,510.22    | 2          | 3         
46    | 6,668,966.98    | 0          | 5         
47    | 6,159,605.69    | 2          | 3         
48    | 5,844,881.21    | 0          | 5         
49    | 5,435,731.14    | 2          | 3         
50    | 5,256,321.40    | 0          | 5         
51    | 5,034,602.76    | 1          | 4         
52    | 4,814,298.91    | 0          | 5         
53    | 4,640,293.70    | 2          | 3         
54    | 4,344,555.68    | 0          | 5         
55    | 4,110,391.26    | 0          | 5         
56    | 3,904,189.94    | 0          | 5         
57    | 3,817,831.84    | 0          | 5         
58    | 3,616,668.26    | 0          | 5         
59    | 3,392,480.67    | 0          | 5         
60    | 3,356,506.60    | 0          | 5         
61    | 3,277,857.67    | 0          | 5         
62    | 3,232,925.78    | 0          | 5         
63    | 3,137,788.71    | 0          | 5         
64    | 3,113,727.73    | 0          | 5         
65    | 3,016,367.35    | 0          | 5         
66    | 2,986,004.58    | 0          | 5         
67    | 2,966,073.58    | 0          | 5         
68    | 2,868,459.17    | 0          | 5         
69    | 2,830,230.26    | 0          | 5         
70    | 2,753,706.02    | 0          | 5         
71    | 2,673,394.42    | 0          | 5         
72    | 2,654,863.15    | 0          | 5         
73    | 2,628,781.58    | 0          | 5         
74    | 2,534,083.07    | 0          | 5         
75    | 2,487,100.80    | 0          | 5         
76    | 2,472,708.92    | 0          | 5         
77    | 2,375,470.10    | 0          | 5         
78    | 2,318,269.24    | 0          | 5         
79    | 2,250,567.62    | 0          | 5         
80    | 2,207,653.70    | 0          | 5         
81    | 2,119,424.85    | 0          | 5         
82    | 2,111,254.01    | 0          | 5         
83    | 2,095,989.89    | 0          | 5         
84    | 2,087,914.69    | 0          | 5         
85    | 2,050,703.77    | 0          | 5         
86    | 2,011,949.27    | 0          | 5         
87    | 1,930,877.31    | 0          | 5         
88    | 1,930,862.02    | 0          | 5         
89    | 1,888,276.56    | 0          | 5         
90    | 1,880,061.43    | 0          | 5         
91    | 1,846,161.01    | 0          | 5         
92    | 1,837,056.83    | 0          | 5         
93    | 1,817,310.26    | 0          | 5         
94    | 1,805,787.28    | 0          | 5         
95    | 1,801,367.63    | 0          | 5         
96    | 1,786,854.78    | 0          | 5         
97    | 1,782,921.80    | 0          | 5         
98    | 1,752,614.93    | 0          | 5         
99    | 1,734,722.79    | 0          | 5         
100   | 1,722,627.49    | 0          | 5         
101   | 1,709,118.98    | 0          | 5         
102   | 1,678,141.15    | 0          | 5         
103   | 1,591,630.14    | 0          | 5         
104   | 1,529,002.22    | 0          | 5         
105   | 1,436,301.41    | 0          | 5         
106   | 1,436,301.41    | 0          | 5         
107   | 1,436,301.41    | 0          | 5         
108   | 1,410,658.46    | 0          | 5         
109   | 1,394,456.00    | 0          | 5         
110   | 1,394,456.00    | 0          | 5         
111   | 1,394,456.00    | 0          | 5         
112   | 1,386,085.36    | 0          | 5         
113   | 1,365,827.91    | 0          | 5         
114   | 1,365,827.91    | 0          | 5         
115   | 1,361,426.93    | 0          | 5         
116   | 1,359,920.97    | 0          | 5         
117   | 1,346,565.00    | 0          | 5         
118   | 1,336,083.37    | 0          | 5         
119   | 1,328,348.59    | 0          | 5         
120   | 1,327,762.53    | 0          | 5         
121   | 1,327,654.85    | 0          | 5         
122   | 1,327,654.85    | 0          | 5         
123   | 1,327,654.85    | 0          | 5         
124   | 1,322,096.25    | 0          | 5         
125   | 1,322,096.25    | 0          | 5         
126   | 1,282,942.16    | 0          | 5         
127   | 1,274,511.76    | 0          | 5         
128   | 1,271,886.20    | 0          | 5         
129   | 1,271,886.20    | 0          | 5         
130   | 1,265,358.42    | 0          | 5         
131   | 1,265,358.42    | 0          | 5         
132   | 1,250,883.82    | 0          | 5         
133   | 1,250,883.82    | 0          | 5         
134   | 1,250,883.82    | 0          | 5         
135   | 1,246,000.50    | 0          | 5         
136   | 1,226,389.34    | 0          | 5         
137   | 1,224,143.33    | 0          | 5         
138   | 1,223,944.25    | 0          | 5         
139   | 1,211,888.50    | 0          | 5         
140   | 1,196,480.00    | 0          | 5         
141   | 1,196,480.00    | 0          | 5         
142   | 1,196,083.33    | 0          | 5         
143   | 1,196,083.33    | 0          | 5         
144   | 1,196,083.33    | 0          | 5         
145   | 1,196,083.33    | 0          | 5         
146   | 1,196,083.33    | 0          | 5         
147   | 1,196,083.33    | 0          | 5         
148   | 1,196,083.33    | 0          | 5         
149   | 1,196,083.33    | 0          | 5         
150   | 1,196,083.33    | 0          | 5         
151   | 1,196,083.33    | 0          | 5         
152   | 1,196,083.33    | 0          | 5         
153   | 1,195,984.22    | 0          | 5         
154   | 1,195,984.22    | 0          | 5         
155   | 1,195,984.22    | 0          | 5         
156   | 1,195,984.22    | 0          | 5         
157   | 1,195,984.22    | 0          | 5         
158   | 1,195,984.22    | 0          | 5         
159   | 1,195,984.22    | 0          | 5         
160   | 1,195,984.22    | 0          | 5         
161   | 1,195,984.22    | 0          | 5         
162   | 1,195,984.22    | 0          | 5         
163   | 1,195,769.51    | 0          | 5         
164   | 1,195,490.09    | 0          | 5         
165   | 1,195,490.09    | 0          | 5         
166   | 1,195,205.96    | 0          | 5         
167   | 1,195,205.96    | 0          | 5         
168   | 1,195,205.96    | 0          | 5         
169   | 1,195,166.02    | 0          | 5         
170   | 1,195,166.02    | 0          | 5         
171   | 1,195,025.70    | 0          | 5         
172   | 1,195,025.70    | 0          | 5         
173   | 1,195,025.70    | 0          | 5         
174   | 1,195,025.70    | 0          | 5         
175   | 1,194,825.23    | 0          | 5         
176   | 1,194,825.23    | 0          | 5         
177   | 1,194,825.23    | 0          | 5         
178   | 1,194,825.23    | 0          | 5         
179   | 1,194,825.23    | 0          | 5         
180   | 1,194,558.62    | 0          | 5         
181   | 1,194,558.62    | 0          | 5         
182   | 1,194,558.62    | 0          | 5         
183   | 1,194,558.62    | 0          | 5         
184   | 1,194,558.62    | 0          | 5         
185   | 1,194,372.21    | 0          | 5         
186   | 1,194,372.21    | 0          | 5         
187   | 1,193,051.28    | 0          | 5         
188   | 1,192,856.66    | 0          | 5         
189   | 1,192,856.66    | 0          | 5         
190   | 1,192,818.75    | 0          | 5         
191   | 1,192,818.75    | 0          | 5         
192   | 1,192,818.75    | 0          | 5         
193   | 1,192,766.66    | 0          | 5         
194   | 1,192,766.66    | 0          | 5         
195   | 1,192,766.66    | 0          | 5         
196   | 1,192,696.72    | 0          | 5         
197   | 1,192,696.72    | 0          | 5         
198   | 1,192,696.72    | 0          | 5         
199   | 1,192,696.72    | 0          | 5         
200   | 1,192,696.72    | 0          | 5         
201   | 1,192,427.27    | 0          | 5         
202   | 1,192,427.27    | 0          | 5         
203   | 1,192,427.27    | 0          | 5         
204   | 1,192,427.27    | 0          | 5         
205   | 1,192,427.27    | 0          | 5         
206   | 1,192,427.27    | 0          | 5         
207   | 1,192,427.27    | 0          | 5         
208   | 1,192,427.27    | 0          | 5         
209   | 1,192,427.27    | 0          | 5         
210   | 1,192,427.27    | 0          | 5         
211   | 1,192,427.27    | 0          | 5         
212   | 1,192,427.27    | 0          | 5         
213   | 1,192,427.27    | 0          | 5         
214   | 1,192,427.27    | 0          | 5         
215   | 1,192,427.27    | 0          | 5         
216   | 1,191,350.00    | 0          | 5         
217   | 1,191,350.00    | 0          | 5         
218   | 1,191,350.00    | 0          | 5         
219   | 1,191,350.00    | 0          | 5         
220   | 1,191,350.00    | 0          | 5         
221   | 1,191,350.00    | 0          | 5         
222   | 1,191,350.00    | 0          | 5         
223   | 1,191,350.00    | 0          | 5         
224   | 1,191,350.00    | 0          | 5         
225   | 1,191,350.00    | 0          | 5         
226   | 1,191,350.00    | 0          | 5         
227   | 1,191,350.00    | 0          | 5         
228   | 1,191,350.00    | 0          | 5         
229   | 1,191,350.00    | 0          | 5         
230   | 1,191,350.00    | 0          | 5         
231   | 1,191,350.00    | 0          | 5         
