==========================================================
 ANALYSIS REPORT: Week 19
==========================================================

0. Solver Configuration
-----------------------
  max_iter             : 1000
  time_limit           : 3600.0
  tol                  : 1e-08
  patience             : 5
  mip_rc_threshold     : 10000000000.0
  mip_gap              : 0.0001

1. Performance Metrics
----------------------
  Objective Value : 2,183,600.00
  RMP Relaxed Value (Root): 1,181,085.22
  Integrality Gap       : 84.8808 %
  MIP Best Bound (Final)  : 2,183,600.00
  Final MIP Gap           : 0.0000 %
  Execution Time  : 96.2142 sec
  Iterations      : 175
  RMP Time  : 53.6157 s
  MIP Time  : 4.3292 s
  Pool Search Time: 3.5923 s
  Graph Search Time: 34.5090 s
  MIP Decision Variables: 1015 (Columns used in Final MIP)
  MIP Filtered Columns  : 0 (Removed before MIP)

2. Column Generation & Pool Statistics
--------------------------------------
  Total Columns Generated (History) : 1756
  Pool Hits (Reused from History)   : 259
  Graph Gen (Newly Created)         : 746
  Pool Hit Rate                     : 25.8%

3. Shift Pattern Diversity (Unique Patterns)
------------------------------------------
  Type: TypeA  | Unique Patterns:  335 / Total Gen:  335
       -> Avg Length of Unique Patterns: 46.9 hours
  Type: TypeB  | Unique Patterns:  350 / Total Gen:  700
       -> Avg Length of Unique Patterns: 35.4 hours
  Type: TypeC  | Unique Patterns:  358 / Total Gen:  716
       -> Avg Length of Unique Patterns: 24.6 hours

4. Final Schedule Assignment Breakdown
--------------------------------------
  Emp 0  (TypeA): 49 hours worked
  Emp 1  (TypeB): 37 hours worked
  Emp 2  (TypeB): 30 hours worked
  Emp 3  (TypeC): 26 hours worked
  Emp 4  (TypeC): 26 hours worked

5. Iteration History (Convergence Log)
--------------------------------------
Iter  | RMP Obj Value   | Pool Hits  | Graph Gen 
--------------------------------------------------
1     | 106,012,000.00  | 10         | 0         
2     | 74,057,600.00   | 10         | 0         
3     | 42,139,800.00   | 10         | 0         
4     | 22,186,600.00   | 10         | 0         
5     | 19,186,150.00   | 10         | 0         
6     | 18,188,935.72   | 10         | 0         
7     | 17,025,261.10   | 10         | 0         
8     | 15,893,013.70   | 10         | 0         
9     | 15,491,063.75   | 10         | 0         
10    | 15,125,623.67   | 10         | 0         
11    | 14,673,035.62   | 10         | 0         
12    | 14,654,888.41   | 4          | 5         
13    | 10,613,007.73   | 10         | 0         
14    | 10,299,519.28   | 10         | 0         
15    | 10,067,410.85   | 7          | 0         
16    | 10,037,200.20   | 1          | 5         
17    | 7,104,324.60    | 10         | 0         
18    | 6,842,257.51    | 10         | 0         
19    | 6,334,701.23    | 10         | 0         
20    | 6,307,020.38    | 9          | 0         
21    | 6,297,500.52    | 0          | 5         
22    | 6,062,961.96    | 10         | 0         
23    | 6,015,063.40    | 10         | 0         
24    | 6,014,325.91    | 0          | 5         
25    | 5,320,677.37    | 10         | 0         
26    | 5,248,521.84    | 2          | 5         
27    | 4,637,218.85    | 10         | 0         
28    | 4,571,559.46    | 10         | 0         
29    | 4,518,748.44    | 4          | 5         
30    | 4,176,373.60    | 6          | 0         
31    | 4,170,931.83    | 0          | 5         
32    | 3,986,368.13    | 6          | 0         
33    | 3,985,145.90    | 0          | 5         
34    | 3,790,180.59    | 0          | 5         
35    | 3,585,455.99    | 0          | 5         
36    | 3,304,672.81    | 0          | 5         
37    | 3,017,167.00    | 0          | 5         
38    | 2,853,385.62    | 2          | 5         
39    | 2,714,513.70    | 4          | 5         
40    | 2,630,088.26    | 0          | 5         
41    | 2,565,628.83    | 4          | 5         
42    | 2,511,076.83    | 0          | 5         
43    | 2,424,659.74    | 0          | 5         
44    | 2,388,652.27    | 0          | 5         
45    | 2,370,245.34    | 0          | 5         
46    | 2,307,075.24    | 0          | 5         
47    | 2,231,226.76    | 0          | 5         
48    | 2,180,878.59    | 0          | 5         
49    | 2,157,814.25    | 0          | 5         
50    | 2,120,750.23    | 0          | 5         
51    | 2,071,983.46    | 0          | 5         
52    | 2,037,484.38    | 0          | 5         
53    | 1,923,047.87    | 0          | 5         
54    | 1,877,169.63    | 0          | 5         
55    | 1,784,377.78    | 0          | 5         
56    | 1,720,244.31    | 0          | 5         
57    | 1,653,314.06    | 0          | 5         
58    | 1,627,253.10    | 0          | 5         
59    | 1,533,210.87    | 0          | 5         
60    | 1,441,267.86    | 0          | 5         
61    | 1,410,545.82    | 0          | 5         
62    | 1,339,278.97    | 0          | 5         
63    | 1,296,427.28    | 0          | 5         
64    | 1,283,228.93    | 0          | 5         
65    | 1,267,152.13    | 0          | 5         
66    | 1,249,122.62    | 0          | 5         
67    | 1,243,745.70    | 0          | 5         
68    | 1,242,750.65    | 0          | 5         
69    | 1,240,535.43    | 0          | 5         
70    | 1,236,446.43    | 0          | 5         
71    | 1,229,379.10    | 0          | 5         
72    | 1,214,757.65    | 0          | 5         
73    | 1,208,570.53    | 0          | 5         
74    | 1,203,050.01    | 0          | 5         
75    | 1,195,215.38    | 0          | 5         
76    | 1,194,006.86    | 0          | 5         
77    | 1,193,770.22    | 0          | 5         
78    | 1,193,770.22    | 0          | 5         
79    | 1,193,279.99    | 0          | 5         
80    | 1,192,803.58    | 0          | 5         
81    | 1,192,374.59    | 0          | 5         
82    | 1,192,113.34    | 0          | 5         
83    | 1,192,113.34    | 0          | 5         
84    | 1,192,113.34    | 0          | 5         
85    | 1,191,613.22    | 0          | 5         
86    | 1,191,283.49    | 0          | 5         
87    | 1,191,151.87    | 0          | 5         
88    | 1,190,951.43    | 0          | 5         
89    | 1,190,218.39    | 0          | 5         
90    | 1,189,234.99    | 0          | 5         
91    | 1,188,598.00    | 0          | 5         
92    | 1,188,598.00    | 0          | 5         
93    | 1,186,965.32    | 0          | 5         
94    | 1,186,630.90    | 0          | 5         
95    | 1,186,553.77    | 0          | 5         
96    | 1,186,175.66    | 0          | 5         
97    | 1,185,576.17    | 0          | 5         
98    | 1,185,450.19    | 0          | 5         
99    | 1,185,417.46    | 0          | 5         
100   | 1,185,378.74    | 0          | 5         
101   | 1,185,325.09    | 0          | 5         
102   | 1,185,316.36    | 0          | 5         
103   | 1,185,253.85    | 0          | 5         
104   | 1,185,223.08    | 0          | 5         
105   | 1,185,223.08    | 0          | 5         
106   | 1,185,223.08    | 0          | 5         
107   | 1,184,973.70    | 0          | 5         
108   | 1,184,973.70    | 0          | 5         
109   | 1,184,973.70    | 0          | 5         
110   | 1,184,796.54    | 0          | 5         
111   | 1,184,705.33    | 0          | 5         
112   | 1,184,605.86    | 0          | 5         
113   | 1,184,549.28    | 0          | 5         
114   | 1,184,549.28    | 0          | 5         
115   | 1,184,549.28    | 0          | 5         
116   | 1,184,419.14    | 0          | 5         
117   | 1,184,134.66    | 0          | 5         
118   | 1,184,134.66    | 0          | 5         
119   | 1,183,914.53    | 0          | 5         
120   | 1,183,833.16    | 0          | 5         
121   | 1,183,649.99    | 0          | 5         
122   | 1,183,569.41    | 0          | 5         
123   | 1,183,206.13    | 0          | 5         
124   | 1,182,805.14    | 0          | 5         
125   | 1,182,805.14    | 0          | 5         
126   | 1,182,715.99    | 0          | 5         
127   | 1,182,715.99    | 0          | 5         
128   | 1,182,715.99    | 0          | 5         
129   | 1,182,713.96    | 0          | 5         
130   | 1,182,645.20    | 0          | 5         
131   | 1,182,578.51    | 0          | 5         
132   | 1,182,520.00    | 0          | 5         
133   | 1,182,498.90    | 0          | 5         
134   | 1,182,114.09    | 0          | 5         
135   | 1,182,074.75    | 0          | 5         
136   | 1,182,005.53    | 0          | 5         
137   | 1,182,005.53    | 0          | 5         
138   | 1,181,981.96    | 0          | 5         
139   | 1,181,897.99    | 0          | 5         
140   | 1,181,897.99    | 0          | 5         
141   | 1,181,826.32    | 0          | 5         
142   | 1,181,826.32    | 0          | 5         
143   | 1,181,792.68    | 0          | 5         
144   | 1,181,671.04    | 0          | 5         
145   | 1,181,631.32    | 0          | 5         
146   | 1,181,621.67    | 0          | 5         
147   | 1,181,604.20    | 0          | 5         
148   | 1,181,461.78    | 0          | 5         
149   | 1,181,461.78    | 0          | 5         
150   | 1,181,461.78    | 0          | 5         
151   | 1,181,461.78    | 0          | 5         
152   | 1,181,425.37    | 0          | 5         
153   | 1,181,377.92    | 0          | 5         
154   | 1,181,376.23    | 0          | 5         
155   | 1,181,376.23    | 0          | 5         
156   | 1,181,376.23    | 0          | 5         
157   | 1,181,376.23    | 0          | 5         
158   | 1,181,192.30    | 0          | 5         
159   | 1,181,192.30    | 0          | 5         
160   | 1,181,192.30    | 0          | 5         
161   | 1,181,192.30    | 0          | 5         
162   | 1,181,192.30    | 0          | 5         
163   | 1,181,094.85    | 0          | 5         
164   | 1,181,094.85    | 0          | 5         
165   | 1,181,094.85    | 0          | 5         
166   | 1,181,087.71    | 0          | 5         
167   | 1,181,087.71    | 0          | 5         
168   | 1,181,087.71    | 0          | 5         
169   | 1,181,087.71    | 0          | 5         
170   | 1,181,085.22    | 0          | 4         
171   | 1,181,085.22    | 0          | 4         
172   | 1,181,085.22    | 0          | 5         
173   | 1,181,085.22    | 0          | 4         
174   | 1,181,085.22    | 0          | 5         
175   | 1,181,085.22    | 0          | 4         
