==========================================================
 ANALYSIS REPORT: Week 15
==========================================================

0. Solver Configuration
-----------------------
  max_iter             : 1000
  time_limit           : 3600.0
  tol                  : 1e-08
  patience             : 5
  mip_rc_threshold     : 10000000000.0
  mip_gap              : 0.0001

1. Performance Metrics
----------------------
  Objective Value : 178,200.00
  RMP Relaxed Value (Root): 154,502.79
  Integrality Gap       : 15.3377 %
  MIP Best Bound (Final)  : 178,200.00
  Final MIP Gap           : 0.0000 %
  Execution Time  : 65.3072 sec
  Iterations      : 134
  RMP Time  : 32.8702 s
  MIP Time  : 4.6780 s
  Pool Search Time: 2.5741 s
  Graph Search Time: 25.0695 s
  MIP Decision Variables: 822 (Columns used in Final MIP)
  MIP Filtered Columns  : 0 (Removed before MIP)

2. Column Generation & Pool Statistics
--------------------------------------
  Total Columns Generated (History) : 1565
  Pool Hits (Reused from History)   : 257
  Graph Gen (Newly Created)         : 555
  Pool Hit Rate                     : 31.7%

3. Shift Pattern Diversity (Unique Patterns)
------------------------------------------
  Type: TypeA  | Unique Patterns:  312 / Total Gen:  312
       -> Avg Length of Unique Patterns: 46.2 hours
  Type: TypeB  | Unique Patterns:  312 / Total Gen:  624
       -> Avg Length of Unique Patterns: 34.2 hours
  Type: TypeC  | Unique Patterns:  312 / Total Gen:  624
       -> Avg Length of Unique Patterns: 23.3 hours

4. Final Schedule Assignment Breakdown
--------------------------------------
  Emp 0  (TypeA): 46 hours worked
  Emp 1  (TypeB): 34 hours worked
  Emp 2  (TypeB): 39 hours worked
  Emp 3  (TypeC): 22 hours worked
  Emp 4  (TypeC): 24 hours worked

5. Iteration History (Convergence Log)
--------------------------------------
Iter  | RMP Obj Value   | Pool Hits  | Graph Gen 
--------------------------------------------------
1     | 90,016,000.00   | 10         | 0         
2     | 60,057,000.00   | 10         | 0         
3     | 28,132,700.00   | 10         | 0         
4     | 14,689,600.00   | 10         | 0         
5     | 12,187,900.00   | 10         | 0         
6     | 10,690,603.56   | 10         | 0         
7     | 10,605,709.78   | 10         | 0         
8     | 9,396,298.87    | 10         | 0         
9     | 9,125,072.57    | 10         | 0         
10    | 9,035,725.69    | 10         | 0         
11    | 8,937,483.71    | 10         | 0         
12    | 8,923,654.50    | 10         | 0         
13    | 8,874,337.20    | 0          | 5         
14    | 4,371,620.69    | 10         | 0         
15    | 4,281,625.01    | 0          | 5         
16    | 3,495,890.79    | 10         | 0         
17    | 3,466,660.52    | 8          | 0         
18    | 3,465,425.00    | 0          | 5         
19    | 2,646,636.36    | 10         | 0         
20    | 2,594,616.15    | 0          | 5         
21    | 2,359,324.99    | 1          | 5         
22    | 2,310,214.03    | 10         | 0         
23    | 2,261,175.29    | 3          | 5         
24    | 1,872,253.07    | 10         | 0         
25    | 1,850,304.50    | 4          | 5         
26    | 1,714,081.71    | 10         | 0         
27    | 1,683,973.38    | 6          | 0         
28    | 1,666,964.49    | 1          | 5         
29    | 1,401,079.55    | 10         | 0         
30    | 1,394,465.56    | 0          | 5         
31    | 1,226,547.84    | 5          | 5         
32    | 1,024,047.38    | 5          | 5         
33    | 916,056.66      | 6          | 0         
34    | 904,973.51      | 5          | 5         
35    | 874,142.87      | 3          | 5         
36    | 807,528.51      | 5          | 5         
37    | 777,927.65      | 0          | 5         
38    | 758,834.84      | 0          | 5         
39    | 702,822.64      | 2          | 5         
40    | 655,214.25      | 6          | 0         
41    | 654,807.37      | 1          | 5         
42    | 548,189.20      | 0          | 5         
43    | 480,605.13      | 0          | 5         
44    | 402,773.82      | 0          | 5         
45    | 358,225.21      | 0          | 5         
46    | 263,412.35      | 0          | 5         
47    | 210,012.10      | 0          | 5         
48    | 178,554.25      | 2          | 5         
49    | 177,466.34      | 0          | 5         
50    | 175,522.55      | 0          | 5         
51    | 173,341.28      | 2          | 5         
52    | 172,358.56      | 0          | 5         
53    | 171,181.40      | 0          | 5         
54    | 170,460.74      | 0          | 5         
55    | 169,824.66      | 2          | 5         
56    | 168,613.24      | 0          | 5         
57    | 168,046.09      | 0          | 5         
58    | 167,625.43      | 0          | 5         
59    | 167,516.91      | 0          | 5         
60    | 167,369.42      | 0          | 5         
61    | 167,294.12      | 0          | 5         
62    | 167,188.43      | 0          | 5         
63    | 166,921.18      | 0          | 5         
64    | 166,562.81      | 0          | 5         
65    | 166,441.17      | 0          | 5         
66    | 166,185.52      | 0          | 5         
67    | 166,079.40      | 0          | 5         
68    | 165,867.18      | 0          | 5         
69    | 165,816.82      | 0          | 5         
70    | 165,724.38      | 0          | 5         
71    | 165,091.13      | 0          | 5         
72    | 164,332.39      | 0          | 5         
73    | 163,604.27      | 0          | 5         
74    | 163,247.73      | 0          | 5         
75    | 162,639.03      | 0          | 5         
76    | 161,321.93      | 0          | 5         
77    | 161,091.85      | 0          | 5         
78    | 160,626.92      | 0          | 5         
79    | 160,458.51      | 0          | 5         
80    | 159,743.22      | 0          | 5         
81    | 159,612.47      | 0          | 5         
82    | 159,376.02      | 0          | 5         
83    | 159,320.82      | 0          | 5         
84    | 159,176.65      | 0          | 5         
85    | 159,101.96      | 0          | 5         
86    | 159,022.76      | 0          | 5         
87    | 158,903.71      | 0          | 5         
88    | 158,893.15      | 0          | 5         
89    | 158,893.15      | 0          | 5         
90    | 158,888.59      | 0          | 5         
91    | 158,854.30      | 0          | 5         
92    | 158,854.30      | 0          | 5         
93    | 158,834.71      | 0          | 5         
94    | 158,652.50      | 0          | 5         
95    | 158,525.13      | 0          | 5         
96    | 158,493.18      | 0          | 5         
97    | 158,333.13      | 0          | 5         
98    | 158,091.79      | 0          | 5         
99    | 158,091.79      | 0          | 5         
100   | 158,025.97      | 0          | 5         
101   | 157,888.93      | 0          | 5         
102   | 157,883.53      | 0          | 5         
103   | 157,709.85      | 0          | 5         
104   | 157,526.44      | 0          | 5         
105   | 157,467.27      | 0          | 5         
106   | 157,146.28      | 0          | 5         
107   | 157,061.34      | 0          | 5         
108   | 157,046.63      | 0          | 5         
109   | 156,525.36      | 0          | 5         
110   | 155,935.06      | 0          | 5         
111   | 155,839.59      | 0          | 5         
112   | 155,814.47      | 0          | 5         
113   | 155,672.58      | 0          | 5         
114   | 155,650.31      | 0          | 5         
115   | 155,571.48      | 0          | 5         
116   | 155,563.95      | 0          | 5         
117   | 155,467.93      | 0          | 5         
118   | 155,446.14      | 0          | 5         
119   | 155,446.14      | 0          | 5         
120   | 155,120.11      | 0          | 5         
121   | 154,791.10      | 0          | 5         
122   | 154,682.93      | 0          | 5         
123   | 154,682.93      | 0          | 5         
124   | 154,682.93      | 0          | 5         
125   | 154,671.24      | 0          | 5         
126   | 154,593.52      | 0          | 5         
127   | 154,542.54      | 0          | 5         
128   | 154,517.99      | 0          | 5         
129   | 154,502.79      | 0          | 5         
130   | 154,502.79      | 0          | 5         
131   | 154,502.79      | 0          | 5         
132   | 154,502.79      | 0          | 5         
133   | 154,502.79      | 0          | 5         
134   | 154,502.79      | 0          | 5         
