==========================================================
 ANALYSIS REPORT: Week 12
==========================================================

0. Solver Configuration
-----------------------
  max_iter             : 1000
  time_limit           : 3600
  tol                  : 1e-08
  patience             : 15
  mip_rc_threshold     : inf
  mip_gap              : 0.01

1. Performance Metrics
----------------------
  Objective Value : 5,192,100.00
  RMP Relaxed Value (Root): 2,193,487.50
  Integrality Gap       : 136.7052 %
  MIP Best Bound (Final)  : 5,192,100.00
  Final MIP Gap           : 0.0000 %
  Execution Time  : 62.6588 sec
  Iterations      : 163
  RMP Time  : 22.5018 s
  MIP Time  : 6.4643 s
  Pool Search Time: 20.7554 s
  Graph Search Time: 12.8644 s
  MIP Decision Variables: 814 (Columns used in Final MIP)
  MIP Filtered Columns  : 0 (Removed before MIP)

2. Column Generation & Pool Statistics
--------------------------------------
  Total Columns Generated (History) : 10302
  Pool Hits (Reused from History)   : 358
  Graph Gen (Newly Created)         : 446
  Pool Hit Rate                     : 44.5%

3. Shift Pattern Diversity (Unique Patterns)
------------------------------------------
  Type: TypeA  | Unique Patterns: 2171 / Total Gen: 2171
       -> Avg Length of Unique Patterns: 47.1 hours
  Type: TypeB  | Unique Patterns: 1905 / Total Gen: 3810
       -> Avg Length of Unique Patterns: 36.2 hours
  Type: TypeC  | Unique Patterns: 2158 / Total Gen: 4316
       -> Avg Length of Unique Patterns: 24.4 hours

4. Final Schedule Assignment Breakdown
--------------------------------------
  Emp 0  (TypeA): 50 hours worked
  Emp 1  (TypeB): 38 hours worked
  Emp 2  (TypeB): 37 hours worked
  Emp 3  (TypeC): 27 hours worked
  Emp 4  (TypeC): 23 hours worked

5. Iteration History (Convergence Log)
--------------------------------------
Iter  | RMP Obj Value   | Pool Hits  | Graph Gen 
--------------------------------------------------
1     | 114,011,900.00  | 5          | 0         
2     | 40,209,200.00   | 5          | 0         
3     | 22,205,000.00   | 5          | 0         
4     | 20,199,200.00   | 5          | 0         
5     | 18,868,566.62   | 5          | 0         
6     | 15,701,550.00   | 5          | 0         
7     | 15,485,507.16   | 5          | 0         
8     | 13,570,408.38   | 5          | 0         
9     | 12,274,629.37   | 5          | 0         
10    | 11,001,120.00   | 5          | 0         
11    | 10,600,580.00   | 5          | 0         
12    | 10,485,597.40   | 5          | 0         
13    | 10,281,579.60   | 5          | 0         
14    | 9,968,174.85    | 5          | 0         
15    | 9,739,879.44    | 5          | 0         
16    | 9,549,511.91    | 5          | 0         
17    | 9,482,908.31    | 5          | 0         
18    | 9,298,663.21    | 5          | 0         
19    | 9,153,885.89    | 5          | 0         
20    | 9,114,132.31    | 5          | 0         
21    | 9,067,552.81    | 5          | 0         
22    | 8,814,464.50    | 5          | 0         
23    | 8,676,120.18    | 5          | 0         
24    | 8,637,113.21    | 5          | 0         
25    | 8,611,131.67    | 5          | 0         
26    | 8,575,185.44    | 5          | 0         
27    | 8,553,890.15    | 4          | 1         
28    | 8,204,862.36    | 5          | 0         
29    | 8,083,675.03    | 5          | 0         
30    | 7,989,600.19    | 5          | 0         
31    | 7,907,149.01    | 4          | 1         
32    | 7,665,135.44    | 4          | 1         
33    | 7,541,852.92    | 4          | 1         
34    | 7,368,391.26    | 4          | 1         
35    | 7,277,888.15    | 4          | 1         
36    | 7,199,423.19    | 4          | 1         
37    | 7,165,411.59    | 4          | 1         
38    | 7,153,723.10    | 4          | 1         
39    | 7,123,293.55    | 4          | 1         
40    | 7,101,502.05    | 4          | 1         
41    | 7,100,371.57    | 4          | 1         
42    | 7,097,542.57    | 2          | 3         
43    | 6,824,393.24    | 4          | 1         
44    | 6,789,787.39    | 4          | 1         
45    | 6,782,140.01    | 4          | 1         
46    | 6,749,271.63    | 4          | 1         
47    | 6,747,617.69    | 4          | 1         
48    | 6,738,020.78    | 0          | 5         
49    | 6,094,416.72    | 5          | 0         
50    | 6,065,875.72    | 5          | 0         
51    | 6,060,494.16    | 4          | 1         
52    | 5,904,310.24    | 5          | 0         
53    | 5,862,950.69    | 4          | 1         
54    | 5,807,632.98    | 4          | 1         
55    | 5,788,239.66    | 4          | 1         
56    | 5,766,196.63    | 4          | 1         
57    | 5,753,215.37    | 2          | 3         
58    | 5,574,931.29    | 4          | 1         
59    | 5,519,981.41    | 4          | 1         
60    | 5,471,691.49    | 4          | 1         
61    | 5,444,526.01    | 4          | 1         
62    | 5,405,331.59    | 2          | 3         
63    | 4,994,854.58    | 4          | 1         
64    | 4,924,037.98    | 4          | 1         
65    | 4,905,917.61    | 4          | 1         
66    | 4,889,596.72    | 2          | 3         
67    | 4,647,857.07    | 4          | 1         
68    | 4,630,831.25    | 2          | 3         
69    | 4,356,589.43    | 3          | 2         
70    | 4,130,436.33    | 2          | 3         
71    | 3,945,719.97    | 2          | 3         
72    | 3,770,662.09    | 2          | 3         
73    | 3,663,774.77    | 4          | 1         
74    | 3,637,365.87    | 3          | 2         
75    | 3,630,439.47    | 2          | 3         
76    | 3,579,173.64    | 2          | 3         
77    | 3,517,435.59    | 2          | 3         
78    | 3,462,592.38    | 2          | 3         
79    | 3,432,175.31    | 2          | 3         
80    | 3,404,170.77    | 0          | 5         
81    | 3,350,040.69    | 0          | 5         
82    | 3,227,976.60    | 4          | 1         
83    | 3,219,166.15    | 4          | 1         
84    | 3,206,628.64    | 2          | 3         
85    | 3,049,301.57    | 2          | 3         
86    | 3,011,802.46    | 2          | 3         
87    | 2,962,853.47    | 0          | 5         
88    | 2,946,281.86    | 2          | 3         
89    | 2,934,040.90    | 0          | 5         
90    | 2,833,169.90    | 0          | 5         
91    | 2,689,692.99    | 0          | 5         
92    | 2,646,074.77    | 0          | 5         
93    | 2,598,694.95    | 0          | 5         
94    | 2,562,732.23    | 2          | 3         
95    | 2,525,971.12    | 4          | 1         
96    | 2,519,127.25    | 0          | 5         
97    | 2,482,129.30    | 2          | 3         
98    | 2,442,383.78    | 4          | 1         
99    | 2,442,204.45    | 2          | 3         
100   | 2,442,204.45    | 0          | 4         
101   | 2,429,762.24    | 0          | 5         
102   | 2,403,411.73    | 2          | 3         
103   | 2,402,594.61    | 0          | 5         
104   | 2,390,446.97    | 0          | 5         
105   | 2,377,828.90    | 0          | 5         
106   | 2,371,773.05    | 2          | 3         
107   | 2,359,717.34    | 0          | 5         
108   | 2,355,921.75    | 0          | 5         
109   | 2,351,750.18    | 0          | 5         
110   | 2,348,088.24    | 0          | 5         
111   | 2,348,088.24    | 0          | 5         
112   | 2,348,088.24    | 0          | 5         
113   | 2,348,088.24    | 0          | 5         
114   | 2,342,241.78    | 0          | 5         
115   | 2,323,853.12    | 0          | 5         
116   | 2,323,853.12    | 0          | 5         
117   | 2,323,853.12    | 0          | 5         
118   | 2,322,563.12    | 2          | 3         
119   | 2,322,563.12    | 0          | 5         
120   | 2,321,887.31    | 0          | 5         
121   | 2,310,453.63    | 2          | 2         
122   | 2,308,103.94    | 0          | 5         
123   | 2,304,175.53    | 0          | 5         
124   | 2,300,528.08    | 0          | 5         
125   | 2,300,528.08    | 0          | 5         
126   | 2,300,528.08    | 0          | 5         
127   | 2,297,438.84    | 0          | 5         
128   | 2,296,739.55    | 0          | 5         
129   | 2,266,969.58    | 2          | 3         
130   | 2,266,969.58    | 0          | 5         
131   | 2,252,796.32    | 0          | 4         
132   | 2,246,562.11    | 2          | 3         
133   | 2,245,979.28    | 0          | 5         
134   | 2,245,789.50    | 0          | 5         
135   | 2,243,859.54    | 0          | 5         
136   | 2,243,859.54    | 0          | 4         
137   | 2,239,442.65    | 0          | 4         
138   | 2,239,442.65    | 0          | 4         
139   | 2,230,568.52    | 0          | 5         
140   | 2,230,568.52    | 0          | 5         
141   | 2,229,953.00    | 0          | 5         
142   | 2,229,953.00    | 0          | 5         
143   | 2,223,130.93    | 0          | 5         
144   | 2,223,130.93    | 0          | 4         
145   | 2,218,776.89    | 0          | 5         
146   | 2,197,732.79    | 0          | 4         
147   | 2,197,732.79    | 0          | 4         
148   | 2,193,487.50    | 0          | 5         
149   | 2,193,487.50    | 0          | 5         
150   | 2,193,487.50    | 0          | 5         
151   | 2,193,487.50    | 0          | 5         
152   | 2,193,487.50    | 0          | 5         
153   | 2,193,487.50    | 0          | 5         
154   | 2,193,487.50    | 0          | 5         
155   | 2,193,487.50    | 0          | 5         
156   | 2,193,487.50    | 0          | 5         
157   | 2,193,487.50    | 0          | 5         
158   | 2,193,487.50    | 0          | 5         
159   | 2,193,487.50    | 0          | 5         
160   | 2,193,487.50    | 0          | 5         
161   | 2,193,487.50    | 0          | 4         
162   | 2,193,487.50    | 0          | 4         
163   | 2,193,487.50    | 0          | 5         
