==========================================================
 ANALYSIS REPORT: Week 8
==========================================================

1. Performance Metrics
----------------------
  Objective Value : 2,187,700.00
  RMP Relaxed Value (Root): 940,650.00
  Integrality Gap       : 132.5732 %
  Execution Time  : 270.0856 sec
  Iterations      : 327
  RMP Time  : 187.8865 s
  MIP Time  : 8.7499 s
  Pool Search Time: 7.9046 s
  Graph Search Time: 65.0487 s
  MIP Decision Variables: 1540 (Columns used in Final MIP)
  MIP Filtered Columns  : 0 (Removed before MIP)

2. Column Generation & Pool Statistics
--------------------------------------
  Total Columns Generated (History) : 2278
  Pool Hits (Reused from History)   : 262
  Graph Gen (Newly Created)         : 1268
  Pool Hit Rate                     : 17.1%

3. Shift Pattern Diversity (Unique Patterns)
------------------------------------------
  Type: TypeA  | Unique Patterns:  375 / Total Gen:  375
       -> Avg Length of Unique Patterns: 46.0 hours
  Type: TypeB  | Unique Patterns:  376 / Total Gen:  752
       -> Avg Length of Unique Patterns: 38.6 hours
  Type: TypeC  | Unique Patterns:  573 / Total Gen: 1146
       -> Avg Length of Unique Patterns: 23.9 hours

4. Final Schedule Assignment Breakdown
--------------------------------------
  Emp 0  (TypeA): 46 hours worked
  Emp 1  (TypeB): 40 hours worked
  Emp 2  (TypeB): 39 hours worked
  Emp 3  (TypeC): 28 hours worked
  Emp 4  (TypeC): 20 hours worked

5. Iteration History (Convergence Log)
--------------------------------------
Iter  | RMP Obj Value   | Pool Hits  | Graph Gen 
--------------------------------------------------
1     | 100,016,000.00  | 10         | 0         
2     | 54,130,800.00   | 10         | 0         
3     | 32,160,500.00   | 10         | 0         
4     | 26,186,400.00   | 10         | 0         
5     | 23,990,080.00   | 10         | 0         
6     | 23,190,200.00   | 10         | 0         
7     | 22,364,583.32   | 10         | 0         
8     | 21,796,360.00   | 10         | 0         
9     | 21,340,042.43   | 10         | 0         
10    | 21,093,535.00   | 10         | 0         
11    | 20,943,943.75   | 10         | 0         
12    | 20,818,612.50   | 10         | 0         
13    | 20,791,940.00   | 8          | 0         
14    | 20,791,940.00   | 0          | 5         
15    | 15,594,490.00   | 10         | 0         
16    | 15,191,255.52   | 10         | 0         
17    | 15,041,589.38   | 10         | 0         
18    | 14,858,966.62   | 8          | 0         
19    | 14,857,133.34   | 7          | 0         
20    | 14,857,133.34   | 0          | 5         
21    | 13,497,323.09   | 10         | 0         
22    | 13,414,466.64   | 0          | 5         
23    | 12,230,874.51   | 10         | 0         
24    | 12,230,874.51   | 10         | 0         
25    | 12,208,070.77   | 1          | 5         
26    | 10,411,445.66   | 10         | 0         
27    | 10,384,476.19   | 9          | 0         
28    | 10,367,582.63   | 2          | 5         
29    | 8,943,975.00    | 9          | 0         
30    | 8,943,975.00    | 2          | 5         
31    | 7,779,874.90    | 4          | 5         
32    | 6,873,148.48    | 3          | 5         
33    | 6,482,126.85    | 0          | 5         
34    | 6,028,243.34    | 9          | 0         
35    | 6,024,023.65    | 0          | 5         
36    | 5,211,526.32    | 0          | 5         
37    | 4,684,610.72    | 2          | 5         
38    | 4,548,689.81    | 0          | 5         
39    | 4,088,303.95    | 2          | 5         
40    | 3,864,957.87    | 2          | 5         
41    | 3,676,931.85    | 2          | 5         
42    | 3,548,665.58    | 0          | 5         
43    | 3,466,014.67    | 0          | 5         
44    | 3,370,582.24    | 0          | 5         
45    | 3,211,869.13    | 2          | 5         
46    | 3,161,283.33    | 0          | 5         
47    | 3,036,207.70    | 0          | 5         
48    | 2,972,865.83    | 0          | 5         
49    | 2,872,239.26    | 0          | 5         
50    | 2,704,538.23    | 0          | 5         
51    | 2,623,999.63    | 0          | 5         
52    | 2,586,068.73    | 0          | 5         
53    | 2,460,748.65    | 0          | 5         
54    | 2,323,885.00    | 0          | 5         
55    | 2,287,203.39    | 0          | 5         
56    | 2,155,153.24    | 0          | 5         
57    | 2,024,768.26    | 0          | 5         
58    | 1,983,431.41    | 0          | 5         
59    | 1,966,118.43    | 0          | 5         
60    | 1,907,632.62    | 0          | 5         
61    | 1,822,390.69    | 0          | 5         
62    | 1,742,876.28    | 0          | 5         
63    | 1,721,566.65    | 0          | 5         
64    | 1,707,340.84    | 0          | 5         
65    | 1,693,689.93    | 0          | 5         
66    | 1,672,434.85    | 0          | 5         
67    | 1,642,554.55    | 0          | 5         
68    | 1,566,290.05    | 0          | 5         
69    | 1,553,188.44    | 0          | 5         
70    | 1,523,915.80    | 0          | 5         
71    | 1,448,482.17    | 0          | 5         
72    | 1,420,476.97    | 0          | 5         
73    | 1,387,942.28    | 0          | 5         
74    | 1,384,335.13    | 0          | 5         
75    | 1,369,129.49    | 0          | 5         
76    | 1,363,475.83    | 0          | 5         
77    | 1,310,794.16    | 0          | 5         
78    | 1,302,831.53    | 0          | 5         
79    | 1,281,144.56    | 0          | 5         
80    | 1,221,269.40    | 0          | 5         
81    | 1,212,901.15    | 0          | 5         
82    | 1,198,547.81    | 0          | 5         
83    | 1,150,268.77    | 0          | 5         
84    | 1,135,796.49    | 0          | 5         
85    | 1,114,367.79    | 0          | 5         
86    | 1,087,280.21    | 0          | 5         
87    | 1,066,013.81    | 0          | 5         
88    | 1,055,302.10    | 0          | 5         
89    | 1,046,071.52    | 0          | 5         
90    | 1,046,071.52    | 0          | 5         
91    | 1,046,071.52    | 0          | 5         
92    | 1,030,266.52    | 0          | 5         
93    | 1,009,603.58    | 0          | 5         
94    | 1,009,603.58    | 0          | 5         
95    | 1,008,817.27    | 0          | 5         
96    | 1,004,146.39    | 0          | 5         
97    | 993,777.54      | 0          | 5         
98    | 981,429.08      | 0          | 5         
99    | 964,635.94      | 0          | 5         
100   | 964,572.57      | 0          | 5         
101   | 949,364.36      | 0          | 5         
102   | 949,174.16      | 0          | 5         
103   | 948,393.81      | 0          | 5         
104   | 948,338.19      | 0          | 5         
105   | 948,338.19      | 0          | 5         
106   | 948,144.23      | 0          | 5         
107   | 948,144.23      | 0          | 5         
108   | 947,903.11      | 0          | 5         
109   | 947,248.88      | 0          | 5         
110   | 947,248.88      | 0          | 5         
111   | 947,248.88      | 0          | 5         
112   | 946,802.57      | 0          | 5         
113   | 946,795.39      | 0          | 5         
114   | 946,795.39      | 0          | 5         
115   | 946,794.92      | 0          | 5         
116   | 946,794.92      | 0          | 5         
117   | 946,364.14      | 0          | 5         
118   | 946,364.14      | 0          | 5         
119   | 946,177.90      | 0          | 5         
120   | 946,158.68      | 0          | 5         
121   | 946,085.62      | 0          | 5         
122   | 946,083.15      | 0          | 5         
123   | 945,988.61      | 0          | 5         
124   | 945,971.19      | 0          | 3         
125   | 945,839.47      | 0          | 3         
126   | 945,358.85      | 0          | 5         
127   | 945,358.63      | 0          | 3         
128   | 945,358.63      | 0          | 3         
129   | 945,358.63      | 0          | 3         
130   | 945,358.63      | 0          | 5         
131   | 945,235.94      | 0          | 5         
132   | 945,235.94      | 0          | 5         
133   | 945,235.94      | 0          | 5         
134   | 945,235.94      | 0          | 5         
135   | 945,235.94      | 0          | 5         
136   | 944,785.48      | 0          | 3         
137   | 944,649.06      | 0          | 5         
138   | 944,649.06      | 0          | 5         
139   | 944,476.70      | 0          | 3         
140   | 944,113.78      | 0          | 5         
141   | 943,934.88      | 0          | 5         
142   | 943,931.09      | 0          | 5         
143   | 943,931.09      | 0          | 5         
144   | 943,931.09      | 0          | 3         
145   | 943,832.74      | 0          | 3         
146   | 943,832.74      | 0          | 5         
147   | 943,832.74      | 0          | 3         
148   | 943,832.74      | 0          | 5         
149   | 943,832.74      | 0          | 3         
150   | 943,832.74      | 0          | 3         
151   | 943,335.11      | 0          | 3         
152   | 943,137.58      | 0          | 5         
153   | 942,771.25      | 0          | 5         
154   | 942,762.80      | 0          | 3         
155   | 942,492.14      | 0          | 5         
156   | 942,492.14      | 0          | 5         
157   | 942,492.14      | 0          | 5         
158   | 942,355.13      | 0          | 5         
159   | 942,355.13      | 0          | 5         
160   | 942,355.13      | 0          | 5         
161   | 942,350.31      | 0          | 5         
162   | 942,350.31      | 0          | 5         
163   | 942,339.88      | 0          | 3         
164   | 942,182.26      | 0          | 3         
165   | 942,182.26      | 0          | 5         
166   | 942,182.26      | 0          | 5         
167   | 942,182.26      | 0          | 5         
168   | 942,182.26      | 0          | 5         
169   | 942,182.26      | 0          | 5         
170   | 942,182.26      | 0          | 3         
171   | 942,182.26      | 0          | 5         
172   | 942,182.26      | 0          | 3         
173   | 942,135.53      | 0          | 5         
174   | 942,135.53      | 0          | 5         
175   | 942,082.49      | 0          | 5         
176   | 942,082.49      | 0          | 5         
177   | 942,082.49      | 0          | 5         
178   | 941,991.51      | 0          | 5         
179   | 941,991.51      | 0          | 5         
180   | 941,991.51      | 0          | 5         
181   | 941,991.51      | 0          | 5         
182   | 941,991.51      | 0          | 5         
183   | 941,991.51      | 0          | 5         
184   | 941,986.96      | 0          | 5         
185   | 941,873.40      | 0          | 5         
186   | 941,837.32      | 0          | 5         
187   | 941,837.32      | 0          | 5         
188   | 941,594.93      | 0          | 3         
189   | 941,594.93      | 0          | 3         
190   | 941,464.90      | 0          | 3         
191   | 941,464.90      | 0          | 3         
192   | 941,464.90      | 0          | 3         
193   | 941,464.90      | 0          | 3         
194   | 941,423.81      | 0          | 5         
195   | 941,423.81      | 0          | 5         
196   | 941,423.81      | 0          | 5         
197   | 941,423.81      | 0          | 5         
198   | 941,384.80      | 0          | 3         
199   | 941,384.80      | 0          | 3         
200   | 941,384.80      | 0          | 5         
201   | 941,384.80      | 0          | 5         
202   | 941,384.80      | 0          | 5         
203   | 941,007.77      | 0          | 5         
204   | 941,007.77      | 0          | 5         
205   | 941,007.77      | 0          | 5         
206   | 940,999.12      | 0          | 5         
207   | 940,999.12      | 0          | 5         
208   | 940,999.12      | 0          | 5         
209   | 940,999.12      | 0          | 3         
210   | 940,999.12      | 0          | 5         
211   | 940,999.12      | 0          | 5         
212   | 940,921.43      | 0          | 3         
213   | 940,921.43      | 0          | 3         
214   | 940,921.43      | 0          | 5         
215   | 940,845.46      | 0          | 5         
216   | 940,845.46      | 0          | 5         
217   | 940,765.91      | 0          | 5         
218   | 940,765.91      | 0          | 5         
219   | 940,765.91      | 0          | 5         
220   | 940,765.91      | 0          | 5         
221   | 940,765.91      | 0          | 3         
222   | 940,765.91      | 0          | 5         
223   | 940,765.91      | 0          | 5         
224   | 940,765.91      | 0          | 3         
225   | 940,765.91      | 0          | 5         
226   | 940,765.91      | 0          | 5         
227   | 940,765.91      | 0          | 4         
228   | 940,765.91      | 0          | 2         
229   | 940,765.91      | 0          | 5         
230   | 940,765.91      | 0          | 5         
231   | 940,765.91      | 0          | 5         
232   | 940,765.91      | 0          | 5         
233   | 940,765.91      | 0          | 5         
234   | 940,765.91      | 0          | 5         
235   | 940,765.91      | 0          | 5         
236   | 940,765.91      | 0          | 3         
237   | 940,765.91      | 0          | 5         
238   | 940,765.91      | 0          | 5         
239   | 940,765.91      | 0          | 5         
240   | 940,765.91      | 0          | 3         
241   | 940,765.91      | 0          | 5         
242   | 940,765.91      | 0          | 2         
243   | 940,765.91      | 0          | 3         
244   | 940,765.91      | 0          | 3         
245   | 940,765.91      | 0          | 5         
246   | 940,765.91      | 0          | 3         
247   | 940,765.91      | 0          | 5         
248   | 940,765.91      | 0          | 3         
249   | 940,765.91      | 0          | 5         
250   | 940,765.91      | 0          | 4         
251   | 940,765.91      | 0          | 3         
252   | 940,765.91      | 0          | 2         
253   | 940,765.91      | 0          | 3         
254   | 940,765.91      | 0          | 4         
255   | 940,765.91      | 0          | 3         
256   | 940,765.91      | 0          | 2         
257   | 940,765.91      | 0          | 2         
258   | 940,765.91      | 0          | 2         
259   | 940,765.91      | 0          | 4         
260   | 940,765.91      | 0          | 3         
261   | 940,765.91      | 0          | 4         
262   | 940,765.91      | 0          | 3         
263   | 940,765.91      | 0          | 5         
264   | 940,765.91      | 0          | 5         
265   | 940,765.91      | 0          | 5         
266   | 940,765.91      | 0          | 2         
267   | 940,765.91      | 0          | 4         
268   | 940,765.91      | 0          | 5         
269   | 940,765.91      | 0          | 5         
270   | 940,765.91      | 0          | 2         
271   | 940,765.91      | 0          | 2         
272   | 940,765.91      | 0          | 3         
273   | 940,765.91      | 0          | 3         
274   | 940,765.91      | 0          | 5         
275   | 940,765.91      | 0          | 3         
276   | 940,765.91      | 0          | 2         
277   | 940,750.00      | 0          | 2         
278   | 940,684.38      | 0          | 5         
279   | 940,684.38      | 0          | 3         
280   | 940,684.38      | 0          | 3         
281   | 940,684.37      | 0          | 2         
282   | 940,684.37      | 0          | 4         
283   | 940,684.37      | 0          | 2         
284   | 940,684.37      | 0          | 3         
285   | 940,684.37      | 0          | 3         
286   | 940,684.37      | 0          | 3         
287   | 940,684.37      | 0          | 2         
288   | 940,684.37      | 0          | 2         
289   | 940,684.37      | 0          | 2         
290   | 940,684.37      | 0          | 5         
291   | 940,684.37      | 0          | 3         
292   | 940,684.37      | 0          | 5         
293   | 940,684.37      | 0          | 2         
294   | 940,684.37      | 0          | 3         
295   | 940,684.37      | 0          | 3         
296   | 940,684.37      | 0          | 3         
297   | 940,684.37      | 0          | 3         
298   | 940,684.37      | 0          | 4         
299   | 940,684.37      | 0          | 3         
300   | 940,684.37      | 0          | 3         
301   | 940,684.37      | 0          | 2         
302   | 940,684.37      | 0          | 2         
303   | 940,684.37      | 0          | 3         
304   | 940,684.37      | 0          | 3         
305   | 940,684.37      | 0          | 2         
306   | 940,684.37      | 0          | 2         
307   | 940,684.37      | 0          | 3         
308   | 940,684.37      | 0          | 3         
309   | 940,684.37      | 0          | 3         
310   | 940,684.37      | 0          | 2         
311   | 940,684.37      | 0          | 2         
312   | 940,684.37      | 0          | 3         
313   | 940,684.37      | 0          | 2         
314   | 940,661.36      | 0          | 2         
315   | 940,661.36      | 0          | 3         
316   | 940,661.36      | 0          | 3         
317   | 940,661.36      | 0          | 2         
318   | 940,661.36      | 0          | 2         
319   | 940,661.36      | 0          | 3         
320   | 940,661.36      | 0          | 5         
321   | 940,661.36      | 0          | 2         
322   | 940,661.36      | 0          | 2         
323   | 940,661.36      | 0          | 3         
324   | 940,650.00      | 0          | 3         
325   | 940,650.00      | 0          | 3         
326   | 940,650.00      | 0          | 1         
327   | 940,650.00      | 0          | 0         
