==========================================================
 ANALYSIS REPORT: Week 14
==========================================================

1. Performance Metrics
----------------------
  Objective Value : 1,190,000.00
  RMP Relaxed Value (Root): 190,350.00
  Integrality Gap       : 525.1642 %
  Execution Time  : 148.6419 sec
  Iterations      : 212
  RMP Time  : 88.1408 s
  MIP Time  : 8.2915 s
  Pool Search Time: 9.2262 s
  Graph Search Time: 42.7119 s
  MIP Decision Variables: 1142 (Columns used in Final MIP)
  MIP Filtered Columns  : 0 (Removed before MIP)

2. Column Generation & Pool Statistics
--------------------------------------
  Total Columns Generated (History) : 2745
  Pool Hits (Reused from History)   : 282
  Graph Gen (Newly Created)         : 850
  Pool Hit Rate                     : 24.9%

3. Shift Pattern Diversity (Unique Patterns)
------------------------------------------
  Type: TypeA  | Unique Patterns:  493 / Total Gen:  493
       -> Avg Length of Unique Patterns: 46.9 hours
  Type: TypeB  | Unique Patterns:  561 / Total Gen: 1122
       -> Avg Length of Unique Patterns: 35.8 hours
  Type: TypeC  | Unique Patterns:  563 / Total Gen: 1125
       -> Avg Length of Unique Patterns: 25.0 hours

4. Final Schedule Assignment Breakdown
--------------------------------------
  Emp 0  (TypeA): 46 hours worked
  Emp 1  (TypeB): 39 hours worked
  Emp 2  (TypeB): 36 hours worked
  Emp 3  (TypeC): 25 hours worked
  Emp 4  (TypeC): 29 hours worked

5. Iteration History (Convergence Log)
--------------------------------------
Iter  | RMP Obj Value   | Pool Hits  | Graph Gen 
--------------------------------------------------
1     | 106,012,000.00  | 10         | 0         
2     | 76,052,400.00   | 10         | 0         
3     | 38,628,400.00   | 10         | 0         
4     | 23,936,100.00   | 10         | 0         
5     | 15,687,300.00   | 10         | 0         
6     | 13,958,128.56   | 10         | 0         
7     | 13,040,680.04   | 10         | 0         
8     | 12,834,216.16   | 10         | 0         
9     | 12,624,925.67   | 10         | 0         
10    | 12,273,913.92   | 10         | 0         
11    | 12,140,745.96   | 10         | 0         
12    | 12,016,321.90   | 10         | 0         
13    | 11,839,166.27   | 10         | 0         
14    | 11,769,857.76   | 10         | 0         
15    | 11,717,765.56   | 6          | 0         
16    | 11,712,708.45   | 2          | 5         
17    | 9,386,569.53    | 10         | 0         
18    | 9,031,913.92    | 10         | 0         
19    | 8,673,906.41    | 5          | 5         
20    | 6,682,322.42    | 10         | 0         
21    | 6,612,173.12    | 10         | 0         
22    | 6,565,479.86    | 3          | 5         
23    | 5,092,202.98    | 10         | 0         
24    | 5,001,941.36    | 10         | 0         
25    | 4,981,566.36    | 10         | 0         
26    | 4,963,591.37    | 4          | 5         
27    | 4,378,581.79    | 7          | 0         
28    | 4,375,109.38    | 0          | 5         
29    | 3,980,367.49    | 5          | 5         
30    | 3,564,744.82    | 6          | 0         
31    | 3,556,221.69    | 10         | 0         
32    | 3,549,052.96    | 0          | 5         
33    | 3,218,434.37    | 4          | 5         
34    | 3,102,968.18    | 2          | 5         
35    | 2,995,245.75    | 0          | 5         
36    | 2,657,356.42    | 8          | 0         
37    | 2,645,056.11    | 0          | 5         
38    | 2,364,914.12    | 0          | 5         
39    | 2,202,509.76    | 0          | 5         
40    | 2,102,790.81    | 0          | 5         
41    | 2,077,228.93    | 0          | 5         
42    | 1,972,445.32    | 0          | 5         
43    | 1,851,984.61    | 6          | 0         
44    | 1,850,941.75    | 0          | 5         
45    | 1,658,091.37    | 0          | 5         
46    | 1,591,332.94    | 0          | 5         
47    | 1,512,403.70    | 0          | 5         
48    | 1,396,651.25    | 0          | 5         
49    | 1,386,160.19    | 0          | 5         
50    | 1,325,588.37    | 0          | 5         
51    | 1,224,849.51    | 0          | 5         
52    | 1,170,988.16    | 0          | 5         
53    | 1,087,299.53    | 0          | 5         
54    | 1,035,082.02    | 0          | 5         
55    | 985,073.35      | 0          | 5         
56    | 952,295.31      | 2          | 5         
57    | 918,005.55      | 0          | 5         
58    | 862,911.28      | 0          | 5         
59    | 797,087.23      | 0          | 5         
60    | 659,032.24      | 0          | 5         
61    | 654,884.72      | 0          | 5         
62    | 627,267.05      | 0          | 5         
63    | 603,104.28      | 0          | 5         
64    | 595,866.54      | 0          | 5         
65    | 586,909.73      | 0          | 5         
66    | 526,715.48      | 0          | 5         
67    | 488,774.96      | 0          | 5         
68    | 465,990.14      | 0          | 5         
69    | 454,768.51      | 0          | 5         
70    | 407,510.66      | 0          | 5         
71    | 381,650.33      | 0          | 5         
72    | 378,152.25      | 0          | 5         
73    | 356,668.11      | 0          | 5         
74    | 356,668.11      | 0          | 5         
75    | 337,723.23      | 0          | 5         
76    | 332,034.79      | 0          | 5         
77    | 328,062.10      | 0          | 5         
78    | 322,117.34      | 0          | 5         
79    | 318,478.23      | 0          | 5         
80    | 317,176.04      | 0          | 5         
81    | 295,644.48      | 0          | 5         
82    | 287,791.44      | 0          | 5         
83    | 282,640.82      | 0          | 5         
84    | 268,580.32      | 2          | 5         
85    | 264,551.17      | 0          | 5         
86    | 259,286.53      | 0          | 5         
87    | 256,119.62      | 0          | 5         
88    | 256,119.62      | 0          | 5         
89    | 255,863.75      | 0          | 5         
90    | 244,519.23      | 0          | 5         
91    | 241,772.64      | 0          | 5         
92    | 239,568.66      | 0          | 5         
93    | 233,539.21      | 0          | 5         
94    | 215,261.14      | 0          | 5         
95    | 209,122.97      | 0          | 5         
96    | 200,370.64      | 0          | 5         
97    | 196,251.52      | 0          | 5         
98    | 196,251.52      | 0          | 5         
99    | 195,753.19      | 0          | 5         
100   | 195,753.19      | 0          | 5         
101   | 195,333.33      | 0          | 5         
102   | 195,333.33      | 0          | 5         
103   | 194,942.55      | 0          | 5         
104   | 194,942.55      | 0          | 5         
105   | 194,942.55      | 0          | 5         
106   | 194,781.54      | 0          | 5         
107   | 194,727.71      | 0          | 5         
108   | 194,727.71      | 0          | 5         
109   | 194,727.71      | 0          | 5         
110   | 194,727.71      | 0          | 5         
111   | 194,453.30      | 0          | 5         
112   | 194,453.30      | 0          | 5         
113   | 193,987.50      | 0          | 5         
114   | 193,161.48      | 0          | 5         
115   | 193,161.48      | 0          | 5         
116   | 193,161.48      | 0          | 5         
117   | 192,662.75      | 0          | 5         
118   | 192,479.07      | 0          | 5         
119   | 192,141.94      | 0          | 5         
120   | 192,094.12      | 0          | 5         
121   | 191,905.00      | 0          | 5         
122   | 191,762.32      | 0          | 5         
123   | 191,762.32      | 0          | 5         
124   | 191,762.32      | 0          | 5         
125   | 191,762.32      | 0          | 5         
126   | 191,729.73      | 0          | 5         
127   | 191,729.73      | 0          | 5         
128   | 191,729.73      | 0          | 5         
129   | 191,543.75      | 0          | 5         
130   | 191,543.75      | 0          | 5         
131   | 191,543.75      | 0          | 5         
132   | 191,522.73      | 0          | 5         
133   | 191,522.73      | 0          | 5         
134   | 191,510.72      | 0          | 5         
135   | 191,477.78      | 0          | 5         
136   | 191,283.33      | 0          | 5         
137   | 191,066.67      | 0          | 5         
138   | 191,066.67      | 0          | 5         
139   | 191,066.67      | 0          | 5         
140   | 191,066.67      | 0          | 5         
141   | 191,066.67      | 0          | 5         
142   | 191,066.67      | 0          | 5         
143   | 191,066.67      | 0          | 5         
144   | 190,966.67      | 0          | 5         
145   | 190,868.75      | 0          | 5         
146   | 190,868.75      | 0          | 5         
147   | 190,833.33      | 0          | 5         
148   | 190,833.33      | 0          | 5         
149   | 190,833.33      | 0          | 5         
150   | 190,500.00      | 0          | 5         
151   | 190,500.00      | 0          | 5         
152   | 190,500.00      | 0          | 5         
153   | 190,500.00      | 0          | 5         
154   | 190,500.00      | 0          | 4         
155   | 190,500.00      | 0          | 4         
156   | 190,500.00      | 0          | 4         
157   | 190,500.00      | 0          | 5         
158   | 190,500.00      | 0          | 5         
159   | 190,500.00      | 0          | 5         
160   | 190,500.00      | 0          | 5         
161   | 190,500.00      | 0          | 4         
162   | 190,500.00      | 0          | 5         
163   | 190,500.00      | 0          | 5         
164   | 190,500.00      | 0          | 5         
165   | 190,500.00      | 0          | 5         
166   | 190,500.00      | 0          | 5         
167   | 190,500.00      | 0          | 5         
168   | 190,500.00      | 0          | 5         
169   | 190,500.00      | 0          | 5         
170   | 190,500.00      | 0          | 5         
171   | 190,500.00      | 0          | 3         
172   | 190,500.00      | 0          | 5         
173   | 190,500.00      | 0          | 5         
174   | 190,500.00      | 0          | 3         
175   | 190,500.00      | 0          | 5         
176   | 190,500.00      | 0          | 5         
177   | 190,500.00      | 0          | 3         
178   | 190,500.00      | 0          | 3         
179   | 190,500.00      | 0          | 3         
180   | 190,500.00      | 0          | 3         
181   | 190,500.00      | 0          | 3         
182   | 190,500.00      | 0          | 3         
183   | 190,500.00      | 0          | 3         
184   | 190,500.00      | 0          | 3         
185   | 190,500.00      | 0          | 3         
186   | 190,500.00      | 0          | 3         
187   | 190,445.83      | 0          | 3         
188   | 190,445.83      | 0          | 4         
189   | 190,412.50      | 0          | 2         
190   | 190,412.50      | 0          | 3         
191   | 190,412.50      | 0          | 2         
192   | 190,412.50      | 0          | 2         
193   | 190,412.50      | 0          | 2         
194   | 190,412.50      | 0          | 2         
195   | 190,412.50      | 0          | 2         
196   | 190,412.50      | 0          | 2         
197   | 190,412.50      | 0          | 2         
198   | 190,361.54      | 0          | 5         
199   | 190,361.54      | 0          | 5         
200   | 190,361.54      | 0          | 3         
201   | 190,361.54      | 0          | 3         
202   | 190,361.54      | 0          | 5         
203   | 190,361.54      | 0          | 5         
204   | 190,361.54      | 0          | 5         
205   | 190,361.54      | 0          | 5         
206   | 190,361.54      | 0          | 2         
207   | 190,361.54      | 0          | 3         
208   | 190,361.54      | 0          | 5         
209   | 190,361.54      | 0          | 5         
210   | 190,361.54      | 0          | 4         
211   | 190,350.00      | 0          | 2         
212   | 190,350.00      | 0          | 0         
