==========================================================
 ANALYSIS REPORT: Week 7
==========================================================

1. Performance Metrics
----------------------
  Objective Value : 1,177,700.00
  RMP Relaxed Value (Root): 185,125.00
  Integrality Gap       : 536.1648 %
  Execution Time  : 358.1397 sec
  Iterations      : 395
  RMP Time  : 247.2867 s
  MIP Time  : 8.7515 s
  Pool Search Time: 20.5874 s
  Graph Search Time: 80.8895 s
  MIP Decision Variables: 1768 (Columns used in Final MIP)
  MIP Filtered Columns  : 0 (Removed before MIP)

2. Column Generation & Pool Statistics
--------------------------------------
  Total Columns Generated (History) : 3421
  Pool Hits (Reused from History)   : 278
  Graph Gen (Newly Created)         : 1480
  Pool Hit Rate                     : 15.8%

3. Shift Pattern Diversity (Unique Patterns)
------------------------------------------
  Type: TypeA  | Unique Patterns:  582 / Total Gen:  582
       -> Avg Length of Unique Patterns: 47.0 hours
  Type: TypeB  | Unique Patterns:  675 / Total Gen: 1350
       -> Avg Length of Unique Patterns: 37.3 hours
  Type: TypeC  | Unique Patterns:  742 / Total Gen: 1484
       -> Avg Length of Unique Patterns: 24.2 hours

4. Final Schedule Assignment Breakdown
--------------------------------------
  Emp 0  (TypeA): 45 hours worked
  Emp 1  (TypeB): 40 hours worked
  Emp 2  (TypeB): 39 hours worked
  Emp 3  (TypeC): 24 hours worked
  Emp 4  (TypeC): 21 hours worked

5. Iteration History (Convergence Log)
--------------------------------------
Iter  | RMP Obj Value   | Pool Hits  | Graph Gen 
--------------------------------------------------
1     | 111,012,000.00  | 10         | 0         
2     | 74,062,100.00   | 10         | 0         
3     | 36,136,350.00   | 10         | 0         
4     | 17,699,250.00   | 10         | 0         
5     | 14,488,342.83   | 10         | 0         
6     | 12,953,700.00   | 10         | 0         
7     | 11,985,704.33   | 10         | 0         
8     | 11,495,949.03   | 10         | 0         
9     | 11,296,382.09   | 10         | 0         
10    | 10,973,003.19   | 10         | 0         
11    | 10,622,780.41   | 10         | 0         
12    | 10,607,641.61   | 10         | 0         
13    | 10,599,674.97   | 6          | 0         
14    | 10,596,773.95   | 4          | 5         
15    | 7,433,107.35    | 10         | 0         
16    | 7,136,545.43    | 10         | 0         
17    | 7,075,081.36    | 4          | 5         
18    | 5,732,510.84    | 10         | 0         
19    | 5,593,378.80    | 10         | 0         
20    | 5,529,841.24    | 7          | 0         
21    | 5,488,911.77    | 10         | 0         
22    | 5,480,703.88    | 2          | 5         
23    | 4,392,595.32    | 10         | 0         
24    | 4,343,911.08    | 1          | 5         
25    | 3,336,902.60    | 3          | 5         
26    | 2,955,122.45    | 6          | 0         
27    | 2,942,315.43    | 0          | 5         
28    | 2,705,626.04    | 4          | 5         
29    | 2,480,070.55    | 6          | 0         
30    | 2,426,221.96    | 10         | 0         
31    | 2,426,221.96    | 0          | 5         
32    | 2,138,668.31    | 8          | 0         
33    | 2,116,840.54    | 0          | 5         
34    | 1,836,937.23    | 1          | 5         
35    | 1,736,996.62    | 5          | 5         
36    | 1,711,928.21    | 1          | 5         
37    | 1,598,209.77    | 2          | 5         
38    | 1,523,852.53    | 1          | 5         
39    | 1,318,205.14    | 7          | 0         
40    | 1,317,189.74    | 0          | 5         
41    | 1,150,832.97    | 6          | 0         
42    | 1,150,620.86    | 0          | 5         
43    | 980,340.56      | 0          | 5         
44    | 896,181.23      | 0          | 5         
45    | 789,620.16      | 2          | 5         
46    | 654,653.94      | 1          | 5         
47    | 554,834.85      | 0          | 5         
48    | 480,273.54      | 2          | 5         
49    | 456,841.37      | 0          | 5         
50    | 393,572.92      | 0          | 5         
51    | 383,042.09      | 0          | 5         
52    | 347,742.75      | 0          | 5         
53    | 347,742.75      | 0          | 5         
54    | 307,849.26      | 0          | 5         
55    | 268,439.05      | 0          | 5         
56    | 216,339.15      | 0          | 5         
57    | 208,047.59      | 0          | 5         
58    | 195,484.00      | 0          | 5         
59    | 194,939.44      | 2          | 5         
60    | 193,876.06      | 0          | 5         
61    | 192,970.33      | 2          | 5         
62    | 192,952.75      | 0          | 5         
63    | 192,438.95      | 0          | 5         
64    | 191,950.42      | 0          | 5         
65    | 191,950.42      | 0          | 5         
66    | 191,875.45      | 0          | 5         
67    | 191,775.32      | 0          | 5         
68    | 191,605.01      | 0          | 5         
69    | 191,605.01      | 0          | 5         
70    | 191,560.23      | 0          | 5         
71    | 191,464.08      | 0          | 5         
72    | 191,381.21      | 0          | 5         
73    | 191,321.34      | 0          | 5         
74    | 191,255.95      | 5          | 5         
75    | 191,094.73      | 0          | 5         
76    | 191,024.09      | 0          | 5         
77    | 190,861.84      | 0          | 5         
78    | 190,861.84      | 0          | 5         
79    | 190,838.26      | 0          | 5         
80    | 190,637.40      | 0          | 5         
81    | 190,581.20      | 0          | 5         
82    | 190,557.94      | 0          | 5         
83    | 190,199.70      | 0          | 5         
84    | 189,742.58      | 0          | 5         
85    | 189,601.09      | 0          | 5         
86    | 189,590.31      | 0          | 5         
87    | 189,586.78      | 0          | 5         
88    | 189,586.78      | 0          | 5         
89    | 189,583.65      | 0          | 5         
90    | 189,509.62      | 0          | 5         
91    | 189,462.83      | 0          | 5         
92    | 189,313.08      | 0          | 5         
93    | 189,298.68      | 0          | 5         
94    | 189,105.88      | 0          | 5         
95    | 189,105.88      | 0          | 5         
96    | 188,510.56      | 0          | 5         
97    | 188,321.85      | 0          | 5         
98    | 188,112.27      | 0          | 5         
99    | 188,012.72      | 0          | 5         
100   | 188,012.72      | 0          | 5         
101   | 187,984.94      | 0          | 5         
102   | 187,852.95      | 0          | 5         
103   | 187,852.95      | 0          | 5         
104   | 187,852.95      | 0          | 5         
105   | 187,799.33      | 0          | 5         
106   | 187,752.15      | 0          | 5         
107   | 187,752.15      | 0          | 5         
108   | 187,723.58      | 0          | 5         
109   | 187,719.71      | 0          | 5         
110   | 187,676.17      | 0          | 5         
111   | 187,658.69      | 0          | 5         
112   | 187,623.80      | 0          | 5         
113   | 187,623.80      | 0          | 5         
114   | 187,623.80      | 0          | 5         
115   | 187,272.21      | 0          | 5         
116   | 187,215.53      | 0          | 5         
117   | 187,215.53      | 0          | 5         
118   | 187,215.53      | 0          | 5         
119   | 187,172.19      | 0          | 5         
120   | 187,132.26      | 0          | 5         
121   | 187,115.49      | 0          | 5         
122   | 187,112.01      | 0          | 5         
123   | 187,112.01      | 0          | 5         
124   | 186,867.72      | 0          | 5         
125   | 186,867.72      | 0          | 5         
126   | 186,820.72      | 0          | 5         
127   | 186,726.74      | 0          | 5         
128   | 186,244.31      | 0          | 5         
129   | 186,244.31      | 0          | 5         
130   | 186,133.05      | 0          | 5         
131   | 186,133.05      | 0          | 5         
132   | 186,121.68      | 0          | 5         
133   | 186,121.68      | 0          | 5         
134   | 186,100.55      | 0          | 5         
135   | 186,100.55      | 0          | 4         
136   | 186,086.76      | 0          | 5         
137   | 186,086.76      | 0          | 5         
138   | 186,086.76      | 0          | 5         
139   | 186,082.38      | 0          | 5         
140   | 185,985.88      | 0          | 5         
141   | 185,985.88      | 0          | 5         
142   | 185,985.88      | 0          | 3         
143   | 185,960.66      | 0          | 5         
144   | 185,960.66      | 0          | 5         
145   | 185,960.66      | 0          | 5         
146   | 185,947.17      | 0          | 5         
147   | 185,947.17      | 0          | 4         
148   | 185,947.17      | 0          | 2         
149   | 185,947.17      | 0          | 4         
150   | 185,947.17      | 0          | 4         
151   | 185,947.17      | 0          | 4         
152   | 185,947.17      | 0          | 4         
153   | 185,947.17      | 0          | 4         
154   | 185,947.17      | 0          | 4         
155   | 185,947.17      | 0          | 4         
156   | 185,947.17      | 0          | 4         
157   | 185,947.17      | 0          | 4         
158   | 185,947.17      | 0          | 5         
159   | 185,947.17      | 0          | 2         
160   | 185,947.17      | 0          | 3         
161   | 185,947.17      | 0          | 4         
162   | 185,947.17      | 0          | 4         
163   | 185,947.17      | 0          | 4         
164   | 185,729.41      | 0          | 5         
165   | 185,729.41      | 0          | 5         
166   | 185,729.41      | 0          | 5         
167   | 185,729.41      | 0          | 5         
168   | 185,729.41      | 0          | 5         
169   | 185,707.25      | 0          | 4         
170   | 185,707.25      | 0          | 4         
171   | 185,700.00      | 0          | 2         
172   | 185,700.00      | 0          | 2         
173   | 185,700.00      | 0          | 2         
174   | 185,700.00      | 0          | 2         
175   | 185,700.00      | 0          | 3         
176   | 185,700.00      | 0          | 2         
177   | 185,700.00      | 0          | 4         
178   | 185,700.00      | 0          | 5         
179   | 185,685.45      | 0          | 5         
180   | 185,685.45      | 0          | 5         
181   | 185,685.45      | 0          | 5         
182   | 185,685.45      | 0          | 5         
183   | 185,685.45      | 0          | 5         
184   | 185,682.73      | 0          | 5         
185   | 185,682.73      | 0          | 5         
186   | 185,682.73      | 0          | 4         
187   | 185,682.73      | 0          | 5         
188   | 185,682.73      | 0          | 5         
189   | 185,676.00      | 0          | 4         
190   | 185,676.00      | 0          | 4         
191   | 185,676.00      | 0          | 4         
192   | 185,676.00      | 0          | 4         
193   | 185,676.00      | 0          | 4         
194   | 185,676.00      | 0          | 5         
195   | 185,676.00      | 0          | 4         
196   | 185,676.00      | 0          | 4         
197   | 185,672.41      | 0          | 4         
198   | 185,672.41      | 0          | 5         
199   | 185,672.41      | 0          | 5         
200   | 185,510.00      | 0          | 3         
201   | 185,510.00      | 0          | 2         
202   | 185,510.00      | 0          | 2         
203   | 185,510.00      | 0          | 2         
204   | 185,510.00      | 0          | 4         
205   | 185,510.00      | 0          | 4         
206   | 185,510.00      | 0          | 5         
207   | 185,510.00      | 0          | 5         
208   | 185,510.00      | 0          | 5         
209   | 185,510.00      | 0          | 5         
210   | 185,510.00      | 0          | 4         
211   | 185,510.00      | 0          | 5         
212   | 185,510.00      | 0          | 3         
213   | 185,510.00      | 0          | 5         
214   | 185,510.00      | 0          | 4         
215   | 185,510.00      | 0          | 4         
216   | 185,510.00      | 0          | 4         
217   | 185,510.00      | 0          | 4         
218   | 185,510.00      | 0          | 4         
219   | 185,510.00      | 0          | 4         
220   | 185,510.00      | 0          | 3         
221   | 185,510.00      | 0          | 4         
222   | 185,510.00      | 0          | 2         
223   | 185,510.00      | 0          | 3         
224   | 185,510.00      | 0          | 4         
225   | 185,510.00      | 0          | 2         
226   | 185,510.00      | 0          | 3         
227   | 185,510.00      | 0          | 4         
228   | 185,510.00      | 0          | 2         
229   | 185,510.00      | 0          | 2         
230   | 185,510.00      | 0          | 2         
231   | 185,510.00      | 0          | 5         
232   | 185,510.00      | 0          | 2         
233   | 185,510.00      | 0          | 5         
234   | 185,510.00      | 0          | 4         
235   | 185,510.00      | 0          | 5         
236   | 185,510.00      | 0          | 2         
237   | 185,510.00      | 0          | 4         
238   | 185,451.61      | 0          | 4         
239   | 185,451.61      | 0          | 2         
240   | 185,451.61      | 0          | 4         
241   | 185,451.61      | 0          | 5         
242   | 185,451.61      | 0          | 2         
243   | 185,451.61      | 0          | 4         
244   | 185,451.61      | 0          | 4         
245   | 185,451.61      | 0          | 2         
246   | 185,451.61      | 0          | 4         
247   | 185,451.61      | 0          | 4         
248   | 185,451.61      | 0          | 2         
249   | 185,451.61      | 0          | 4         
250   | 185,451.61      | 0          | 5         
251   | 185,451.61      | 0          | 4         
252   | 185,451.61      | 0          | 2         
253   | 185,451.61      | 0          | 5         
254   | 185,451.61      | 0          | 5         
255   | 185,451.61      | 0          | 4         
256   | 185,451.61      | 0          | 2         
257   | 185,451.61      | 0          | 5         
258   | 185,451.61      | 0          | 2         
259   | 185,451.61      | 0          | 3         
260   | 185,451.61      | 0          | 5         
261   | 185,451.61      | 0          | 2         
262   | 185,451.61      | 0          | 2         
263   | 185,451.61      | 0          | 4         
264   | 185,451.61      | 0          | 5         
265   | 185,451.61      | 0          | 5         
266   | 185,451.61      | 0          | 5         
267   | 185,451.61      | 0          | 5         
268   | 185,451.61      | 0          | 4         
269   | 185,451.61      | 0          | 5         
270   | 185,451.61      | 0          | 5         
271   | 185,451.61      | 0          | 3         
272   | 185,451.61      | 0          | 5         
273   | 185,451.61      | 0          | 5         
274   | 185,451.61      | 0          | 4         
275   | 185,451.61      | 0          | 4         
276   | 185,451.61      | 0          | 2         
277   | 185,451.61      | 0          | 4         
278   | 185,451.61      | 0          | 5         
279   | 185,426.79      | 0          | 4         
280   | 185,426.79      | 0          | 2         
281   | 185,426.79      | 0          | 4         
282   | 185,426.79      | 0          | 2         
283   | 185,426.79      | 0          | 4         
284   | 185,426.79      | 0          | 5         
285   | 185,426.79      | 0          | 4         
286   | 185,426.79      | 0          | 3         
287   | 185,426.79      | 0          | 2         
288   | 185,426.79      | 0          | 4         
289   | 185,426.79      | 0          | 3         
290   | 185,426.79      | 0          | 5         
291   | 185,426.79      | 0          | 4         
292   | 185,383.52      | 0          | 5         
293   | 185,383.52      | 0          | 4         
294   | 185,383.52      | 0          | 4         
295   | 185,383.52      | 0          | 4         
296   | 185,383.52      | 0          | 4         
297   | 185,383.52      | 0          | 5         
298   | 185,383.52      | 0          | 5         
299   | 185,383.52      | 0          | 4         
300   | 185,383.52      | 0          | 5         
301   | 185,383.52      | 0          | 5         
302   | 185,383.52      | 0          | 3         
303   | 185,383.52      | 0          | 3         
304   | 185,383.52      | 0          | 5         
305   | 185,383.52      | 0          | 5         
306   | 185,383.52      | 0          | 5         
307   | 185,383.52      | 0          | 3         
308   | 185,383.52      | 0          | 2         
309   | 185,383.52      | 0          | 5         
310   | 185,185.71      | 0          | 5         
311   | 185,185.71      | 0          | 4         
312   | 185,185.71      | 0          | 4         
313   | 185,185.71      | 0          | 4         
314   | 185,185.71      | 0          | 5         
315   | 185,185.71      | 0          | 2         
316   | 185,185.71      | 0          | 5         
317   | 185,185.71      | 0          | 4         
318   | 185,185.71      | 0          | 4         
319   | 185,185.71      | 0          | 3         
320   | 185,185.71      | 0          | 4         
321   | 185,185.71      | 0          | 5         
322   | 185,185.71      | 0          | 2         
323   | 185,185.71      | 0          | 4         
324   | 185,185.71      | 0          | 4         
325   | 185,185.71      | 0          | 4         
326   | 185,185.71      | 0          | 2         
327   | 185,185.71      | 0          | 4         
328   | 185,185.71      | 0          | 2         
329   | 185,185.71      | 0          | 2         
330   | 185,185.71      | 0          | 3         
331   | 185,185.71      | 0          | 4         
332   | 185,185.71      | 0          | 3         
333   | 185,185.71      | 0          | 2         
334   | 185,185.71      | 0          | 3         
335   | 185,185.71      | 0          | 4         
336   | 185,185.71      | 0          | 2         
337   | 185,185.71      | 0          | 2         
338   | 185,185.71      | 0          | 2         
339   | 185,185.71      | 0          | 3         
340   | 185,185.71      | 0          | 4         
341   | 185,185.71      | 0          | 2         
342   | 185,185.71      | 0          | 2         
343   | 185,185.71      | 0          | 3         
344   | 185,185.71      | 0          | 2         
345   | 185,185.71      | 0          | 2         
346   | 185,185.71      | 0          | 2         
347   | 185,185.71      | 0          | 3         
348   | 185,185.71      | 0          | 4         
349   | 185,185.71      | 0          | 2         
350   | 185,185.71      | 0          | 4         
351   | 185,185.71      | 0          | 2         
352   | 185,185.71      | 0          | 5         
353   | 185,185.71      | 0          | 4         
354   | 185,185.71      | 0          | 4         
355   | 185,185.71      | 0          | 2         
356   | 185,185.71      | 0          | 2         
357   | 185,185.71      | 0          | 2         
358   | 185,185.71      | 0          | 4         
359   | 185,185.71      | 0          | 2         
360   | 185,185.71      | 0          | 2         
361   | 185,185.71      | 0          | 4         
362   | 185,185.71      | 0          | 5         
363   | 185,185.71      | 0          | 4         
364   | 185,185.71      | 0          | 4         
365   | 185,185.71      | 0          | 3         
366   | 185,185.71      | 0          | 2         
367   | 185,185.71      | 0          | 2         
368   | 185,185.71      | 0          | 4         
369   | 185,185.71      | 0          | 2         
370   | 185,185.71      | 0          | 2         
371   | 185,185.71      | 0          | 2         
372   | 185,185.71      | 0          | 3         
373   | 185,185.71      | 0          | 2         
374   | 185,185.71      | 0          | 2         
375   | 185,185.71      | 0          | 2         
376   | 185,185.71      | 0          | 4         
377   | 185,185.71      | 0          | 2         
378   | 185,185.71      | 0          | 3         
379   | 185,185.71      | 0          | 2         
380   | 185,185.71      | 0          | 5         
381   | 185,185.71      | 0          | 4         
382   | 185,185.71      | 0          | 2         
383   | 185,185.71      | 0          | 2         
384   | 185,185.71      | 0          | 4         
385   | 185,185.71      | 0          | 4         
386   | 185,185.71      | 0          | 2         
387   | 185,185.71      | 0          | 2         
388   | 185,185.71      | 0          | 2         
389   | 185,185.71      | 0          | 2         
390   | 185,185.71      | 0          | 2         
391   | 185,185.71      | 0          | 2         
392   | 185,185.71      | 0          | 2         
393   | 185,185.71      | 0          | 2         
394   | 185,185.71      | 0          | 2         
395   | 185,125.00      | 0          | 0         
