==========================================================
 ANALYSIS REPORT: Week 25
==========================================================

1. Performance Metrics
----------------------
  Objective Value : 4,196,100.00
  RMP Relaxed Value (Root): 2,181,550.00
  Integrality Gap       : 92.3449 %
  Execution Time  : 248.9569 sec
  Iterations      : 281
  RMP Time  : 142.7378 s
  MIP Time  : 37.3962 s
  Pool Search Time: 6.8043 s
  Graph Search Time: 61.6125 s
  MIP Decision Variables: 1424 (Columns used in Final MIP)
  MIP Filtered Columns  : 0 (Removed before MIP)

2. Column Generation & Pool Statistics
--------------------------------------
  Total Columns Generated (History) : 2215
  Pool Hits (Reused from History)   : 209
  Graph Gen (Newly Created)         : 1205
  Pool Hit Rate                     : 14.8%

3. Shift Pattern Diversity (Unique Patterns)
------------------------------------------
  Type: TypeA  | Unique Patterns:  368 / Total Gen:  368
       -> Avg Length of Unique Patterns: 46.3 hours
  Type: TypeB  | Unique Patterns:  462 / Total Gen:  924
       -> Avg Length of Unique Patterns: 34.1 hours
  Type: TypeC  | Unique Patterns:  459 / Total Gen:  918
       -> Avg Length of Unique Patterns: 23.2 hours

4. Final Schedule Assignment Breakdown
--------------------------------------
  Emp 0  (TypeA): 48 hours worked
  Emp 1  (TypeB): 38 hours worked
  Emp 2  (TypeB): 35 hours worked
  Emp 3  (TypeC): 29 hours worked
  Emp 4  (TypeC): 26 hours worked

5. Iteration History (Convergence Log)
--------------------------------------
Iter  | RMP Obj Value   | Pool Hits  | Graph Gen 
--------------------------------------------------
1     | 112,016,000.00  | 10         | 0         
2     | 77,059,200.00   | 10         | 0         
3     | 41,130,400.00   | 10         | 0         
4     | 20,183,350.00   | 10         | 0         
5     | 18,982,920.00   | 10         | 0         
6     | 18,046,165.31   | 10         | 0         
7     | 17,738,266.03   | 10         | 0         
8     | 17,591,494.51   | 2          | 5         
9     | 13,823,427.27   | 10         | 0         
10    | 13,211,042.59   | 10         | 0         
11    | 13,036,301.07   | 10         | 0         
12    | 13,010,941.11   | 1          | 5         
13    | 10,611,692.55   | 10         | 0         
14    | 10,370,009.89   | 6          | 0         
15    | 10,239,819.45   | 9          | 0         
16    | 10,211,215.36   | 0          | 5         
17    | 8,474,702.69    | 10         | 0         
18    | 8,216,024.53    | 3          | 5         
19    | 6,492,522.23    | 10         | 0         
20    | 6,387,417.73    | 4          | 5         
21    | 5,707,053.21    | 9          | 0         
22    | 5,678,428.58    | 0          | 5         
23    | 5,393,189.08    | 4          | 5         
24    | 5,069,387.17    | 8          | 0         
25    | 5,062,762.81    | 0          | 5         
26    | 4,807,194.54    | 4          | 5         
27    | 4,584,461.29    | 2          | 5         
28    | 4,149,334.26    | 9          | 0         
29    | 4,141,873.26    | 0          | 5         
30    | 3,761,691.69    | 4          | 5         
31    | 3,594,673.92    | 10         | 0         
32    | 3,592,080.15    | 0          | 5         
33    | 3,582,611.60    | 2          | 5         
34    | 3,496,803.09    | 0          | 5         
35    | 3,379,801.66    | 0          | 5         
36    | 3,157,538.57    | 0          | 5         
37    | 3,045,690.54    | 0          | 5         
38    | 2,913,645.10    | 0          | 5         
39    | 2,841,640.45    | 0          | 5         
40    | 2,753,340.88    | 0          | 5         
41    | 2,719,072.28    | 0          | 5         
42    | 2,676,757.15    | 0          | 5         
43    | 2,599,739.40    | 0          | 5         
44    | 2,540,442.99    | 0          | 5         
45    | 2,450,373.65    | 0          | 5         
46    | 2,402,048.63    | 0          | 5         
47    | 2,355,768.89    | 0          | 5         
48    | 2,305,136.00    | 0          | 5         
49    | 2,238,243.51    | 0          | 5         
50    | 2,214,204.97    | 0          | 5         
51    | 2,204,975.89    | 0          | 5         
52    | 2,198,756.84    | 0          | 5         
53    | 2,196,503.25    | 2          | 5         
54    | 2,195,313.25    | 0          | 5         
55    | 2,194,586.26    | 0          | 5         
56    | 2,194,135.92    | 0          | 5         
57    | 2,194,066.68    | 0          | 5         
58    | 2,192,642.86    | 0          | 5         
59    | 2,191,976.49    | 0          | 5         
60    | 2,191,770.17    | 0          | 5         
61    | 2,191,582.25    | 0          | 5         
62    | 2,191,071.30    | 0          | 5         
63    | 2,190,405.35    | 0          | 5         
64    | 2,190,305.01    | 0          | 5         
65    | 2,190,246.20    | 0          | 5         
66    | 2,189,962.86    | 0          | 5         
67    | 2,189,672.63    | 0          | 5         
68    | 2,189,552.38    | 0          | 5         
69    | 2,189,433.46    | 0          | 5         
70    | 2,189,226.76    | 0          | 5         
71    | 2,188,967.06    | 0          | 5         
72    | 2,188,812.42    | 0          | 5         
73    | 2,188,751.68    | 0          | 5         
74    | 2,188,751.68    | 0          | 5         
75    | 2,188,652.33    | 0          | 5         
76    | 2,188,652.33    | 0          | 5         
77    | 2,187,814.18    | 0          | 5         
78    | 2,187,335.37    | 0          | 5         
79    | 2,187,279.72    | 0          | 5         
80    | 2,187,094.05    | 0          | 5         
81    | 2,186,875.11    | 0          | 5         
82    | 2,186,515.51    | 0          | 5         
83    | 2,186,301.75    | 0          | 5         
84    | 2,185,858.79    | 0          | 5         
85    | 2,185,835.44    | 0          | 5         
86    | 2,185,474.67    | 0          | 5         
87    | 2,185,276.78    | 0          | 5         
88    | 2,185,053.84    | 0          | 5         
89    | 2,184,953.86    | 0          | 5         
90    | 2,184,851.78    | 0          | 5         
91    | 2,184,732.28    | 0          | 5         
92    | 2,184,691.18    | 0          | 5         
93    | 2,184,686.57    | 0          | 5         
94    | 2,184,622.67    | 0          | 5         
95    | 2,184,559.50    | 0          | 5         
96    | 2,184,418.55    | 0          | 5         
97    | 2,184,383.01    | 0          | 5         
98    | 2,184,200.60    | 0          | 5         
99    | 2,184,197.56    | 0          | 5         
100   | 2,184,122.76    | 0          | 5         
101   | 2,184,088.89    | 0          | 5         
102   | 2,183,981.03    | 0          | 5         
103   | 2,183,981.03    | 0          | 5         
104   | 2,183,678.08    | 0          | 5         
105   | 2,183,662.44    | 0          | 5         
106   | 2,183,572.94    | 0          | 5         
107   | 2,183,435.24    | 0          | 5         
108   | 2,183,253.01    | 0          | 5         
109   | 2,183,214.99    | 0          | 5         
110   | 2,183,205.83    | 0          | 5         
111   | 2,182,995.38    | 0          | 5         
112   | 2,182,877.36    | 0          | 4         
113   | 2,182,768.47    | 0          | 4         
114   | 2,182,717.15    | 0          | 5         
115   | 2,182,717.15    | 0          | 5         
116   | 2,182,658.17    | 0          | 5         
117   | 2,182,635.26    | 0          | 5         
118   | 2,182,575.98    | 0          | 5         
119   | 2,182,575.98    | 0          | 5         
120   | 2,182,535.66    | 0          | 5         
121   | 2,182,535.66    | 0          | 5         
122   | 2,182,531.43    | 0          | 5         
123   | 2,182,520.61    | 0          | 5         
124   | 2,182,471.93    | 0          | 5         
125   | 2,182,471.93    | 0          | 5         
126   | 2,182,471.93    | 0          | 5         
127   | 2,182,471.93    | 0          | 5         
128   | 2,182,453.22    | 0          | 5         
129   | 2,182,438.27    | 0          | 5         
130   | 2,182,437.99    | 0          | 4         
131   | 2,182,420.78    | 0          | 5         
132   | 2,182,399.49    | 0          | 5         
133   | 2,182,397.83    | 0          | 5         
134   | 2,182,396.99    | 0          | 4         
135   | 2,182,371.10    | 0          | 4         
136   | 2,182,371.10    | 0          | 5         
137   | 2,182,335.32    | 0          | 5         
138   | 2,182,335.32    | 0          | 5         
139   | 2,182,318.04    | 0          | 5         
140   | 2,182,311.77    | 0          | 5         
141   | 2,182,310.63    | 0          | 5         
142   | 2,182,310.63    | 0          | 5         
143   | 2,182,310.63    | 0          | 4         
144   | 2,182,293.21    | 0          | 5         
145   | 2,182,293.21    | 0          | 5         
146   | 2,182,281.99    | 0          | 5         
147   | 2,182,219.49    | 0          | 5         
148   | 2,182,219.49    | 0          | 4         
149   | 2,182,213.82    | 0          | 4         
150   | 2,182,213.82    | 0          | 4         
151   | 2,182,213.82    | 0          | 4         
152   | 2,182,212.66    | 0          | 4         
153   | 2,182,212.66    | 0          | 4         
154   | 2,182,212.66    | 0          | 4         
155   | 2,182,194.55    | 0          | 5         
156   | 2,182,194.55    | 0          | 4         
157   | 2,182,166.43    | 0          | 4         
158   | 2,182,166.43    | 0          | 4         
159   | 2,182,166.43    | 0          | 4         
160   | 2,182,166.43    | 0          | 4         
161   | 2,182,166.43    | 0          | 5         
162   | 2,182,166.43    | 0          | 5         
163   | 2,182,101.49    | 0          | 4         
164   | 2,182,001.31    | 0          | 5         
165   | 2,181,948.10    | 0          | 5         
166   | 2,181,948.10    | 0          | 5         
167   | 2,181,948.10    | 0          | 4         
168   | 2,181,943.34    | 0          | 5         
169   | 2,181,935.87    | 0          | 4         
170   | 2,181,935.87    | 0          | 4         
171   | 2,181,895.68    | 0          | 5         
172   | 2,181,895.68    | 0          | 5         
173   | 2,181,842.67    | 0          | 5         
174   | 2,181,842.67    | 0          | 4         
175   | 2,181,799.30    | 0          | 4         
176   | 2,181,791.43    | 0          | 5         
177   | 2,181,791.43    | 0          | 4         
178   | 2,181,791.43    | 0          | 5         
179   | 2,181,791.43    | 0          | 4         
180   | 2,181,767.84    | 0          | 4         
181   | 2,181,763.56    | 0          | 5         
182   | 2,181,763.56    | 0          | 4         
183   | 2,181,763.56    | 0          | 4         
184   | 2,181,758.39    | 0          | 5         
185   | 2,181,758.39    | 0          | 5         
186   | 2,181,758.39    | 0          | 4         
187   | 2,181,758.39    | 0          | 5         
188   | 2,181,754.63    | 0          | 5         
189   | 2,181,754.63    | 0          | 4         
190   | 2,181,724.22    | 0          | 5         
191   | 2,181,724.22    | 0          | 4         
192   | 2,181,722.41    | 0          | 5         
193   | 2,181,722.41    | 0          | 5         
194   | 2,181,722.41    | 0          | 5         
195   | 2,181,722.41    | 0          | 4         
196   | 2,181,722.41    | 0          | 4         
197   | 2,181,722.41    | 0          | 5         
198   | 2,181,722.41    | 0          | 4         
199   | 2,181,706.13    | 0          | 4         
200   | 2,181,705.37    | 0          | 5         
201   | 2,181,705.37    | 0          | 4         
202   | 2,181,705.37    | 0          | 5         
203   | 2,181,705.37    | 0          | 5         
204   | 2,181,705.37    | 0          | 5         
205   | 2,181,705.37    | 0          | 5         
206   | 2,181,705.37    | 0          | 4         
207   | 2,181,699.75    | 0          | 5         
208   | 2,181,699.75    | 0          | 5         
209   | 2,181,698.84    | 0          | 2         
210   | 2,181,698.84    | 0          | 4         
211   | 2,181,673.54    | 0          | 4         
212   | 2,181,657.04    | 0          | 4         
213   | 2,181,657.04    | 0          | 5         
214   | 2,181,657.04    | 0          | 5         
215   | 2,181,657.04    | 0          | 4         
216   | 2,181,657.04    | 0          | 5         
217   | 2,181,657.04    | 0          | 5         
218   | 2,181,657.02    | 0          | 4         
219   | 2,181,656.64    | 0          | 4         
220   | 2,181,656.64    | 0          | 4         
221   | 2,181,656.64    | 0          | 4         
222   | 2,181,651.18    | 0          | 4         
223   | 2,181,641.45    | 0          | 4         
224   | 2,181,640.27    | 0          | 4         
225   | 2,181,626.07    | 0          | 4         
226   | 2,181,626.07    | 0          | 5         
227   | 2,181,620.77    | 0          | 4         
228   | 2,181,620.23    | 0          | 4         
229   | 2,181,620.23    | 0          | 4         
230   | 2,181,614.96    | 0          | 4         
231   | 2,181,613.89    | 0          | 5         
232   | 2,181,613.89    | 0          | 4         
233   | 2,181,613.89    | 0          | 4         
234   | 2,181,612.75    | 0          | 5         
235   | 2,181,612.75    | 0          | 5         
236   | 2,181,612.75    | 0          | 5         
237   | 2,181,612.75    | 0          | 4         
238   | 2,181,596.99    | 0          | 4         
239   | 2,181,586.42    | 0          | 5         
240   | 2,181,586.42    | 0          | 5         
241   | 2,181,586.42    | 0          | 5         
242   | 2,181,585.62    | 0          | 5         
243   | 2,181,581.62    | 0          | 4         
244   | 2,181,581.62    | 0          | 4         
245   | 2,181,579.99    | 0          | 4         
246   | 2,181,579.85    | 0          | 5         
247   | 2,181,579.85    | 0          | 5         
248   | 2,181,579.85    | 0          | 4         
249   | 2,181,579.85    | 0          | 4         
250   | 2,181,575.96    | 0          | 5         
251   | 2,181,572.26    | 0          | 5         
252   | 2,181,571.41    | 0          | 4         
253   | 2,181,566.34    | 0          | 4         
254   | 2,181,565.79    | 0          | 2         
255   | 2,181,565.79    | 0          | 2         
256   | 2,181,564.29    | 0          | 5         
257   | 2,181,564.29    | 0          | 5         
258   | 2,181,564.29    | 0          | 5         
259   | 2,181,564.29    | 0          | 4         
260   | 2,181,564.29    | 0          | 4         
261   | 2,181,564.29    | 0          | 4         
262   | 2,181,564.29    | 0          | 4         
263   | 2,181,564.29    | 0          | 4         
264   | 2,181,564.29    | 0          | 5         
265   | 2,181,564.29    | 0          | 5         
266   | 2,181,559.25    | 0          | 4         
267   | 2,181,559.25    | 0          | 5         
268   | 2,181,559.25    | 0          | 5         
269   | 2,181,559.25    | 0          | 5         
270   | 2,181,559.25    | 0          | 5         
271   | 2,181,554.05    | 0          | 5         
272   | 2,181,554.05    | 0          | 3         
273   | 2,181,554.05    | 0          | 3         
274   | 2,181,554.05    | 0          | 3         
275   | 2,181,554.05    | 0          | 5         
276   | 2,181,550.00    | 0          | 2         
277   | 2,181,550.00    | 0          | 2         
278   | 2,181,550.00    | 0          | 2         
279   | 2,181,550.00    | 0          | 2         
280   | 2,181,550.00    | 0          | 3         
281   | 2,181,550.00    | 0          | 0         
