==========================================================
 ANALYSIS REPORT: Week 8
==========================================================

0. Solver Configuration
-----------------------
  max_iter             : 1000
  time_limit           : 3600.0
  tol                  : 1e-08
  patience             : 15
  mip_rc_threshold     : 10000000000.0
  mip_gap              : 0.0001

1. Performance Metrics
----------------------
  Objective Value : 2,184,800.00
  RMP Relaxed Value (Root): 940,761.21
  Integrality Gap       : 132.2375 %
  MIP Best Bound (Final)  : 2,184,800.00
  Final MIP Gap           : 0.0000 %
  Execution Time  : 119.5900 sec
  Iterations      : 245
  RMP Time  : 65.8400 s
  MIP Time  : 3.3399 s
  Pool Search Time: 22.0883 s
  Graph Search Time: 28.1747 s
  MIP Decision Variables: 1424 (Columns used in Final MIP)
  MIP Filtered Columns  : 0 (Removed before MIP)

2. Column Generation & Pool Statistics
--------------------------------------
  Total Columns Generated (History) : 7182
  Pool Hits (Reused from History)   : 487
  Graph Gen (Newly Created)         : 927
  Pool Hit Rate                     : 34.4%

3. Shift Pattern Diversity (Unique Patterns)
------------------------------------------
  Type: TypeA  | Unique Patterns: 1339 / Total Gen: 1339
       -> Avg Length of Unique Patterns: 47.4 hours
  Type: TypeB  | Unique Patterns: 1438 / Total Gen: 2876
       -> Avg Length of Unique Patterns: 36.3 hours
  Type: TypeC  | Unique Patterns: 1481 / Total Gen: 2962
       -> Avg Length of Unique Patterns: 24.6 hours

4. Final Schedule Assignment Breakdown
--------------------------------------
  Emp 0  (TypeA): 46 hours worked
  Emp 1  (TypeB): 40 hours worked
  Emp 2  (TypeB): 39 hours worked
  Emp 3  (TypeC): 21 hours worked
  Emp 4  (TypeC): 25 hours worked

5. Iteration History (Convergence Log)
--------------------------------------
Iter  | RMP Obj Value   | Pool Hits  | Graph Gen 
--------------------------------------------------
1     | 100,016,000.00  | 10         | 0         
2     | 69,061,300.00   | 10         | 0         
3     | 38,141,600.00   | 10         | 0         
4     | 25,183,800.00   | 10         | 0         
5     | 19,050,628.64   | 10         | 0         
6     | 13,196,533.32   | 10         | 0         
7     | 12,309,322.17   | 10         | 0         
8     | 11,401,880.00   | 10         | 0         
9     | 10,858,091.29   | 10         | 0         
10    | 10,115,331.06   | 10         | 0         
11    | 9,634,549.70    | 10         | 0         
12    | 9,280,561.04    | 10         | 0         
13    | 9,036,748.19    | 10         | 0         
14    | 8,817,186.05    | 10         | 0         
15    | 8,661,164.27    | 10         | 0         
16    | 8,589,401.06    | 10         | 0         
17    | 8,495,173.53    | 10         | 0         
18    | 8,487,658.75    | 10         | 0         
19    | 8,485,849.01    | 2          | 5         
20    | 7,190,989.73    | 10         | 0         
21    | 7,092,555.24    | 10         | 0         
22    | 7,042,486.91    | 10         | 0         
23    | 6,979,387.22    | 2          | 5         
24    | 6,156,725.58    | 10         | 0         
25    | 6,023,007.13    | 10         | 0         
26    | 5,956,247.93    | 10         | 0         
27    | 5,950,032.12    | 0          | 5         
28    | 4,858,984.34    | 10         | 0         
29    | 4,791,640.15    | 10         | 0         
30    | 4,774,441.12    | 10         | 0         
31    | 4,763,435.93    | 4          | 5         
32    | 4,239,810.45    | 10         | 0         
33    | 4,224,042.95    | 10         | 0         
34    | 4,209,518.86    | 10         | 0         
35    | 4,205,731.01    | 6          | 0         
36    | 4,205,364.56    | 0          | 5         
37    | 3,810,967.21    | 10         | 0         
38    | 3,780,567.01    | 10         | 0         
39    | 3,775,140.51    | 2          | 5         
40    | 3,533,059.22    | 8          | 0         
41    | 3,523,488.64    | 9          | 0         
42    | 3,516,708.04    | 0          | 5         
43    | 3,101,392.30    | 2          | 5         
44    | 2,800,532.55    | 10         | 0         
45    | 2,748,860.67    | 10         | 0         
46    | 2,748,342.71    | 10         | 0         
47    | 2,748,160.80    | 4          | 5         
48    | 2,553,189.38    | 10         | 0         
49    | 2,551,279.58    | 8          | 0         
50    | 2,550,101.47    | 3          | 5         
51    | 2,435,848.79    | 6          | 0         
52    | 2,433,462.03    | 0          | 5         
53    | 2,423,242.72    | 3          | 5         
54    | 2,244,953.79    | 0          | 5         
55    | 2,155,128.59    | 4          | 5         
56    | 2,052,867.60    | 2          | 5         
57    | 1,991,742.95    | 5          | 5         
58    | 1,789,162.71    | 6          | 0         
59    | 1,789,121.37    | 0          | 5         
60    | 1,748,042.19    | 6          | 0         
61    | 1,747,451.91    | 0          | 5         
62    | 1,645,586.92    | 3          | 5         
63    | 1,621,330.15    | 0          | 5         
64    | 1,552,499.24    | 6          | 0         
65    | 1,551,654.62    | 0          | 5         
66    | 1,488,186.35    | 9          | 0         
67    | 1,485,567.56    | 4          | 5         
68    | 1,462,476.91    | 4          | 5         
69    | 1,447,549.32    | 3          | 5         
70    | 1,428,782.02    | 0          | 5         
71    | 1,416,171.68    | 0          | 5         
72    | 1,370,723.70    | 2          | 5         
73    | 1,349,438.96    | 0          | 5         
74    | 1,327,672.99    | 1          | 5         
75    | 1,299,442.91    | 0          | 5         
76    | 1,238,320.38    | 0          | 5         
77    | 1,234,057.75    | 0          | 5         
78    | 1,190,707.32    | 0          | 5         
79    | 1,174,728.07    | 2          | 5         
80    | 1,146,640.12    | 2          | 5         
81    | 1,136,403.88    | 0          | 5         
82    | 1,103,919.17    | 0          | 5         
83    | 1,089,758.34    | 2          | 5         
84    | 1,087,442.04    | 0          | 5         
85    | 1,074,239.49    | 0          | 5         
86    | 1,064,629.62    | 0          | 5         
87    | 1,057,396.12    | 4          | 5         
88    | 1,051,537.29    | 0          | 5         
89    | 1,044,839.87    | 0          | 5         
90    | 1,042,616.34    | 0          | 5         
91    | 1,032,154.74    | 0          | 5         
92    | 1,023,121.51    | 0          | 5         
93    | 1,003,904.13    | 0          | 5         
94    | 1,002,143.85    | 0          | 5         
95    | 1,000,278.19    | 0          | 5         
96    | 998,323.48      | 0          | 5         
97    | 998,323.48      | 0          | 5         
98    | 973,698.51      | 0          | 5         
99    | 971,112.52      | 0          | 5         
100   | 967,251.65      | 0          | 5         
101   | 959,747.44      | 0          | 5         
102   | 951,124.50      | 0          | 5         
103   | 950,104.14      | 0          | 5         
104   | 950,104.14      | 0          | 5         
105   | 948,064.51      | 0          | 5         
106   | 947,624.46      | 1          | 5         
107   | 947,624.46      | 0          | 5         
108   | 947,624.46      | 0          | 5         
109   | 947,624.46      | 0          | 5         
110   | 947,624.46      | 0          | 5         
111   | 947,290.78      | 0          | 5         
112   | 946,670.13      | 0          | 5         
113   | 946,670.13      | 0          | 5         
114   | 946,670.13      | 0          | 5         
115   | 946,237.37      | 0          | 5         
116   | 946,160.15      | 0          | 5         
117   | 945,823.65      | 0          | 5         
118   | 945,823.65      | 0          | 5         
119   | 945,653.34      | 0          | 5         
120   | 945,236.82      | 0          | 5         
121   | 945,074.78      | 0          | 5         
122   | 944,838.78      | 0          | 5         
123   | 944,838.78      | 2          | 5         
124   | 944,838.78      | 0          | 5         
125   | 944,631.63      | 0          | 5         
126   | 944,478.26      | 0          | 5         
127   | 944,478.26      | 0          | 5         
128   | 944,478.26      | 0          | 5         
129   | 944,478.26      | 0          | 5         
130   | 944,478.26      | 0          | 5         
131   | 944,478.26      | 0          | 5         
132   | 944,478.26      | 0          | 5         
133   | 944,328.34      | 0          | 5         
134   | 944,328.34      | 0          | 5         
135   | 944,328.34      | 0          | 5         
136   | 944,231.07      | 0          | 5         
137   | 944,231.07      | 0          | 5         
138   | 944,098.19      | 0          | 5         
139   | 943,908.25      | 0          | 5         
140   | 943,906.05      | 0          | 5         
141   | 943,859.38      | 0          | 5         
142   | 943,839.29      | 0          | 5         
143   | 943,812.50      | 0          | 5         
144   | 943,812.50      | 0          | 5         
145   | 943,812.50      | 0          | 5         
146   | 943,812.50      | 0          | 5         
147   | 943,812.50      | 0          | 5         
148   | 943,800.00      | 0          | 5         
149   | 943,648.23      | 0          | 5         
150   | 943,648.23      | 0          | 5         
151   | 943,648.23      | 0          | 5         
152   | 943,648.23      | 0          | 5         
153   | 943,648.23      | 0          | 3         
154   | 943,648.23      | 0          | 3         
155   | 943,616.89      | 0          | 5         
156   | 943,616.89      | 0          | 3         
157   | 943,616.89      | 0          | 3         
158   | 943,498.55      | 0          | 5         
159   | 943,498.55      | 0          | 3         
160   | 943,498.55      | 0          | 5         
161   | 943,498.55      | 0          | 5         
162   | 943,498.55      | 0          | 5         
163   | 943,498.55      | 0          | 5         
164   | 943,498.55      | 0          | 5         
165   | 943,498.55      | 0          | 5         
166   | 943,424.00      | 0          | 3         
167   | 943,297.03      | 0          | 5         
168   | 943,297.03      | 0          | 5         
169   | 943,297.03      | 0          | 3         
170   | 943,297.03      | 0          | 5         
171   | 943,037.93      | 0          | 5         
172   | 943,037.93      | 0          | 5         
173   | 942,662.87      | 0          | 5         
174   | 942,662.87      | 0          | 5         
175   | 942,662.87      | 0          | 5         
176   | 942,662.87      | 0          | 3         
177   | 942,662.87      | 0          | 3         
178   | 942,662.87      | 0          | 3         
179   | 942,662.87      | 0          | 5         
180   | 942,654.46      | 0          | 5         
181   | 942,212.50      | 0          | 5         
182   | 942,212.50      | 0          | 5         
183   | 942,212.50      | 0          | 3         
184   | 941,983.33      | 0          | 5         
185   | 941,983.33      | 0          | 5         
186   | 941,983.33      | 0          | 5         
187   | 941,845.31      | 0          | 5         
188   | 941,845.31      | 0          | 5         
189   | 941,845.31      | 0          | 5         
190   | 941,845.31      | 0          | 5         
191   | 941,845.31      | 0          | 5         
192   | 941,841.18      | 0          | 5         
193   | 941,841.18      | 0          | 3         
194   | 941,841.18      | 0          | 5         
195   | 941,841.18      | 0          | 3         
196   | 941,841.18      | 0          | 5         
197   | 941,841.18      | 0          | 3         
198   | 941,841.18      | 0          | 3         
199   | 941,801.00      | 0          | 5         
200   | 941,801.00      | 0          | 3         
201   | 941,801.00      | 0          | 3         
202   | 941,723.05      | 0          | 5         
203   | 941,723.05      | 0          | 5         
204   | 941,560.45      | 0          | 3         
205   | 941,494.85      | 0          | 5         
206   | 941,494.85      | 0          | 5         
207   | 941,494.85      | 0          | 5         
208   | 941,494.85      | 0          | 5         
209   | 941,332.31      | 0          | 5         
210   | 941,332.31      | 0          | 5         
211   | 941,042.86      | 0          | 5         
212   | 941,042.86      | 0          | 5         
213   | 941,042.86      | 0          | 5         
214   | 941,041.78      | 0          | 5         
215   | 941,041.78      | 0          | 5         
216   | 941,041.78      | 0          | 5         
217   | 941,041.78      | 0          | 5         
218   | 941,041.78      | 0          | 5         
219   | 940,960.79      | 0          | 5         
220   | 940,839.87      | 0          | 3         
221   | 940,839.87      | 0          | 5         
222   | 940,839.87      | 0          | 3         
223   | 940,839.87      | 0          | 3         
224   | 940,839.87      | 0          | 3         
225   | 940,800.00      | 0          | 5         
226   | 940,800.00      | 0          | 5         
227   | 940,800.00      | 0          | 4         
228   | 940,800.00      | 0          | 5         
229   | 940,800.00      | 0          | 4         
230   | 940,761.21      | 0          | 3         
231   | 940,761.21      | 0          | 3         
232   | 940,761.21      | 0          | 5         
233   | 940,761.21      | 0          | 5         
234   | 940,761.21      | 0          | 3         
235   | 940,761.21      | 0          | 3         
236   | 940,761.21      | 0          | 3         
237   | 940,761.21      | 0          | 3         
238   | 940,761.21      | 0          | 2         
239   | 940,761.21      | 0          | 2         
240   | 940,761.21      | 0          | 5         
241   | 940,761.21      | 0          | 3         
242   | 940,761.21      | 0          | 3         
243   | 940,761.21      | 0          | 3         
244   | 940,761.21      | 0          | 2         
245   | 940,761.21      | 0          | 5         
