==========================================================
 ANALYSIS REPORT: Week 9
==========================================================

1. Performance Metrics
----------------------
  Objective Value : 2,182,800.00
  RMP Relaxed Value (Root): 1,680,192.30
  Integrality Gap       : 29.9137 %
  Execution Time  : 157.9716 sec
  Iterations      : 230
  RMP Time  : 98.9141 s
  MIP Time  : 8.0686 s
  Pool Search Time: 5.0356 s
  Graph Search Time: 45.6520 s
  MIP Decision Variables: 1256 (Columns used in Final MIP)
  MIP Filtered Columns  : 0 (Removed before MIP)

2. Column Generation & Pool Statistics
--------------------------------------
  Total Columns Generated (History) : 2012
  Pool Hits (Reused from History)   : 244
  Graph Gen (Newly Created)         : 1002
  Pool Hit Rate                     : 19.6%

3. Shift Pattern Diversity (Unique Patterns)
------------------------------------------
  Type: TypeA  | Unique Patterns:  388 / Total Gen:  388
       -> Avg Length of Unique Patterns: 46.4 hours
  Type: TypeB  | Unique Patterns:  370 / Total Gen:  739
       -> Avg Length of Unique Patterns: 36.9 hours
  Type: TypeC  | Unique Patterns:  440 / Total Gen:  880
       -> Avg Length of Unique Patterns: 23.8 hours

4. Final Schedule Assignment Breakdown
--------------------------------------
  Emp 0  (TypeA): 48 hours worked
  Emp 1  (TypeB): 30 hours worked
  Emp 2  (TypeB): 39 hours worked
  Emp 3  (TypeC): 28 hours worked
  Emp 4  (TypeC): 24 hours worked

5. Iteration History (Convergence Log)
--------------------------------------
Iter  | RMP Obj Value   | Pool Hits  | Graph Gen 
--------------------------------------------------
1     | 102,012,000.00  | 10         | 0         
2     | 40,147,700.00   | 10         | 0         
3     | 25,184,700.00   | 10         | 0         
4     | 19,191,400.00   | 10         | 0         
5     | 17,751,200.04   | 10         | 0         
6     | 15,746,963.67   | 10         | 0         
7     | 15,252,694.96   | 10         | 0         
8     | 14,626,177.05   | 10         | 0         
9     | 14,386,327.29   | 10         | 0         
10    | 14,240,560.72   | 10         | 0         
11    | 14,030,957.29   | 10         | 0         
12    | 13,933,364.08   | 3          | 5         
13    | 9,698,277.31    | 10         | 0         
14    | 8,981,851.01    | 10         | 0         
15    | 8,718,220.49    | 7          | 0         
16    | 8,713,024.24    | 2          | 5         
17    | 7,529,699.99    | 10         | 0         
18    | 7,525,026.86    | 4          | 5         
19    | 6,195,930.70    | 10         | 0         
20    | 6,180,798.70    | 3          | 5         
21    | 5,689,315.32    | 10         | 0         
22    | 5,649,333.93    | 7          | 0         
23    | 5,631,710.92    | 0          | 5         
24    | 5,206,281.53    | 10         | 0         
25    | 5,178,138.28    | 8          | 0         
26    | 5,167,797.09    | 0          | 5         
27    | 4,669,203.09    | 7          | 0         
28    | 4,607,893.38    | 0          | 5         
29    | 3,876,124.58    | 10         | 0         
30    | 3,868,042.67    | 4          | 5         
31    | 3,326,032.36    | 2          | 5         
32    | 3,178,314.38    | 1          | 5         
33    | 3,088,775.29    | 0          | 5         
34    | 2,760,235.99    | 2          | 5         
35    | 2,681,264.28    | 0          | 5         
36    | 2,527,406.66    | 2          | 5         
37    | 2,453,050.38    | 2          | 5         
38    | 2,365,275.40    | 0          | 5         
39    | 2,337,279.09    | 0          | 5         
40    | 2,208,858.92    | 0          | 5         
41    | 2,124,331.39    | 4          | 5         
42    | 2,060,832.13    | 0          | 5         
43    | 2,027,790.60    | 0          | 5         
44    | 1,980,609.15    | 0          | 5         
45    | 1,926,367.22    | 0          | 5         
46    | 1,926,367.22    | 0          | 5         
47    | 1,860,337.98    | 0          | 5         
48    | 1,831,794.64    | 0          | 5         
49    | 1,813,683.51    | 4          | 5         
50    | 1,813,683.51    | 0          | 5         
51    | 1,788,938.71    | 0          | 5         
52    | 1,731,364.51    | 0          | 5         
53    | 1,724,314.89    | 0          | 5         
54    | 1,714,979.21    | 0          | 5         
55    | 1,694,209.10    | 0          | 5         
56    | 1,694,209.10    | 0          | 5         
57    | 1,693,287.75    | 2          | 5         
58    | 1,693,287.75    | 0          | 5         
59    | 1,692,713.12    | 0          | 5         
60    | 1,692,398.67    | 0          | 5         
61    | 1,691,491.20    | 0          | 5         
62    | 1,691,491.20    | 0          | 5         
63    | 1,691,227.91    | 0          | 5         
64    | 1,691,094.83    | 0          | 5         
65    | 1,691,021.06    | 0          | 5         
66    | 1,689,940.78    | 0          | 5         
67    | 1,688,630.55    | 0          | 5         
68    | 1,688,630.55    | 0          | 5         
69    | 1,688,068.92    | 0          | 5         
70    | 1,687,827.27    | 0          | 5         
71    | 1,687,827.27    | 0          | 5         
72    | 1,687,827.27    | 0          | 5         
73    | 1,687,512.54    | 0          | 5         
74    | 1,686,947.69    | 0          | 5         
75    | 1,686,908.73    | 0          | 5         
76    | 1,686,301.18    | 0          | 5         
77    | 1,685,826.35    | 0          | 5         
78    | 1,685,046.10    | 0          | 5         
79    | 1,684,841.22    | 0          | 5         
80    | 1,684,841.22    | 0          | 5         
81    | 1,684,841.22    | 0          | 5         
82    | 1,684,841.22    | 0          | 5         
83    | 1,684,255.12    | 0          | 5         
84    | 1,683,962.78    | 0          | 5         
85    | 1,683,774.11    | 0          | 5         
86    | 1,683,774.11    | 0          | 5         
87    | 1,683,387.66    | 0          | 5         
88    | 1,683,100.26    | 0          | 5         
89    | 1,682,830.33    | 0          | 5         
90    | 1,682,771.56    | 0          | 5         
91    | 1,682,771.56    | 0          | 5         
92    | 1,682,701.81    | 0          | 5         
93    | 1,682,630.18    | 0          | 5         
94    | 1,682,630.18    | 0          | 5         
95    | 1,682,630.18    | 0          | 5         
96    | 1,682,603.44    | 0          | 5         
97    | 1,682,521.00    | 0          | 5         
98    | 1,682,274.31    | 0          | 5         
99    | 1,682,274.31    | 0          | 5         
100   | 1,681,967.89    | 0          | 5         
101   | 1,681,967.89    | 0          | 5         
102   | 1,681,967.89    | 0          | 5         
103   | 1,681,967.89    | 0          | 5         
104   | 1,681,967.89    | 0          | 5         
105   | 1,681,887.43    | 0          | 5         
106   | 1,681,887.43    | 0          | 5         
107   | 1,681,887.43    | 0          | 5         
108   | 1,681,887.43    | 0          | 5         
109   | 1,681,887.43    | 0          | 5         
110   | 1,681,376.46    | 0          | 5         
111   | 1,681,376.46    | 0          | 5         
112   | 1,681,351.64    | 0          | 5         
113   | 1,681,351.59    | 0          | 5         
114   | 1,681,351.59    | 0          | 5         
115   | 1,681,310.74    | 0          | 5         
116   | 1,681,310.74    | 0          | 5         
117   | 1,681,310.74    | 0          | 5         
118   | 1,681,287.63    | 0          | 5         
119   | 1,681,287.63    | 0          | 5         
120   | 1,681,174.02    | 0          | 5         
121   | 1,681,174.02    | 0          | 4         
122   | 1,681,128.83    | 0          | 5         
123   | 1,681,128.83    | 0          | 5         
124   | 1,681,128.83    | 0          | 5         
125   | 1,681,128.83    | 0          | 5         
126   | 1,681,128.83    | 0          | 5         
127   | 1,681,128.83    | 0          | 5         
128   | 1,680,945.18    | 0          | 5         
129   | 1,680,934.07    | 0          | 5         
130   | 1,680,934.07    | 0          | 5         
131   | 1,680,934.07    | 0          | 5         
132   | 1,680,870.73    | 0          | 5         
133   | 1,680,867.44    | 0          | 5         
134   | 1,680,746.42    | 0          | 5         
135   | 1,680,708.51    | 0          | 5         
136   | 1,680,708.51    | 0          | 5         
137   | 1,680,708.51    | 0          | 5         
138   | 1,680,708.51    | 0          | 5         
139   | 1,680,708.51    | 0          | 5         
140   | 1,680,657.10    | 0          | 5         
141   | 1,680,657.10    | 0          | 4         
142   | 1,680,657.10    | 0          | 5         
143   | 1,680,657.10    | 0          | 5         
144   | 1,680,657.10    | 0          | 4         
145   | 1,680,642.89    | 0          | 5         
146   | 1,680,642.89    | 0          | 4         
147   | 1,680,642.89    | 0          | 4         
148   | 1,680,581.95    | 0          | 5         
149   | 1,680,581.95    | 0          | 5         
150   | 1,680,554.23    | 0          | 4         
151   | 1,680,554.23    | 0          | 5         
152   | 1,680,520.58    | 0          | 5         
153   | 1,680,520.58    | 0          | 5         
154   | 1,680,478.48    | 0          | 5         
155   | 1,680,478.48    | 0          | 4         
156   | 1,680,478.48    | 0          | 4         
157   | 1,680,478.48    | 0          | 5         
158   | 1,680,478.48    | 0          | 5         
159   | 1,680,478.48    | 0          | 4         
160   | 1,680,470.23    | 0          | 5         
161   | 1,680,470.23    | 0          | 5         
162   | 1,680,470.23    | 0          | 5         
163   | 1,680,470.23    | 0          | 4         
164   | 1,680,435.80    | 0          | 5         
165   | 1,680,435.80    | 0          | 5         
166   | 1,680,435.80    | 0          | 5         
167   | 1,680,427.75    | 0          | 4         
168   | 1,680,427.75    | 0          | 5         
169   | 1,680,426.19    | 0          | 5         
170   | 1,680,426.19    | 0          | 5         
171   | 1,680,426.19    | 0          | 4         
172   | 1,680,426.19    | 0          | 5         
173   | 1,680,426.19    | 0          | 5         
174   | 1,680,426.19    | 0          | 5         
175   | 1,680,426.19    | 0          | 5         
176   | 1,680,426.19    | 0          | 5         
177   | 1,680,414.41    | 0          | 5         
178   | 1,680,414.41    | 0          | 5         
179   | 1,680,414.41    | 0          | 5         
180   | 1,680,414.41    | 0          | 5         
181   | 1,680,414.41    | 0          | 5         
182   | 1,680,414.41    | 0          | 4         
183   | 1,680,414.41    | 0          | 4         
184   | 1,680,414.41    | 0          | 4         
185   | 1,680,414.41    | 0          | 4         
186   | 1,680,414.41    | 0          | 5         
187   | 1,680,414.41    | 0          | 4         
188   | 1,680,372.83    | 0          | 5         
189   | 1,680,356.57    | 0          | 4         
190   | 1,680,323.11    | 0          | 4         
191   | 1,680,268.66    | 0          | 5         
192   | 1,680,268.66    | 0          | 5         
193   | 1,680,243.75    | 0          | 5         
194   | 1,680,243.75    | 0          | 5         
195   | 1,680,243.75    | 0          | 4         
196   | 1,680,243.75    | 0          | 4         
197   | 1,680,238.16    | 0          | 4         
198   | 1,680,238.16    | 0          | 5         
199   | 1,680,238.16    | 0          | 5         
200   | 1,680,238.16    | 0          | 5         
201   | 1,680,238.16    | 0          | 5         
202   | 1,680,238.16    | 0          | 5         
203   | 1,680,238.16    | 0          | 5         
204   | 1,680,238.16    | 0          | 4         
205   | 1,680,229.41    | 0          | 5         
206   | 1,680,229.41    | 0          | 5         
207   | 1,680,229.41    | 0          | 4         
208   | 1,680,229.41    | 0          | 5         
209   | 1,680,229.41    | 0          | 4         
210   | 1,680,229.41    | 0          | 4         
211   | 1,680,229.41    | 0          | 4         
212   | 1,680,229.41    | 0          | 4         
213   | 1,680,208.99    | 0          | 4         
214   | 1,680,208.99    | 0          | 4         
215   | 1,680,192.30    | 0          | 5         
216   | 1,680,192.30    | 0          | 4         
217   | 1,680,192.30    | 0          | 4         
218   | 1,680,192.30    | 0          | 4         
219   | 1,680,192.30    | 0          | 5         
220   | 1,680,192.30    | 0          | 5         
221   | 1,680,192.30    | 0          | 5         
222   | 1,680,192.30    | 0          | 4         
223   | 1,680,192.30    | 0          | 5         
224   | 1,680,192.30    | 0          | 5         
225   | 1,680,192.30    | 0          | 5         
226   | 1,680,192.30    | 0          | 4         
227   | 1,680,192.30    | 0          | 5         
228   | 1,680,192.30    | 0          | 5         
229   | 1,680,192.30    | 0          | 3         
230   | 1,680,192.30    | 0          | 4         
