==========================================================
 ANALYSIS REPORT: Week 15
==========================================================

1. Performance Metrics
----------------------
  Objective Value : 1,158,300.00
  RMP Relaxed Value (Root): 154,146.91
  Integrality Gap       : 651.4260 %
  Execution Time  : 169.1485 sec
  Iterations      : 230
  RMP Time  : 101.2255 s
  MIP Time  : 12.6704 s
  Pool Search Time: 8.7734 s
  Graph Search Time: 46.1556 s
  MIP Decision Variables: 1294 (Columns used in Final MIP)
  MIP Filtered Columns  : 0 (Removed before MIP)

2. Column Generation & Pool Statistics
--------------------------------------
  Total Columns Generated (History) : 2655
  Pool Hits (Reused from History)   : 318
  Graph Gen (Newly Created)         : 966
  Pool Hit Rate                     : 24.8%

3. Shift Pattern Diversity (Unique Patterns)
------------------------------------------
  Type: TypeA  | Unique Patterns:  489 / Total Gen:  489
       -> Avg Length of Unique Patterns: 45.8 hours
  Type: TypeB  | Unique Patterns:  540 / Total Gen: 1079
       -> Avg Length of Unique Patterns: 33.9 hours
  Type: TypeC  | Unique Patterns:  541 / Total Gen: 1082
       -> Avg Length of Unique Patterns: 22.5 hours

4. Final Schedule Assignment Breakdown
--------------------------------------
  Emp 0  (TypeA): 43 hours worked
  Emp 1  (TypeB): 31 hours worked
  Emp 2  (TypeB): 33 hours worked
  Emp 3  (TypeC): 24 hours worked
  Emp 4  (TypeC): 21 hours worked

5. Iteration History (Convergence Log)
--------------------------------------
Iter  | RMP Obj Value   | Pool Hits  | Graph Gen 
--------------------------------------------------
1     | 90,016,000.00   | 10         | 0         
2     | 58,060,900.00   | 10         | 0         
3     | 26,801,999.94   | 10         | 0         
4     | 15,848,999.98   | 10         | 0         
5     | 13,685,400.00   | 10         | 0         
6     | 13,186,599.96   | 10         | 0         
7     | 10,411,566.68   | 10         | 0         
8     | 8,120,493.43    | 10         | 0         
9     | 7,766,873.18    | 10         | 0         
10    | 7,630,984.02    | 10         | 0         
11    | 7,388,621.98    | 10         | 0         
12    | 7,249,925.03    | 10         | 0         
13    | 7,174,255.22    | 1          | 5         
14    | 4,424,451.76    | 10         | 0         
15    | 3,832,556.42    | 10         | 0         
16    | 3,783,898.51    | 8          | 0         
17    | 3,765,522.98    | 3          | 5         
18    | 3,317,937.71    | 10         | 0         
19    | 3,297,831.48    | 5          | 5         
20    | 2,783,612.56    | 10         | 0         
21    | 2,742,242.91    | 10         | 0         
22    | 2,725,869.93    | 2          | 5         
23    | 2,223,215.99    | 10         | 0         
24    | 2,192,316.79    | 2          | 5         
25    | 1,939,935.77    | 10         | 0         
26    | 1,920,315.72    | 2          | 5         
27    | 1,336,318.63    | 10         | 0         
28    | 1,311,253.68    | 2          | 5         
29    | 979,382.03      | 10         | 0         
30    | 967,465.77      | 10         | 0         
31    | 963,649.69      | 3          | 5         
32    | 715,049.00      | 10         | 0         
33    | 680,679.55      | 7          | 0         
34    | 677,500.10      | 4          | 5         
35    | 674,707.20      | 4          | 5         
36    | 566,113.52      | 7          | 0         
37    | 566,088.90      | 0          | 5         
38    | 386,116.98      | 4          | 5         
39    | 332,968.90      | 6          | 0         
40    | 331,577.93      | 2          | 5         
41    | 288,236.98      | 6          | 0         
42    | 286,827.06      | 0          | 5         
43    | 255,611.44      | 0          | 5         
44    | 208,995.51      | 0          | 5         
45    | 181,201.19      | 2          | 5         
46    | 179,362.10      | 0          | 5         
47    | 177,815.12      | 9          | 0         
48    | 177,732.17      | 2          | 5         
49    | 176,651.67      | 2          | 5         
50    | 176,501.85      | 1          | 5         
51    | 175,916.50      | 2          | 5         
52    | 175,075.23      | 0          | 5         
53    | 173,286.48      | 2          | 5         
54    | 172,021.77      | 0          | 5         
55    | 171,678.94      | 0          | 5         
56    | 171,214.20      | 0          | 5         
57    | 170,553.48      | 0          | 5         
58    | 170,497.29      | 0          | 5         
59    | 169,594.48      | 0          | 5         
60    | 169,124.95      | 0          | 5         
61    | 168,431.01      | 0          | 5         
62    | 168,016.50      | 0          | 5         
63    | 167,885.42      | 0          | 5         
64    | 167,221.17      | 0          | 5         
65    | 166,902.71      | 0          | 5         
66    | 166,597.93      | 0          | 5         
67    | 166,089.37      | 0          | 5         
68    | 165,705.29      | 0          | 5         
69    | 165,596.39      | 0          | 5         
70    | 165,287.86      | 0          | 5         
71    | 165,047.09      | 0          | 5         
72    | 164,897.73      | 0          | 5         
73    | 164,832.28      | 0          | 5         
74    | 164,819.77      | 0          | 5         
75    | 164,714.43      | 0          | 5         
76    | 164,515.67      | 0          | 5         
77    | 164,084.72      | 0          | 5         
78    | 163,956.20      | 0          | 5         
79    | 163,799.21      | 0          | 5         
80    | 163,613.01      | 0          | 5         
81    | 163,092.28      | 0          | 5         
82    | 162,729.76      | 0          | 5         
83    | 162,677.49      | 0          | 5         
84    | 162,622.17      | 0          | 5         
85    | 162,532.78      | 0          | 5         
86    | 161,788.02      | 0          | 5         
87    | 161,171.92      | 0          | 5         
88    | 160,926.90      | 0          | 5         
89    | 160,893.87      | 0          | 5         
90    | 160,309.79      | 0          | 5         
91    | 160,204.91      | 0          | 5         
92    | 159,973.88      | 0          | 5         
93    | 159,817.26      | 0          | 5         
94    | 159,590.63      | 0          | 5         
95    | 159,579.72      | 0          | 5         
96    | 158,972.33      | 0          | 5         
97    | 158,819.93      | 0          | 5         
98    | 158,781.77      | 0          | 5         
99    | 158,045.08      | 0          | 5         
100   | 157,806.65      | 0          | 5         
101   | 157,191.22      | 0          | 5         
102   | 157,067.76      | 0          | 5         
103   | 156,923.63      | 0          | 5         
104   | 156,919.04      | 0          | 5         
105   | 156,870.32      | 0          | 5         
106   | 156,857.97      | 0          | 5         
107   | 156,818.63      | 0          | 5         
108   | 156,593.97      | 0          | 5         
109   | 156,589.01      | 0          | 5         
110   | 156,580.47      | 0          | 5         
111   | 156,571.52      | 0          | 5         
112   | 156,567.52      | 0          | 5         
113   | 156,501.96      | 0          | 5         
114   | 156,462.95      | 0          | 5         
115   | 156,426.83      | 0          | 5         
116   | 156,426.83      | 0          | 5         
117   | 156,426.83      | 0          | 5         
118   | 156,426.83      | 0          | 5         
119   | 156,394.82      | 0          | 5         
120   | 156,314.07      | 0          | 5         
121   | 156,314.07      | 0          | 5         
122   | 156,314.07      | 0          | 5         
123   | 156,265.98      | 0          | 5         
124   | 156,265.98      | 0          | 5         
125   | 156,265.98      | 0          | 5         
126   | 156,209.07      | 0          | 5         
127   | 156,121.40      | 0          | 5         
128   | 156,070.72      | 0          | 5         
129   | 156,070.72      | 0          | 5         
130   | 156,070.72      | 0          | 5         
131   | 156,010.04      | 0          | 5         
132   | 155,853.20      | 0          | 5         
133   | 155,853.20      | 0          | 5         
134   | 155,686.04      | 0          | 5         
135   | 155,686.04      | 0          | 5         
136   | 155,686.04      | 0          | 5         
137   | 155,589.76      | 0          | 5         
138   | 155,532.99      | 0          | 5         
139   | 155,340.66      | 0          | 5         
140   | 155,340.66      | 0          | 5         
141   | 155,339.15      | 0          | 5         
142   | 155,322.89      | 0          | 5         
143   | 155,265.22      | 0          | 5         
144   | 155,265.22      | 0          | 5         
145   | 155,263.79      | 0          | 5         
146   | 155,263.79      | 0          | 5         
147   | 155,263.79      | 0          | 5         
148   | 155,247.83      | 0          | 5         
149   | 155,247.83      | 0          | 5         
150   | 155,247.83      | 0          | 5         
151   | 155,240.24      | 0          | 5         
152   | 155,240.24      | 0          | 5         
153   | 155,236.63      | 0          | 5         
154   | 155,236.44      | 0          | 5         
155   | 155,236.44      | 0          | 5         
156   | 155,217.49      | 0          | 5         
157   | 155,217.49      | 0          | 5         
158   | 155,216.53      | 0          | 5         
159   | 155,216.53      | 0          | 4         
160   | 155,098.84      | 0          | 5         
161   | 155,057.13      | 0          | 5         
162   | 155,025.16      | 0          | 5         
163   | 155,025.16      | 0          | 5         
164   | 155,009.52      | 0          | 5         
165   | 155,009.52      | 0          | 5         
166   | 154,881.25      | 0          | 5         
167   | 154,881.25      | 0          | 5         
168   | 154,881.25      | 0          | 5         
169   | 154,856.00      | 0          | 4         
170   | 154,856.00      | 0          | 5         
171   | 154,856.00      | 0          | 4         
172   | 154,856.00      | 0          | 5         
173   | 154,856.00      | 0          | 4         
174   | 154,856.00      | 0          | 4         
175   | 154,856.00      | 0          | 5         
176   | 154,856.00      | 0          | 5         
177   | 154,856.00      | 0          | 4         
178   | 154,761.98      | 0          | 5         
179   | 154,761.98      | 0          | 4         
180   | 154,761.98      | 0          | 5         
181   | 154,761.98      | 0          | 4         
182   | 154,761.98      | 0          | 4         
183   | 154,761.98      | 0          | 5         
184   | 154,761.98      | 0          | 5         
185   | 154,761.98      | 0          | 5         
186   | 154,761.98      | 0          | 4         
187   | 154,761.98      | 0          | 4         
188   | 154,761.98      | 0          | 5         
189   | 154,761.98      | 0          | 4         
190   | 154,761.98      | 0          | 4         
191   | 154,611.34      | 0          | 4         
192   | 154,604.20      | 0          | 4         
193   | 154,604.20      | 0          | 5         
194   | 154,604.20      | 0          | 5         
195   | 154,545.55      | 0          | 4         
196   | 154,545.55      | 0          | 4         
197   | 154,545.55      | 0          | 4         
198   | 154,545.55      | 0          | 5         
199   | 154,545.55      | 0          | 4         
200   | 154,498.58      | 0          | 5         
201   | 154,498.58      | 0          | 5         
202   | 154,498.58      | 0          | 5         
203   | 154,498.58      | 0          | 4         
204   | 154,498.58      | 0          | 4         
205   | 154,498.58      | 0          | 4         
206   | 154,498.58      | 0          | 4         
207   | 154,498.58      | 0          | 4         
208   | 154,498.58      | 0          | 5         
209   | 154,498.58      | 0          | 5         
210   | 154,498.58      | 0          | 4         
211   | 154,498.58      | 0          | 5         
212   | 154,346.47      | 0          | 4         
213   | 154,346.47      | 0          | 4         
214   | 154,292.57      | 0          | 4         
215   | 154,146.91      | 0          | 5         
216   | 154,146.91      | 0          | 4         
217   | 154,146.91      | 0          | 4         
218   | 154,146.91      | 0          | 5         
219   | 154,146.91      | 0          | 4         
220   | 154,146.91      | 0          | 4         
221   | 154,146.91      | 0          | 4         
222   | 154,146.91      | 0          | 4         
223   | 154,146.91      | 0          | 5         
224   | 154,146.91      | 0          | 4         
225   | 154,146.91      | 0          | 5         
226   | 154,146.91      | 0          | 4         
227   | 154,146.91      | 0          | 4         
228   | 154,146.91      | 0          | 4         
229   | 154,146.91      | 0          | 5         
230   | 154,146.91      | 0          | 4         
