==========================================================
 ANALYSIS REPORT: Week 14
==========================================================

1. Performance Metrics
----------------------
  Objective Value : 1,191,200.00
  RMP Relaxed Value (Root): 190,450.00
  Integrality Gap       : 525.4660 %
  Execution Time  : 86.4768 sec
  Iterations      : 154
  RMP Time  : 47.8666 s
  MIP Time  : 4.3409 s
  Pool Search Time: 3.1648 s
  Graph Search Time: 30.9265 s
  MIP Decision Variables: 889 (Columns used in Final MIP)
  MIP Filtered Columns  : 0 (Removed before MIP)

2. Column Generation & Pool Statistics
--------------------------------------
  Total Columns Generated (History) : 1689
  Pool Hits (Reused from History)   : 200
  Graph Gen (Newly Created)         : 679
  Pool Hit Rate                     : 22.8%

3. Shift Pattern Diversity (Unique Patterns)
------------------------------------------
  Type: TypeA  | Unique Patterns:  327 / Total Gen:  327
       -> Avg Length of Unique Patterns: 46.7 hours
  Type: TypeB  | Unique Patterns:  339 / Total Gen:  677
       -> Avg Length of Unique Patterns: 35.0 hours
  Type: TypeC  | Unique Patterns:  340 / Total Gen:  680
       -> Avg Length of Unique Patterns: 23.9 hours

4. Final Schedule Assignment Breakdown
--------------------------------------
  Emp 0  (TypeA): 45 hours worked
  Emp 1  (TypeB): 38 hours worked
  Emp 2  (TypeB): 39 hours worked
  Emp 3  (TypeC): 28 hours worked
  Emp 4  (TypeC): 25 hours worked

5. Iteration History (Convergence Log)
--------------------------------------
Iter  | RMP Obj Value   | Pool Hits  | Graph Gen 
--------------------------------------------------
1     | 106,012,000.00  | 10         | 0         
2     | 75,061,600.00   | 10         | 0         
3     | 35,629,000.00   | 10         | 0         
4     | 19,937,850.00   | 10         | 0         
5     | 18,339,361.51   | 10         | 0         
6     | 17,382,356.64   | 10         | 0         
7     | 15,948,670.54   | 10         | 0         
8     | 15,290,725.64   | 10         | 0         
9     | 15,073,982.34   | 10         | 0         
10    | 14,642,301.27   | 10         | 0         
11    | 14,376,322.05   | 10         | 0         
12    | 14,309,403.01   | 4          | 5         
13    | 11,796,488.83   | 10         | 0         
14    | 11,372,894.15   | 10         | 0         
15    | 11,136,280.84   | 10         | 0         
16    | 11,036,812.58   | 3          | 5         
17    | 7,231,967.00    | 10         | 0         
18    | 7,210,140.15    | 10         | 0         
19    | 7,197,606.25    | 0          | 5         
20    | 6,354,631.30    | 7          | 0         
21    | 6,339,696.59    | 4          | 5         
22    | 5,541,090.46    | 2          | 5         
23    | 4,422,397.83    | 2          | 5         
24    | 3,743,525.46    | 2          | 5         
25    | 3,282,483.19    | 8          | 0         
26    | 3,229,721.08    | 0          | 5         
27    | 2,796,943.95    | 0          | 5         
28    | 2,656,769.07    | 4          | 5         
29    | 2,464,031.99    | 0          | 5         
30    | 2,114,425.71    | 2          | 5         
31    | 1,885,907.23    | 0          | 5         
32    | 1,764,795.83    | 0          | 5         
33    | 1,674,876.87    | 0          | 5         
34    | 1,612,788.28    | 0          | 5         
35    | 1,584,789.31    | 0          | 5         
36    | 1,479,314.15    | 0          | 5         
37    | 1,416,103.74    | 0          | 5         
38    | 1,329,678.36    | 0          | 5         
39    | 1,245,395.10    | 0          | 5         
40    | 1,170,451.92    | 0          | 5         
41    | 1,083,823.21    | 0          | 5         
42    | 1,057,833.82    | 2          | 5         
43    | 1,031,241.58    | 0          | 5         
44    | 1,017,364.89    | 0          | 5         
45    | 993,984.51      | 0          | 5         
46    | 954,040.04      | 0          | 5         
47    | 901,558.54      | 0          | 5         
48    | 868,590.16      | 0          | 5         
49    | 796,153.16      | 0          | 5         
50    | 746,563.58      | 0          | 5         
51    | 727,164.75      | 0          | 5         
52    | 710,657.05      | 0          | 5         
53    | 681,644.42      | 0          | 5         
54    | 669,279.31      | 0          | 5         
55    | 639,241.49      | 0          | 5         
56    | 609,040.54      | 0          | 5         
57    | 600,343.33      | 0          | 5         
58    | 592,798.47      | 0          | 5         
59    | 583,293.88      | 0          | 5         
60    | 547,801.72      | 0          | 5         
61    | 512,139.30      | 0          | 5         
62    | 509,412.49      | 0          | 5         
63    | 473,953.67      | 0          | 5         
64    | 444,001.52      | 0          | 5         
65    | 438,091.21      | 0          | 5         
66    | 425,117.54      | 0          | 5         
67    | 396,024.05      | 0          | 5         
68    | 374,219.18      | 0          | 5         
69    | 350,675.31      | 0          | 5         
70    | 343,193.55      | 0          | 5         
71    | 336,330.99      | 0          | 5         
72    | 334,824.81      | 0          | 5         
73    | 323,997.36      | 0          | 5         
74    | 313,447.23      | 0          | 5         
75    | 313,447.23      | 0          | 5         
76    | 299,249.18      | 0          | 5         
77    | 296,321.46      | 0          | 5         
78    | 280,732.99      | 0          | 5         
79    | 280,732.99      | 0          | 5         
80    | 249,955.68      | 0          | 5         
81    | 227,732.61      | 0          | 5         
82    | 215,109.57      | 0          | 5         
83    | 215,109.57      | 0          | 5         
84    | 213,032.75      | 0          | 5         
85    | 196,740.00      | 0          | 5         
86    | 196,740.00      | 0          | 5         
87    | 196,740.00      | 0          | 5         
88    | 196,740.00      | 0          | 5         
89    | 196,740.00      | 0          | 5         
90    | 196,740.00      | 0          | 5         
91    | 196,740.00      | 0          | 5         
92    | 195,625.00      | 0          | 5         
93    | 194,700.00      | 0          | 5         
94    | 194,700.00      | 0          | 5         
95    | 194,700.00      | 0          | 5         
96    | 194,700.00      | 0          | 5         
97    | 194,700.00      | 0          | 5         
98    | 194,700.00      | 0          | 5         
99    | 194,700.00      | 0          | 5         
100   | 193,961.54      | 0          | 5         
101   | 193,846.15      | 0          | 5         
102   | 193,846.15      | 0          | 5         
103   | 193,846.15      | 0          | 5         
104   | 193,312.50      | 0          | 5         
105   | 193,312.50      | 0          | 5         
106   | 193,312.50      | 0          | 5         
107   | 193,312.50      | 0          | 5         
108   | 193,062.50      | 0          | 5         
109   | 193,062.50      | 0          | 5         
110   | 193,062.50      | 0          | 5         
111   | 192,808.00      | 0          | 5         
112   | 191,562.50      | 0          | 5         
113   | 191,562.50      | 0          | 5         
114   | 191,562.50      | 0          | 5         
115   | 191,562.50      | 0          | 5         
116   | 191,562.50      | 0          | 5         
117   | 191,562.50      | 0          | 5         
118   | 191,437.50      | 0          | 5         
119   | 191,437.50      | 0          | 5         
120   | 191,437.50      | 0          | 5         
121   | 191,437.50      | 0          | 5         
122   | 191,437.50      | 0          | 5         
123   | 191,437.50      | 0          | 5         
124   | 191,437.50      | 0          | 5         
125   | 191,437.50      | 0          | 5         
126   | 191,437.50      | 0          | 5         
127   | 191,437.50      | 0          | 5         
128   | 191,437.50      | 0          | 5         
129   | 191,084.61      | 0          | 5         
130   | 191,084.61      | 0          | 5         
131   | 191,084.61      | 0          | 5         
132   | 191,084.61      | 0          | 5         
133   | 191,084.61      | 0          | 5         
134   | 191,084.61      | 0          | 5         
135   | 191,084.61      | 0          | 5         
136   | 191,084.61      | 0          | 5         
137   | 191,084.61      | 0          | 5         
138   | 191,028.57      | 0          | 4         
139   | 190,450.00      | 0          | 5         
140   | 190,450.00      | 0          | 5         
141   | 190,450.00      | 0          | 5         
142   | 190,450.00      | 0          | 5         
143   | 190,450.00      | 0          | 5         
144   | 190,450.00      | 0          | 5         
145   | 190,450.00      | 0          | 5         
146   | 190,450.00      | 0          | 5         
147   | 190,450.00      | 0          | 5         
148   | 190,450.00      | 0          | 5         
149   | 190,450.00      | 0          | 5         
150   | 190,450.00      | 0          | 5         
151   | 190,450.00      | 0          | 5         
152   | 190,450.00      | 0          | 5         
153   | 190,450.00      | 0          | 5         
154   | 190,450.00      | 0          | 5         
