==========================================================
 ANALYSIS REPORT: Week 12
==========================================================

1. Performance Metrics
----------------------
  Objective Value : 3,196,900.00
  RMP Relaxed Value (Root): 2,189,877.78
  Integrality Gap       : 45.9853 %
  Execution Time  : 124.5402 sec
  Iterations      : 194
  RMP Time  : 73.1663 s
  MIP Time  : 6.0995 s
  Pool Search Time: 4.1989 s
  Graph Search Time: 40.8209 s
  MIP Decision Variables: 1038 (Columns used in Final MIP)
  MIP Filtered Columns  : 0 (Removed before MIP)

2. Column Generation & Pool Statistics
--------------------------------------
  Total Columns Generated (History) : 1840
  Pool Hits (Reused from History)   : 198
  Graph Gen (Newly Created)         : 830
  Pool Hit Rate                     : 19.3%

3. Shift Pattern Diversity (Unique Patterns)
------------------------------------------
  Type: TypeA  | Unique Patterns:  305 / Total Gen:  305
       -> Avg Length of Unique Patterns: 47.3 hours
  Type: TypeB  | Unique Patterns:  372 / Total Gen:  744
       -> Avg Length of Unique Patterns: 36.9 hours
  Type: TypeC  | Unique Patterns:  393 / Total Gen:  786
       -> Avg Length of Unique Patterns: 25.1 hours

4. Final Schedule Assignment Breakdown
--------------------------------------
  Emp 0  (TypeA): 49 hours worked
  Emp 1  (TypeB): 39 hours worked
  Emp 2  (TypeB): 40 hours worked
  Emp 3  (TypeC): 27 hours worked
  Emp 4  (TypeC): 26 hours worked

5. Iteration History (Convergence Log)
--------------------------------------
Iter  | RMP Obj Value   | Pool Hits  | Graph Gen 
--------------------------------------------------
1     | 114,011,900.00  | 10         | 0         
2     | 81,055,100.00   | 10         | 0         
3     | 44,135,100.00   | 10         | 0         
4     | 30,191,500.00   | 10         | 0         
5     | 20,194,300.00   | 10         | 0         
6     | 18,949,950.00   | 10         | 0         
7     | 18,679,588.88   | 10         | 0         
8     | 17,700,000.00   | 10         | 0         
9     | 17,700,000.00   | 10         | 0         
10    | 17,390,604.70   | 10         | 0         
11    | 17,390,604.70   | 4          | 5         
12    | 14,276,824.65   | 10         | 0         
13    | 13,534,420.08   | 10         | 0         
14    | 13,317,236.17   | 10         | 0         
15    | 13,104,204.76   | 4          | 5         
16    | 10,264,537.25   | 10         | 0         
17    | 10,133,094.85   | 5          | 5         
18    | 9,163,203.44    | 10         | 0         
19    | 9,070,219.15    | 1          | 5         
20    | 8,096,260.96    | 6          | 0         
21    | 8,075,392.09    | 2          | 5         
22    | 6,803,070.49    | 10         | 0         
23    | 6,779,743.54    | 0          | 5         
24    | 6,330,787.82    | 8          | 0         
25    | 6,279,144.39    | 0          | 5         
26    | 6,022,516.66    | 1          | 5         
27    | 5,607,450.39    | 3          | 5         
28    | 5,422,020.05    | 2          | 5         
29    | 5,249,153.29    | 2          | 5         
30    | 5,117,948.82    | 0          | 5         
31    | 4,902,432.21    | 0          | 5         
32    | 4,586,146.01    | 0          | 5         
33    | 4,542,727.44    | 0          | 5         
34    | 4,397,400.62    | 0          | 5         
35    | 3,989,224.49    | 0          | 5         
36    | 3,787,913.94    | 0          | 5         
37    | 3,731,925.50    | 0          | 5         
38    | 3,684,164.05    | 0          | 5         
39    | 3,624,267.71    | 0          | 5         
40    | 3,538,562.41    | 0          | 5         
41    | 3,469,064.60    | 0          | 5         
42    | 3,354,320.95    | 0          | 5         
43    | 3,333,622.57    | 0          | 5         
44    | 3,284,586.96    | 0          | 5         
45    | 3,253,319.35    | 0          | 5         
46    | 3,195,678.24    | 0          | 5         
47    | 3,175,994.83    | 0          | 5         
48    | 3,147,455.94    | 0          | 5         
49    | 3,031,125.27    | 0          | 5         
50    | 2,995,704.76    | 0          | 5         
51    | 2,970,404.15    | 0          | 5         
52    | 2,943,376.81    | 0          | 5         
53    | 2,942,570.36    | 0          | 5         
54    | 2,913,824.15    | 0          | 5         
55    | 2,827,796.48    | 0          | 5         
56    | 2,786,957.10    | 0          | 5         
57    | 2,784,790.90    | 0          | 5         
58    | 2,748,554.35    | 0          | 5         
59    | 2,731,508.18    | 0          | 5         
60    | 2,716,997.95    | 0          | 5         
61    | 2,694,796.90    | 0          | 5         
62    | 2,655,017.73    | 0          | 5         
63    | 2,639,533.65    | 0          | 5         
64    | 2,639,533.65    | 0          | 5         
65    | 2,638,091.70    | 0          | 5         
66    | 2,623,965.19    | 0          | 5         
67    | 2,550,265.61    | 0          | 5         
68    | 2,547,081.18    | 0          | 5         
69    | 2,507,980.24    | 0          | 5         
70    | 2,507,980.24    | 0          | 5         
71    | 2,473,482.45    | 0          | 5         
72    | 2,454,756.75    | 0          | 5         
73    | 2,428,665.98    | 0          | 5         
74    | 2,419,679.93    | 0          | 5         
75    | 2,412,536.25    | 0          | 5         
76    | 2,378,862.29    | 0          | 5         
77    | 2,350,678.38    | 0          | 5         
78    | 2,337,976.81    | 0          | 5         
79    | 2,323,464.00    | 0          | 5         
80    | 2,317,566.71    | 0          | 5         
81    | 2,307,599.39    | 0          | 5         
82    | 2,303,334.28    | 0          | 5         
83    | 2,303,334.28    | 0          | 5         
84    | 2,301,791.21    | 0          | 5         
85    | 2,301,791.21    | 0          | 5         
86    | 2,290,058.65    | 0          | 5         
87    | 2,273,762.93    | 0          | 5         
88    | 2,273,762.93    | 0          | 5         
89    | 2,266,712.09    | 0          | 5         
90    | 2,258,608.26    | 0          | 5         
91    | 2,252,191.51    | 0          | 5         
92    | 2,241,657.20    | 0          | 5         
93    | 2,215,836.94    | 0          | 5         
94    | 2,215,836.94    | 0          | 5         
95    | 2,205,997.81    | 0          | 5         
96    | 2,198,287.87    | 0          | 5         
97    | 2,198,287.87    | 0          | 4         
98    | 2,193,330.88    | 0          | 5         
99    | 2,193,330.88    | 0          | 5         
100   | 2,193,330.88    | 0          | 5         
101   | 2,193,330.88    | 0          | 4         
102   | 2,193,330.88    | 0          | 5         
103   | 2,193,330.88    | 0          | 5         
104   | 2,193,330.88    | 0          | 5         
105   | 2,193,330.88    | 0          | 5         
106   | 2,193,330.88    | 0          | 5         
107   | 2,193,330.88    | 0          | 5         
108   | 2,192,406.25    | 0          | 4         
109   | 2,192,406.25    | 0          | 5         
110   | 2,192,406.25    | 0          | 4         
111   | 2,192,406.25    | 0          | 4         
112   | 2,192,198.91    | 0          | 5         
113   | 2,192,198.91    | 0          | 5         
114   | 2,192,198.91    | 0          | 4         
115   | 2,192,198.91    | 0          | 5         
116   | 2,192,198.91    | 0          | 5         
117   | 2,192,198.91    | 0          | 5         
118   | 2,191,756.25    | 0          | 4         
119   | 2,191,665.38    | 0          | 4         
120   | 2,191,525.00    | 0          | 4         
121   | 2,191,525.00    | 0          | 4         
122   | 2,191,525.00    | 0          | 4         
123   | 2,191,525.00    | 0          | 4         
124   | 2,191,120.00    | 0          | 5         
125   | 2,191,120.00    | 0          | 4         
126   | 2,191,006.25    | 0          | 5         
127   | 2,191,006.25    | 0          | 4         
128   | 2,191,006.25    | 0          | 5         
129   | 2,191,006.25    | 0          | 5         
130   | 2,190,616.67    | 0          | 5         
131   | 2,190,616.67    | 0          | 5         
132   | 2,190,616.67    | 0          | 5         
133   | 2,190,616.67    | 0          | 5         
134   | 2,190,616.67    | 0          | 4         
135   | 2,190,500.00    | 0          | 5         
136   | 2,190,500.00    | 0          | 5         
137   | 2,190,500.00    | 0          | 4         
138   | 2,190,500.00    | 0          | 4         
139   | 2,190,376.14    | 0          | 5         
140   | 2,190,376.14    | 0          | 4         
141   | 2,190,376.14    | 0          | 4         
142   | 2,190,376.14    | 0          | 5         
143   | 2,190,300.00    | 0          | 4         
144   | 2,190,300.00    | 0          | 5         
145   | 2,190,248.35    | 0          | 5         
146   | 2,190,248.35    | 0          | 5         
147   | 2,190,248.35    | 0          | 5         
148   | 2,190,248.35    | 0          | 5         
149   | 2,190,187.39    | 0          | 5         
150   | 2,190,187.39    | 0          | 5         
151   | 2,190,137.50    | 0          | 5         
152   | 2,190,137.50    | 0          | 4         
153   | 2,190,137.50    | 0          | 5         
154   | 2,190,137.50    | 0          | 5         
155   | 2,190,137.50    | 0          | 4         
156   | 2,190,030.71    | 0          | 5         
157   | 2,190,030.71    | 0          | 5         
158   | 2,190,030.71    | 0          | 5         
159   | 2,190,030.71    | 0          | 5         
160   | 2,190,030.71    | 0          | 4         
161   | 2,190,030.71    | 0          | 5         
162   | 2,190,030.71    | 0          | 5         
163   | 2,190,030.71    | 0          | 5         
164   | 2,190,030.71    | 0          | 5         
165   | 2,190,030.71    | 0          | 4         
166   | 2,190,030.71    | 0          | 5         
167   | 2,189,972.50    | 0          | 5         
168   | 2,189,972.50    | 0          | 4         
169   | 2,189,955.77    | 0          | 5         
170   | 2,189,955.77    | 0          | 5         
171   | 2,189,950.00    | 0          | 3         
172   | 2,189,950.00    | 0          | 5         
173   | 2,189,950.00    | 0          | 3         
174   | 2,189,950.00    | 0          | 3         
175   | 2,189,950.00    | 0          | 3         
176   | 2,189,950.00    | 0          | 3         
177   | 2,189,950.00    | 0          | 4         
178   | 2,189,950.00    | 0          | 3         
179   | 2,189,877.78    | 0          | 5         
180   | 2,189,877.78    | 0          | 5         
181   | 2,189,877.78    | 0          | 5         
182   | 2,189,877.78    | 0          | 5         
183   | 2,189,877.78    | 0          | 5         
184   | 2,189,877.78    | 0          | 4         
185   | 2,189,877.78    | 0          | 5         
186   | 2,189,877.78    | 0          | 5         
187   | 2,189,877.78    | 0          | 5         
188   | 2,189,877.78    | 0          | 3         
189   | 2,189,877.78    | 0          | 2         
190   | 2,189,877.78    | 0          | 4         
191   | 2,189,877.78    | 0          | 5         
192   | 2,189,877.78    | 0          | 2         
193   | 2,189,877.78    | 0          | 4         
194   | 2,189,877.78    | 0          | 4         
