col_id,emp_id,emp_type,cost,schedule_pattern,in_final_mip,is_selected
0,0,TypeA,0,000000000000000000000000000000000000000000000000000000000000000000000000000000000000000000000000000000000000000000000000000000000000000000000000000000000000000000000000,0,0
1,0,TypeA,8000,000000000011111111000000000000000000000000000000000000000000000000000000000000000000000000000000000000000000000000000000000000000000000000000000000000000000000000000000,0,0
2,1,TypeB,0,000000000000000000000000000000000000000000000000000000000000000000000000000000000000000000000000000000000000000000000000000000000000000000000000000000000000000000000000,0,0
3,1,TypeB,4000,000000000011110000000000000000000000000000000000000000000000000000000000000000000000000000000000000000000000000000000000000000000000000000000000000000000000000000000000,0,0
4,2,TypeB,0,000000000000000000000000000000000000000000000000000000000000000000000000000000000000000000000000000000000000000000000000000000000000000000000000000000000000000000000000,0,0
5,2,TypeB,4000,000000000011110000000000000000000000000000000000000000000000000000000000000000000000000000000000000000000000000000000000000000000000000000000000000000000000000000000000,0,0
6,3,TypeC,0,000000000000000000000000000000000000000000000000000000000000000000000000000000000000000000000000000000000000000000000000000000000000000000000000000000000000000000000000,0,0
7,3,TypeC,3900,000000000011100000000000000000000000000000000000000000000000000000000000000000000000000000000000000000000000000000000000000000000000000000000000000000000000000000000000,0,0
8,4,TypeC,0,000000000000000000000000000000000000000000000000000000000000000000000000000000000000000000000000000000000000000000000000000000000000000000000000000000000000000000000000,0,0
9,4,TypeC,3900,000000000011100000000000000000000000000000000000000000000000000000000000000000000000000000000000000000000000000000000000000000000000000000000000000000000000000000000000,0,0
10,0,TypeA,51500,000000000000000000111111111100000000000000000000000000111111111000000000000000000011111111100000000000001111111110000000000000000000000000000000000000011111111110000000,1,0
11,1,TypeB,39400,000000000000000000111111100000000000000000000000000000011111111000000000000000000011111110000000000000001111111000000000000000000000000000000000000000011111111000000000,0,0
12,2,TypeB,39400,000000000000000000111111100000000000000000000000000000011111111000000000000000000011111110000000000000001111111000000000000000000000000000000000000000011111111000000000,0,0
13,3,TypeC,28500,000001111110000000000000000111110000000000000000000011111000000000000000000000000000000000000011111100000000000000000000000000000000000000000000000000011111000000000000,0,0
14,4,TypeC,28500,000001111110000000000000000111110000000000000000000011111000000000000000000000000000000000000011111100000000000000000000000000000000000000000000000000011111000000000000,0,0
15,0,TypeA,51700,000000000000000000000000000000000001111111110000000000000000000001111111100000000000000000000000000000000000000000000001111111110000000000011111111000000000000111111111,0,0
16,1,TypeB,42300,000000000000000000000000000000000000011111110000000000000000000001111111100000000000000000000000000000000000000000000000001111110000000000011111110000000000000011111111,0,0
17,2,TypeB,42300,000000000000000000000000000000000000011111110000000000000000000001111111100000000000000000000000000000000000000000000000001111110000000000011111110000000000000011111111,0,0
18,3,TypeC,25600,000000000000000000000000000000000000000111110000000000000000000000011111100000000000000000000000000000000000000000000000001111110000000000011110000000000000000000001111,0,0
19,4,TypeC,25600,000000000000000000000000000000000000000111110000000000000000000000011111100000000000000000000000000000000000000000000000001111110000000000011110000000000000000000001111,0,0
20,0,TypeA,46000,000000001111111111000000000000000001111111100000000000000000000000000000000000111111110000000000000000111111110000000000000000111111111000000000000000000000000000000000,0,0
21,1,TypeB,33400,000000001111111000000000000000000001111100000000000000000000000000000000000000111111000000000000000000111110000000000000000000011111111000000000000000000000000000000000,0,0
22,2,TypeB,33400,000000001111111000000000000000000001111100000000000000000000000000000000000000111111000000000000000000111110000000000000000000011111111000000000000000000000000000000000,0,0
23,3,TypeC,31700,000000001111110000000000000000000001111100000000000000000000000000000000000000111111000000000000000000111110000000000000000000000001111000000000000000000000000000000000,0,0
24,4,TypeC,31700,000000001111110000000000000000000001111100000000000000000000000000000000000000111111000000000000000000111110000000000000000000000001111000000000000000000000000000000000,0,0
25,0,TypeA,46600,000000000001111111100000000000000000000000111111110000000000011111111000000000000000000000000000000000000000000011111111000000000000000000000000011111111000000000000000,0,0
26,1,TypeB,27500,000000000000001111000000000000000000000000000000111100000000011111000000000000000000000000000000000000000000000011111111000000000000000000000000011111000000000000000000,0,0
27,2,TypeB,27500,000000000000001111000000000000000000000000000000111100000000011111000000000000000000000000000000000000000000000011111111000000000000000000000000011111000000000000000000,0,0
28,3,TypeC,23100,000000000000001111000000000000000000000000000000111000000000011111000000000000000000000000000000000000000000000000001111000000000000000000000000011111000000000000000000,0,0
29,4,TypeC,23100,000000000000001111000000000000000000000000000000111000000000011111000000000000000000000000000000000000000000000000001111000000000000000000000000011111000000000000000000,0,0
30,0,TypeA,47500,000000000000000000000000000011111111110000000000000000111111111000000000000000000001111111100000000000000000000000000000000000111111110000000000000001111111100000000000,1,0
31,1,TypeB,33500,000000000000000000000000000000000001111000000000000000000000011110000000000000000000011111100000000000000000000000000000000000111111110000000000000001111111000000000000,0,0
32,2,TypeB,33500,000000000000000000000000000000000001111000000000000000000000011110000000000000000000011111100000000000000000000000000000000000111111110000000000000001111111000000000000,0,0
33,3,TypeC,22900,000000000000000000000000000000000001110000000000000000000000011100000000000000000000011111100000000000000000000000000000000000000001110000000000000001111000000000000000,0,0
34,4,TypeC,22900,000000000000000000000000000000000001110000000000000000000000011100000000000000000000011111100000000000000000000000000000000000000001110000000000000001111000000000000000,0,0
35,0,TypeA,49400,000000000000011111111000000000000001111111110000000000000000000000000000000000000000000000111111111100000000000000000000000000111111110000000000000000000000011111111100,0,0
36,1,TypeB,39400,000000000000011111111000000000000000000000000000111111100000000000000000000000000000000000000011111100000000011111111000000000111111110000000000000000000000000000000000,0,0
37,2,TypeB,39400,000000000000011111111000000000000000000000000000111111100000000000000000000000000000000000000011111100000000011111111000000000111111110000000000000000000000000000000000,0,0
38,3,TypeC,19800,000000000000000000111000000000000001110000000000111000000000000000000000000000000000000000000011111100000000000000000000000000000001110000000000000000000000000000000000,0,0
39,4,TypeC,19800,000000000000000000111000000000000001110000000000111000000000000000000000000000000000000000000011111100000000000000000000000000000001110000000000000000000000000000000000,0,0
40,0,TypeA,54400,000001111111111000000000000011111111110000000000000000000000011111111110000000000000000000000000000000000000000000000000000000000001111111111000000000000000011111111100,0,0
41,1,TypeB,34400,000001111110000000000000000000011111110000000000111111100000000000000000000000000000000000000000000000000000000000001111111000000000000000000000000000000011111000000000,0,0
42,2,TypeB,34400,000001111110000000000000000000011111110000000000111111100000000000000000000000000000000000000000000000000000000000001111111000000000000000000000000000000011111000000000,0,0
43,3,TypeC,26300,000001111110000000000000000000000000000000000000111000000000011111000000000000000000000000000000000000000000000000000000000000000000000000011110000000000011111000000000,0,0
44,4,TypeC,26300,000001111110000000000000000000000000000000000000111000000000011111000000000000000000000000000000000000000000000000000000000000000000000000011110000000000011111000000000,0,0
45,0,TypeA,53800,011111111100000000000111111111000000000000000000000000111111111000000000000000000000000000000000000000001111111110000000000011111111110000000000000000000000000000000000,1,0
46,1,TypeB,35100,011111100000000000000000111111000000000000000000000000000000011111110000000000000000000000000000000000001111110000000001111111100000000000000000000000000000000000000000,0,0
47,2,TypeB,35100,011111100000000000000000111111000000000000000000000000000000011111110000000000000000000000000000000000001111110000000001111111100000000000000000000000000000000000000000,0,0
48,3,TypeC,27400,011111100000000000000000111111000000000000000000000000000000011100000000000000000000000000000000000000001111110000000000000011110000000000000000000000000000000000000000,1,0
49,4,TypeC,27400,011111100000000000000000111111000000000000000000000000000000011100000000000000000000000000000000000000001111110000000000000011110000000000000000000000000000000000000000,1,0
50,0,TypeA,53000,000000001111111111000000000000000001111111110000000000000000000000000011111111100000000000000000000000001111111110000000000000000000000000000000011111111110000000000000,1,0
51,1,TypeB,36100,000000000000001111111100000000000001111100000000000000000000000000011111100000000000000000000000000000000000000011111111000000000000000000000000000001111111000000000000,0,0
52,2,TypeB,36100,000000000000001111111100000000000001111100000000000000000000000000011111100000000000000000000000000000000000000011111111000000000000000000000000000001111111000000000000,0,0
53,3,TypeC,33200,000001111110000000000000000000000001111100000000000000000000000000011111100000000000000000000000000000001111110000000000000000000000000000000000000001111110000000000000,0,0
54,4,TypeC,33200,000001111110000000000000000000000001111100000000000000000000000000011111100000000000000000000000000000001111110000000000000000000000000000000000000001111110000000000000,0,0
55,0,TypeA,55800,000000000000000000000000000011111111110000000000000000111111111000000000000000000000000000111111111100000000000000000000000000000000011111111110000000000000000111111111,1,0
56,1,TypeB,37600,000000000000000000000000111111110000000000000000000000000000000000000000000000111111110000000000000000001111110000000000000000000000000000011111110000000000000000011111,0,0
57,2,TypeB,37600,000000000000000000000000111111110000000000000000000000000000000000000000000000111111110000000000000000001111110000000000000000000000000000011111110000000000000000011111,0,0
58,3,TypeC,23400,000000000000000000000111100000000000000000000000000000000000011100000000000000000000000000000000000000001111110000000000000000000000000000011110000000000000000000001111,0,0
59,4,TypeC,23400,000000000000000000000111100000000000000000000000000000000000011100000000000000000000000000000000000000001111110000000000000000000000000000011110000000000000000000001111,0,0
60,0,TypeA,53500,000000000111111111000000000000000000000001111111110000000000000000000000000000000000000000000000011111111000000000000000000011111111110000000000000000000000001111111111,0,0
61,1,TypeB,33500,000000000111111000000000000000000000000000000000111111100000000000000000000000111111110000000000011111100000000000000000000000000000000000000000000000000000000000011111,0,0
62,2,TypeB,33500,000000000111111000000000000000000000000000000000111111100000000000000000000000111111110000000000011111100000000000000000000000000000000000000000000000000000000000011111,0,0
63,3,TypeC,24700,000000000111111000000000000000000000000000000000111000000000011100000000000000000000000000000000011111100000000000000000000000000000000000000000000000000000000000001111,0,0
64,4,TypeC,24700,000000000111111000000000000000000000000000000000111000000000011100000000000000000000000000000000011111100000000000000000000000000000000000000000000000000000000000001111,0,0
65,0,TypeA,52000,000000001111111111000000000000000001111111110000000000000000000000000000000000000000000011111111000000000000000000001111111110000000000000000000000001111111111000000000,1,0
66,1,TypeB,39200,000000001111111000000000000000000000011111110000000000000000000000000000000000000000000000111111000000000000000000000001111111100000000000000000000000001111111000000000,0,0
67,2,TypeB,39200,000000001111111000000000000000000000011111110000000000000000000000000000000000000000000000111111000000000000000000000001111111100000000000000000000000001111111000000000,0,0
68,3,TypeC,28700,000000001110000000000000000000000000000111110000000000000000000000000000000000000000000000111111000000000000000000000001111110000000000000000000000000001111110000000000,0,0
69,4,TypeC,28700,000000001110000000000000000000000000000111110000000000000000000000000000000000000000000000111111000000000000000000000001111110000000000000000000000000001111110000000000,0,0
70,0,TypeA,53200,000000000000000000000000000000000001111111110000000000000000111111110000000000000000000000111111111100000000000000000001111111110000000000000000000001111111111000000000,1,0
71,1,TypeB,41500,000000000000000000000111111100000000000000000000000000000000011111110000000000111111110000000000000000000000000000000000000000011111111000000000000000001111111000000000,0,0
72,2,TypeB,41500,000000000000000000000111111100000000000000000000000000000000011111110000000000111111110000000000000000000000000000000000000000011111111000000000000000001111111000000000,0,0
73,3,TypeC,26100,000000000000000000000000000000000001110000000000000000000000011111000000000000000000000000000001111100000000000000000000001111110000000000000111110000000000000000000000,1,0
74,4,TypeC,26100,000000000000000000000000000000000001110000000000000000000000011111000000000000000000000000000001111100000000000000000000001111110000000000000111110000000000000000000000,1,0
75,0,TypeA,48200,000000001111111111000000000000000000000000000000000000111111111000000000000000111111110000000000000000000000011111111000000000000000000000000000000000000000000111111111,1,0
76,1,TypeB,38400,000000000011111111000000000000000000000000000000000000000001111000000000000000111111110000000000000000000000000011111111000000000000000000000000000000000000000011111111,0,0
77,2,TypeB,38400,000000000011111111000000000000000000000000000000000000000001111000000000000000111111110000000000000000000000000011111111000000000000000000000000000000000000000011111111,0,0
78,3,TypeC,29900,000001111110000000000000000000000000000000000000000000000001111000000000000000000001111110000000000000000000000000001111000000000000000000000000000000000000000011111100,0,0
79,4,TypeC,29900,000001111110000000000000000000000000000000000000000000000001111000000000000000000001111110000000000000000000000000001111000000000000000000000000000000000000000011111100,0,0
80,0,TypeA,52800,000000001111111111000000000000011111111100000000000000111111111000000000000000000000000000000000011111111110000000000000000000000001111111111000000000000000000000000000,1,0
81,1,TypeB,41400,000000000000001111111100000000000000000000000000111111100000000000000000000000000001111111100000000000111111110000000000000000000000011111111000000000000000000000000000,1,0
82,2,TypeB,41400,000000000000001111111100000000000000000000000000111111100000000000000000000000000001111111100000000000111111110000000000000000000000011111111000000000000000000000000000,1,0
83,3,TypeC,28600,000000000000000000000000000000000001111100000000000000000001111000000000000000000000000000000000011111100000000000000001111110000000000000000000000000001111000000000000,1,0
84,4,TypeC,28600,000000000000000000000000000000000001111100000000000000000001111000000000000000000000000000000000011111100000000000000001111110000000000000000000000000001111000000000000,1,0
85,0,TypeA,52000,000000000000000000000000000011111111110000000000000000111111111000000000000000000000000000000000011111111110000000000000000000111111110000000000000000001111111110000000,1,0
86,1,TypeB,38800,000000000000001111111100000000000000011111110000000000000000000000000001111111100000000000000000000000111111110000000000000000000000000000000000000000000001111110000000,1,0
87,2,TypeB,38800,000000000000001111111100000000000000011111110000000000000000000000000001111111100000000000000000000000111111110000000000000000000000000000000000000000000001111110000000,1,0
88,3,TypeC,27200,000000000000000000000000000111110000000000000000000000000000000000000001110000000000000000000000000000001111110000000000000000000001110000000000000000000001111110000000,1,0
89,4,TypeC,27200,000000000000000000000000000111110000000000000000000000000000000000000001110000000000000000000000000000001111110000000000000000000001110000000000000000000001111110000000,1,0
90,0,TypeA,51900,000000000011111111100000000000000001111111110000000000000000011111111110000000000000011111111110000000000000000000000000000000000000011111111110000000000000000000000000,1,0
91,1,TypeB,37500,000000001111111000000000111111110000000000000000111111110000000000000000000000000000000000000000000000000000011111111000000000000000000000000111110000000000000000000000,1,0
92,2,TypeB,37500,000000001111111000000000111111110000000000000000111111110000000000000000000000000000000000000000000000000000011111111000000000000000000000000111110000000000000000000000,1,0
93,3,TypeC,28400,000000000011111000000000000000000001111100000000000000000000011100000000000000000000000000000000000000000011111000000000000000000000000000000111110000000000000000000000,1,0
94,4,TypeC,28400,000000000011111000000000000000000001111100000000000000000000011100000000000000000000000000000000000000000011111000000000000000000000000000000111110000000000000000000000,1,0
95,0,TypeA,48800,000000000000001111111100000000000001111111110000000000000000011111111110000000000000000000000000000000000000000000000000000000111111110000000000000000000000000111111111,1,0
96,1,TypeB,41400,000000000000001111111100000000000000011111110000000000111111110000000000000000111111110000000000000000000000000000000000000000111111110000000000000000000000000000000000,0,0
97,2,TypeB,41400,000000000000001111111100000000000000011111110000000000111111110000000000000000111111110000000000000000000000000000000000000000111111110000000000000000000000000000000000,0,0
98,3,TypeC,26100,000000000000000000011111100000000001110000000000000000000000011111000000000000000000000000000000000000000000000000000000000000000000000000001111110000000000000000001111,1,0
99,4,TypeC,26100,000000000000000000011111100000000001110000000000000000000000011111000000000000000000000000000000000000000000000000000000000000000000000000001111110000000000000000001111,1,0
100,0,TypeA,51500,000000111111111000000000000000000000000000000000111111110000000000000000000000111111110000000000000000000000000000000001111111110000000000000000000000000001111111111000,1,0
101,1,TypeB,40200,000000001111111000000000000000000000000000000000111111100000000000000000000000111111110000000000000000000000000000000000000000111111110000000000000000000001111110000000,1,0
102,2,TypeB,40200,000000001111111000000000000000000000000000000000111111100000000000000000000000111111110000000000000000000000000000000000000000111111110000000000000000000001111110000000,1,0
103,3,TypeC,30300,000000000011111000000000000000000000000000000000011111100000000000000000000000000000000000000011110000000000000000000000001111110000000000000000000000000001111110000000,1,0
104,4,TypeC,30300,000000000011111000000000000000000000000000000000011111100000000000000000000000000000000000000011110000000000000000000000001111110000000000000000000000000001111110000000,1,0
105,0,TypeA,51900,000000000000000000000000000000000001111111110000000000001111111111000000000000111111111100000000000000000000001111111111000000000000011111111100000000000000000000000000,1,0
106,1,TypeB,41200,000000000000000000000000000000011111110000000000000000000000000000000000000000111111110000000000000000000000011111111000000000000000011111110000000001111111000000000000,1,0
107,2,TypeB,41200,000000000000000000000000000000011111110000000000000000000000000000000000000000111111110000000000000000000000011111111000000000000000011111110000000001111111000000000000,1,0
108,3,TypeC,30300,000000000000000000000000000000000000011111000000000000000000001111000000000000000001111100000000000000000000011110000000000000000000000000000000000000001111110000000000,0,0
109,4,TypeC,30300,000000000000000000000000000000000000011111000000000000000000001111000000000000000001111100000000000000000000011110000000000000000000000000000000000000001111110000000000,0,0
110,0,TypeA,57200,000000000000000000000000111111110000000000000000111111111000000000000011111111100000000000000001111111111000000000001111111100000000000000000000000000000000000000000000,1,0
111,1,TypeB,40400,000000000000000000000000111111110000000000000000000000000000000001111111100000000000011111100000000000111111110000000000000000111111110000000000000000000000000000000000,0,0
112,2,TypeB,40400,000000000000000000000000111111110000000000000000000000000000000001111111100000000000011111100000000000111111110000000000000000111111110000000000000000000000000000000000,0,0
113,3,TypeC,29000,000000000000000000000000000000000000000000011111100000000000011111000000000000000000011111100000000000111110000000000001111000000000000000000000000000000000000000000000,0,0
114,4,TypeC,29000,000000000000000000000000000000000000000000011111100000000000011111000000000000000000011111100000000000111110000000000001111000000000000000000000000000000000000000000000,0,0
115,0,TypeA,50800,000000000000000000000000000000000000000000000000000000111111111000000000000000111111111100000000000000111111110000000000000000111111111000000000000001111111111000000000,1,0
116,1,TypeB,41000,011111111000000000000000000000000000000000000000011111111000000000000001111111100000000000000000000000000000000000001111111000000000000000011111110000000000000000000000,1,0
117,2,TypeB,41000,011111111000000000000000000000000000000000000000011111111000000000000001111111100000000000000000000000000000000000001111111000000000000000011111110000000000000000000000,1,0
118,3,TypeC,26000,000000000000001111100000000000000000000000000000011111100000000000000000000000000000000000000000000000000000000000001111000000000001111000000000000000001111000000000000,1,0
119,4,TypeC,26000,000000000000001111100000000000000000000000000000011111100000000000000000000000000000000000000000000000000000000000001111000000000001111000000000000000001111000000000000,1,0
120,0,TypeA,48700,000000000111111111100000000000011111111100000000000000111111111000000000000000000000000000000000000000001111111110000000000000111111111000000000000000000000000000000000,0,0
121,1,TypeB,40000,000000000000000000000000000000000001111111000000000000000000000000000001111111100000000011111111000000000000000000001111111000000000000000011111110000000000000000000000,1,0
122,2,TypeB,40000,000000000000000000000000000000000001111111000000000000000000000000000001111111100000000011111111000000000000000000001111111000000000000000011111110000000000000000000000,1,0
123,3,TypeC,30500,000000000111111000000000000000000001111100000000000000000000011111000000000000000000000000000000000000000000000000000000001111110000000000000000000000000000000000001111,1,0
124,4,TypeC,30500,000000000111111000000000000000000001111100000000000000000000011111000000000000000000000000000000000000000000000000000000001111110000000000000000000000000000000000001111,1,0
125,0,TypeA,57400,000000000000000000001111111111000000000000000000000000000000011111111110000000000000000111111111000000000000000000000000000011111111110000000000000001111111111000000000,1,0
126,1,TypeB,40500,000000000000000000000000111111110000000000011111110000000000000000000000000000000000000000000011111100000000000000000000000000111111110000000000000001111111000000000000,0,0
127,2,TypeB,40500,000000000000000000000000111111110000000000011111110000000000000000000000000000000000000000000011111100000000000000000000000000111111110000000000000001111111000000000000,0,0
128,3,TypeC,27300,000000000000000000000000000111110000000000000000000000000000011111000000000000000000000000000011111100000000000000000000000000000001111000000000000000001111000000000000,1,0
129,4,TypeC,27300,000000000000000000000000000111110000000000000000000000000000011111000000000000000000000000000011111100000000000000000000000000000001111000000000000000001111000000000000,1,0
130,0,TypeA,52500,000001111111111000000000000000011111111100000000000000000000000000000000000000111111111100000000000000001111111110000000000011111111110000000000000000000000000000000000,1,0
131,1,TypeB,40000,011111111000000000000000000000011111110000000000000000000000000000000000000000000001111111100000000000000000000000001111111000000000000000011111110000000000000000000000,1,0
132,2,TypeB,40000,011111111000000000000000000000011111110000000000000000000000000000000000000000000001111111100000000000000000000000001111111000000000000000011111110000000000000000000000,1,0
133,3,TypeC,28400,000000000000000000000000000000000000000000000000000000000000000000000000000000000001111110000000000000111110000000000001111110000000000000000111110000000000000000001111,1,0
134,4,TypeC,28400,000000000000000000000000000000000000000000000000000000000000000000000000000000000001111110000000000000111110000000000001111110000000000000000111110000000000000000001111,1,0
135,0,TypeA,54900,000000111111111000000000000000000001111111110000000000000000001111111111000000000000000000000001111111111000000000000000000000000000011111111110000000000000000000000000,1,0
136,1,TypeB,39100,000000001111111000000000000000000000011111110000000000000000000000000000000000000000000000000001111111100000000011111111000000000000000000011111110000000000000000000000,1,0
137,2,TypeB,39100,000000001111111000000000000000000000011111110000000000000000000000000000000000000000000000000001111111100000000011111111000000000000000000011111110000000000000000000000,1,0
138,3,TypeC,25300,000000000011111000000000000000000000000000000000000000000000001111110000000000000000000000000001110000000000000000001111000000000000000000000000000000001111000000000000,0,0
139,4,TypeC,25300,000000000011111000000000000000000000000000000000000000000000001111110000000000000000000000000001110000000000000000001111000000000000000000000000000000001111000000000000,0,0
140,0,TypeA,53400,011111111110000000000000000000000001111111110000000000000000011111111110000000000000000000000000000000111111111000000000000000000000000000000000000000000001111111111000,1,0
141,1,TypeB,41500,000000000000000000000000000000000000011111110000000000000000000000000000000000000000000111111110000000001111111000000000000000111111110000000000000000000011111110000000,0,0
142,2,TypeB,41500,000000000000000000000000000000000000011111110000000000000000000000000000000000000000000111111110000000001111111000000000000000111111110000000000000000000011111110000000,0,0
143,3,TypeC,28500,000000000000000000000000111111000000000000011111100000000000000000011111100000000000000000000000000000000000000000001111000000000000000000000000000000000011111000000000,1,0
144,4,TypeC,28500,000000000000000000000000111111000000000000011111100000000000000000011111100000000000000000000000000000000000000000001111000000000000000000000000000000000011111000000000,1,0
145,0,TypeA,53500,011111111110000000000000000000000000000000000000000000000000000000000001111111100000000000000000000000111111111000000000000011111111110000000000000000001111111110000000,1,0
146,1,TypeB,42500,011111111000000000111111100000000000000000000000000000000000000000000001111111100000000000000000000000000000000000000000000000111111110000000000000001111111000000000000,0,0
147,2,TypeB,42500,011111111000000000111111100000000000000000000000000000000000000000000001111111100000000000000000000000000000000000000000000000111111110000000000000001111111000000000000,0,0
148,3,TypeC,32100,000000000000001111110000000000000000000000000000000000000000001111110000000000111111000000000000000000000011111000000000000000000000000000000000000000001111000000000000,1,0
149,4,TypeC,32100,000000000000001111110000000000000000000000000000000000000000001111110000000000111111000000000000000000000011111000000000000000000000000000000000000000001111000000000000,1,0
150,0,TypeA,55600,011111111110000000000000000000000001111111110000000000000000011111111110000000000000011111111110000000000000001111111111000000000000000000000000000000000000000000000000,1,0
151,1,TypeB,37000,000000001111111000000000000000000000011111110000000000000000011111110000000000111111110000000000000111111110000000000000000000000000000000000000000000000000000000000000,1,0
152,2,TypeB,37000,000000001111111000000000000000000000011111110000000000000000011111110000000000111111110000000000000111111110000000000000000000000000000000000000000000000000000000000000,1,0
153,3,TypeC,26200,000000000000000000000000000000000000011111000000000000000000000000011111100000000000000000000000000111111000000000001111000000000000000000000000000000000000000000001111,1,0
154,4,TypeC,26200,000000000000000000000000000000000000011111000000000000000000000000011111100000000000000000000000000111111000000000001111000000000000000000000000000000000000000000001111,1,0
155,0,TypeA,48700,000000001111111110000000000000000001111111110000000000000000000000000000000000000000000000000000000000001111111110000000000011111111110000000000000000001111111110000000,1,0
156,1,TypeB,42800,000000000000000000000000000000000000011111110000000000000000011111110000000000000000000000000000000000111111110000000000000000111111110000000000000000000000000011111111,1,0
157,2,TypeB,42800,000000000000000000000000000000000000011111110000000000000000011111110000000000000000000000000000000000111111110000000000000000111111110000000000000000000000000011111111,1,0
158,3,TypeC,29300,000000000000000000000000111100000000000000000000000000000000001111110000000000000000000000000000000000001111110000000000001111110000000000000000000000001111000000000000,1,0
159,4,TypeC,29300,000000000000000000000000111100000000000000000000000000000000001111110000000000000000000000000000000000001111110000000000001111110000000000000000000000001111000000000000,1,0
160,0,TypeA,54200,011111111110000000000000000000000000000000000000000000111111111000000000000000000000000011111111110000000000000000000000000011111111110000000000000000001111111100000000,1,0
161,1,TypeB,41200,000000001111111000000000000000000000000000000000000000000000000000000000000000000000000000111111110000000000011111111000000000011111110000000000000000001111111000000000,0,0
162,2,TypeB,41200,000000001111111000000000000000000000000000000000000000000000000000000000000000000000000000111111110000000000011111111000000000011111110000000000000000001111111000000000,0,0
163,3,TypeC,28800,000000000000000000000000111111000000000000000000000000000000000000000000000000111111000000000011111000000000000000000000001111110000000000000000000000001111000000000000,1,0
164,4,TypeC,28800,000000000000000000000000111111000000000000000000000000000000000000000000000000111111000000000011111000000000000000000000001111110000000000000000000000001111000000000000,1,0
165,0,TypeA,56300,011111111110000000000000000000000000000000000000111111111000000000000011111111100000000000000000000000111111111000000000000000000001111111111000000000000000000000000000,1,0
166,1,TypeB,41500,000000000000000000000111111110000000000000000000111111100000000000000000000000000000000000000000000000001111111000000000000000111111110000000000000001111111000000000000,1,0
167,2,TypeB,41500,000000000000000000000111111110000000000000000000111111100000000000000000000000000000000000000000000000001111111000000000000000111111110000000000000001111111000000000000,1,0
168,3,TypeC,26300,000000000000000000000000111110000000000000000000000000000000000000011111100000000000000000000000000000000011111000000000000000000001110000000000000000001111000000000000,1,0
169,4,TypeC,26300,000000000000000000000000111110000000000000000000000000000000000000011111100000000000000000000000000000000011111000000000000000000001110000000000000000001111000000000000,1,0
170,0,TypeA,51700,000000000000000001111111100000000000000000000000000000111111111000000000000000000000000000000000000000001111111110000000000011111111110000000000000001111111111000000000,0,0
171,1,TypeB,43500,000000000000000001111111100000000000000000000000000000000000000000000000000000000001111111100000000000000000011111111000000000111111110000000000000000001111111000000000,0,0
172,2,TypeB,43500,000000000000000001111111100000000000000000000000000000000000000000000000000000000001111111100000000000000000011111111000000000111111110000000000000000001111111000000000,0,0
173,3,TypeC,27200,000000000000000000000000111111000000000000000000000000000000000000000000000000000000011111100000000000000000011110000000000000000001110000000000000000001111000000000000,1,0
174,4,TypeC,27200,000000000000000000000000111111000000000000000000000000000000000000000000000000000000011111100000000000000000011110000000000000000001110000000000000000001111000000000000,1,0
175,0,TypeA,55900,011111111110000000000000000001111111110000000000000000111111111000000000000000000000000000000011111111100000000000001111111110000000000000000000000000000000000000000000,1,0
176,1,TypeB,43500,000000001111111000000000111111110000000000000000000000000000000000000000000000000000000000000000000000111111110000000001111111100000000000000000000000000000000011111111,1,0
177,2,TypeB,43500,000000001111111000000000111111110000000000000000000000000000000000000000000000000000000000000000000000111111110000000001111111100000000000000000000000000000000011111111,1,0
178,3,TypeC,27600,000000000000001111100000000000000001110000000000000000000000000000000000000000000000000000000011111100000000000000001111000000000000000000000000000000000001111110000000,1,0
179,4,TypeC,27600,000000000000001111100000000000000001110000000000000000000000000000000000000000000000000000000011111100000000000000001111000000000000000000000000000000000001111110000000,1,0
180,0,TypeA,52900,011111111110000000000000000000000000000000000000000000111111111000000000000000000000011111111110000000000000000011111111000000000000011111111100000000000000000000000000,1,0
181,1,TypeB,39100,000000001111111000000000111111110000000000000000111111100000000000000000000000000000000000000000000000000000000011111111000000000000000000011111110000000000000000000000,1,0
182,2,TypeB,39100,000000001111111000000000111111110000000000000000111111100000000000000000000000000000000000000000000000000000000011111111000000000000000000011111110000000000000000000000,1,0
183,3,TypeC,24400,000000000000000000000000000000000001111100000000000000111000000000000000000000000000000000000011111100000000000000001111000000000000000000000000000000001111000000000000,0,0
184,4,TypeC,24400,000000000000000000000000000000000001111100000000000000111000000000000000000000000000000000000011111100000000000000001111000000000000000000000000000000001111000000000000,0,0
185,0,TypeA,54400,011111111110000000000000000000000001111111110000000000000000000000000011111111100000000000000000001111111110000000000000000000111111111000000000000000000000000000000000,1,0
186,1,TypeB,41400,011111111000000000000000000000000000011111110000000000000000000000000000000000000001111111100000000000000000011111111000000000111111110000000000000000000000000000000000,1,0
187,2,TypeB,41400,011111111000000000000000000000000000011111110000000000000000000000000000000000000001111111100000000000000000011111111000000000111111110000000000000000000000000000000000,1,0
188,3,TypeC,32500,000000000000000000000000111111000000000000000000011111100000000000000000000000000001111110000000000000001111110000000000000000000001111000000000000000000000000000000000,1,0
189,4,TypeC,32500,000000000000000000000000111111000000000000000000011111100000000000000000000000000001111110000000000000001111110000000000000000000001111000000000000000000000000000000000,1,0
190,0,TypeA,54900,000000001111111110000000000000000000000000000000000000111111111000000000000000000000000000000001111111111000000000000000000000000000011111111110000000000000001111111111,1,0
191,1,TypeB,40100,011111111000000000000000000000000000000000000000000000000000111111110000000000111111110000000000000000001111111000000000000000000000000000000000000000001111111000000000,0,0
192,2,TypeB,40100,011111111000000000000000000000000000000000000000000000000000111111110000000000111111110000000000000000001111111000000000000000000000000000000000000000001111111000000000,0,0
193,3,TypeC,27200,000000000000000000000000111111000000000000000000000000000000000000011111100000000000011111100000000000000000000000000000000000000000000000000011110000000000000000001111,1,0
194,4,TypeC,27200,000000000000000000000000111111000000000000000000000000000000000000011111100000000000011111100000000000000000000000000000000000000000000000000011110000000000000000001111,1,0
195,0,TypeA,61100,000000000000000000001111111111000000000000000000000000000000000000000011111111100000000000000001111111111000000000001111111110000000000000000111111111000000000000000000,1,0
196,1,TypeB,41500,000000000000001111111000000000000000000000000000000000000000000000000000000000111111110000000000000000001111111000000000000000111111110000000000000001111111000000000000,0,0
197,2,TypeB,41500,000000000000001111111000000000000000000000000000000000000000000000000000000000111111110000000000000000001111111000000000000000111111110000000000000001111111000000000000,0,0
198,3,TypeC,31700,000000000000000000000000111111000000000000000000000000000000000000011111100000000000011111100000000000001111110000000000000000000000000000000111110000000000000000000000,1,0
199,4,TypeC,31700,000000000000000000000000111111000000000000000000000000000000000000011111100000000000011111100000000000001111110000000000000000000000000000000111110000000000000000000000,1,0
200,0,TypeA,54900,011111111110000000000000000000000001111111110000000000000000011111111110000000000000000000111111111100000000000000000000000000000001111111110000000000000000000000000000,1,0
201,1,TypeB,40100,000000000000001111111100000000000000000000000000111111100000000000000000000000111111110000000000000000000000000011111111000000000000000000011111110000000000000000000000,1,0
202,2,TypeB,40100,000000000000001111111100000000000000000000000000111111100000000000000000000000111111110000000000000000000000000011111111000000000000000000011111110000000000000000000000,1,0
203,3,TypeC,26400,000000000000000000000000000000000001111100000000000000000000000000011111100000000000000000000011111100000000000000000000000000000001110000000000000000000000000000001111,1,0
204,4,TypeC,26400,000000000000000000000000000000000001111100000000000000000000000000011111100000000000000000000011111100000000000000000000000000000001110000000000000000000000000000001111,1,0
205,0,TypeA,54300,011111111110000000000000000011111111110000000000000000111111111000000000000000000000000000000000000000001111111110000000000000000000011111111110000000000000000000000000,1,0
206,1,TypeB,39000,000000001111111000000000000000000000011111110000000000000000000000000000000000000000000011111111000000000000000000001111111000000000000000000000000001111111000000000000,1,0
207,2,TypeB,39000,000000001111111000000000000000000000011111110000000000000000000000000000000000000000000011111111000000000000000000001111111000000000000000000000000001111111000000000000,1,0
208,3,TypeC,33100,000000000000000000000000000000000000000000011111100000000001111000000000000000111111000000000000000000001111110000000000000000000000000000000000000000001111110000000000,1,0
209,4,TypeC,33100,000000000000000000000000000000000000000000011111100000000001111000000000000000111111000000000000000000001111110000000000000000000000000000000000000000001111110000000000,1,0
210,0,TypeA,54600,000000000000000011111111100000000000000000000000000000111111111000000000000000000000011111111110000000000000000000000000000000000000011111111110000000000000001111111111,0,0
211,1,TypeB,42500,000000000000000000000000111111110000000000000000111111100000000000000000000000111111110000000000000000000000000000000000000000000000000000011111110000000000000011111111,1,0
212,2,TypeB,42500,000000000000000000000000111111110000000000000000111111100000000000000000000000111111110000000000000000000000000000000000000000000000000000011111110000000000000011111111,1,0
213,3,TypeC,32300,000000000000000011111100000000000000000000000000011111100000000000000000000000000000000000000000000000000011111000000000001111110000000000000000000000001111110000000000,0,0
214,4,TypeC,32300,000000000000000011111100000000000000000000000000011111100000000000000000000000000000000000000000000000000011111000000000001111110000000000000000000000001111110000000000,0,0
215,0,TypeA,54300,000000001111111110000000000000000000000000000000000000000000001111111111000000000000000000111111111100000000000000000000000011111111110000000000000000001111111110000000,1,0
216,1,TypeB,42800,000000001111111000000000000000000000000000000000000000000000000001111111000000000001111111100000000000000000000000000000000000011111111000000000011111111000000000000000,0,0
217,2,TypeB,42800,000000001111111000000000000000000000000000000000000000000000000001111111000000000001111111100000000000000000000000000000000000011111111000000000011111111000000000000000,0,0
218,3,TypeC,26900,000000000000000000001111100000000000000000000000000000000000000000011111000000000000000000111111000000000000000000000000001111110000000000000000000000001111000000000000,0,0
219,4,TypeC,26900,000000000000000000001111100000000000000000000000000000000000000000011111000000000000000000111111000000000000000000000000001111110000000000000000000000001111000000000000,0,0
220,0,TypeA,50900,000000001111111111000000000000000000000000000000000000111111111000000000000000000000000000000000000000111111111000000000000011111111110000000000000000001111111110000000,1,0
221,1,TypeB,42500,000000001111111000000000000000000000000000000000111111110000000000000000000000000001111111100000000000000000000000000000000000011111111000000000000001111111000000000000,1,0
222,2,TypeB,42500,000000001111111000000000000000000000000000000000111111110000000000000000000000000001111111100000000000000000000000000000000000011111111000000000000001111111000000000000,1,0
223,3,TypeC,26900,000000000000000000000000000000000000000000000000000011110000000000011111100000000000000000111111000000000000000000000000001111110000000000000000000000001111000000000000,1,0
224,4,TypeC,26900,000000000000000000000000000000000000000000000000000011110000000000011111100000000000000000111111000000000000000000000000001111110000000000000000000000001111000000000000,1,0
225,0,TypeA,54400,011111111110000000000000000000000001111111110000000000000000000000000011111111100000000000000000000000000000000000000001111111110000000000000000000000001111111110000000,1,0
226,1,TypeB,42500,000000000000000000001111111100000000011111110000000000000000000000000000000000111111110000000000000000000000000000000000000000111111110000000000000000001111111000000000,1,0
227,2,TypeB,42500,000000000000000000001111111100000000011111110000000000000000000000000000000000111111110000000000000000000000000000000000000000111111110000000000000000001111111000000000,1,0
228,3,TypeC,31900,000000000000000000011111100000000000011111000000000000000000000000000000000000000000011111100000000000000000000000000001111110000000000000000000000000000011111000000000,1,0
229,4,TypeC,31900,000000000000000000011111100000000000011111000000000000000000000000000000000000000000011111100000000000000000000000000001111110000000000000000000000000000011111000000000,1,0
230,0,TypeA,57700,011111111110000000000000000000000001111111110000000000000000011111111110000000000000000000000000011111111110000000000000000000000000000000000000011111111110000000000000,1,0
231,1,TypeB,40400,000000001111111000000000000000000001111111000000000000000000000000000000000000111111110000000000000000111111110000000000000000000000000000000000011111111000000000000000,0,0
232,2,TypeB,40400,000000001111111000000000000000000001111111000000000000000000000000000000000000111111110000000000000000111111110000000000000000000000000000000000011111111000000000000000,0,0
233,3,TypeC,27800,000000000000000000000000000000000000011111000000000000000000011100000000000000000000011111100000000000111110000000000000000000000000000000000000000000001111000000000000,1,0
234,4,TypeC,27800,000000000000000000000000000000000000011111000000000000000000011100000000000000000000011111100000000000111110000000000000000000000000000000000000000000001111000000000000,1,0
235,0,TypeA,56300,011111111100000000000000000000000000000000000000000000111111111000000000000000000000000000111111111100000000000000000001111111110000000000000000000000000001111111111000,1,0
236,1,TypeB,43500,000000000000000000000000000000011111110000000000011111111000000000000000000000000001111111100000000000000000000000000001111111100000000000000000011111111000000000000000,0,0
237,2,TypeB,43500,000000000000000000000000000000011111110000000000011111111000000000000000000000000001111111100000000000000000000000000001111111100000000000000000011111111000000000000000,0,0
238,3,TypeC,27900,000000000000000000000000000000000000000000000000011111100000000000000000000000111111000000000011111100000000000000000001111000000000000000000000011111000000000000000000,1,0
239,4,TypeC,27900,000000000000000000000000000000000000000000000000011111100000000000000000000000111111000000000011111100000000000000000001111000000000000000000000011111000000000000000000,1,0
240,0,TypeA,55100,011111111110000000000000000000011111111000000000000000111111111000000000000000000000000000000001111111111000000000000000000000000000000000000000000001111111111000000000,1,0
241,1,TypeB,39100,000000000000000000000000000000011111110000000000111111100000000000000000000000111111110000000000000000111111110000000000000000000000000000000000000000000011111110000000,1,0
242,2,TypeB,39100,000000000000000000000000000000011111110000000000111111100000000000000000000000111111110000000000000000111111110000000000000000000000000000000000000000000011111110000000,1,0
243,3,TypeC,29200,000000000000000000000000000000000001110000000000011111100000000000000000000000000000011111100000000000111110000000000000000000000000000000000000000000000011111000000000,1,0
244,4,TypeC,29200,000000000000000000000000000000000001110000000000011111100000000000000000000000000000011111100000000000111110000000000000000000000000000000000000000000000011111000000000,1,0
245,0,TypeA,53800,011111111110000000000000000001111111110000000000000000111111111000000000000000000000000000111111111000000000000000000000000000111111111000000000000000000000000000000000,0,0
246,1,TypeB,39400,000000001111111000000000000000011111110000000000000000000000000000000000000000111111110000000000000000001111111000000000000000111111110000000000000000000000000000000000,1,0
247,2,TypeB,39400,000000001111111000000000000000011111110000000000000000000000000000000000000000111111110000000000000000001111111000000000000000111111110000000000000000000000000000000000,1,0
248,3,TypeC,26200,000000000000000000011111100000000000000000000000000000000000011111000000000000000000000000111111000000000000000000001111000000000000000000000000000000000000000000001111,1,0
249,4,TypeC,26200,000000000000000000011111100000000000000000000000000000000000011111000000000000000000000000111111000000000000000000001111000000000000000000000000000000000000000000001111,1,0
250,0,TypeA,57600,011111111110000000000000000000000000000000000000000000111111111000000000000000000000000000000000011111111110000000000001111111110000000000000000000001111111111000000000,1,0
251,1,TypeB,40300,000000000000000000000000000000000000000000000000000000001111111000000000111111100000000000000000000111111110000000001111111000000000000000000000011111111000000000000000,0,0
252,2,TypeB,40300,000000000000000000000000000000000000000000000000000000001111111000000000111111100000000000000000000111111110000000001111111000000000000000000000011111111000000000000000,0,0
253,3,TypeC,27300,000000001110000000000000000000000000000000000000000000000000011100000000000000000000000000000011111100000000000000000000001111110000000000000000000000000001111110000000,0,0
254,4,TypeC,27300,000000001110000000000000000000000000000000000000000000000000011100000000000000000000000000000011111100000000000000000000001111110000000000000000000000000001111110000000,0,0
255,0,TypeA,50000,000000000000000000000000000000000000000000000000000000111111111000000000000000111111111100000000000000001111111110000000000000000001111111111000000000001111111110000000,1,0
256,1,TypeB,40000,000000000000000000000000111111110000000000000000000000000000011111110000000000111111110000000000000000000000000000001111111000000000000000000000000001111111000000000000,1,0
257,2,TypeB,40000,000000000000000000000000111111110000000000000000000000000000011111110000000000111111110000000000000000000000000000001111111000000000000000000000000001111111000000000000,1,0
258,3,TypeC,31400,000000000000000000000000111111000000000000000000000000000000011111000000000000111111000000000000000000000000000000000001111110000000000000000000000000000000000011111100,1,0
259,4,TypeC,31400,000000000000000000000000111111000000000000000000000000000000011111000000000000111111000000000000000000000000000000000001111110000000000000000000000000000000000011111100,1,0
260,0,TypeA,56200,000000000000000000000000000000000001111111110000000000000000011111111110000000000000000000000001111111111000000000000000000011111111110000000000000001111111111000000000,1,0
261,1,TypeB,41500,000000000000000000000000000000011111110000000000111111100000000000000000000000000000000000000000000111111110000000000000000000111111110000000000000001111111000000000000,1,0
262,2,TypeB,41500,000000000000000000000000000000011111110000000000111111100000000000000000000000000000000000000000000111111110000000000000000000111111110000000000000001111111000000000000,1,0
263,3,TypeC,33400,000000000000001111110000000000000001111100000000000000000000011111000000000000000000000000000000000111111000000000000000000000000000000000000000000000000001111110000000,1,0
264,4,TypeC,33400,000000000000001111110000000000000001111100000000000000000000011111000000000000000000000000000000000111111000000000000000000000000000000000000000000000000001111110000000,1,0
265,0,TypeA,56200,000000000000000000111111111100000000000000000000000000111111111000000000000000111111111100000000000000000000000000000000000011111111110000000000000001111111111000000000,1,0
266,1,TypeB,42200,011111111000000000001111111100000000000000000000111111100000000000000000000000000000000000000000000000000000000000000001111111100000000000000000000001111111000000000000,1,0
267,2,TypeB,42200,011111111000000000001111111100000000000000000000111111100000000000000000000000000000000000000000000000000000000000000001111111100000000000000000000001111111000000000000,1,0
268,3,TypeC,32300,000000000000000000000000000000000001110000000000000000000000011111000000000000111111000000000000000000001111110000000000000000000000000000000000000000000001111110000000,1,0
269,4,TypeC,32300,000000000000000000000000000000000001110000000000000000000000011111000000000000111111000000000000000000001111110000000000000000000000000000000000000000000001111110000000,1,0
270,0,TypeA,50800,011111111110000000000000000000000000000000000000000000111111111000000000000000000000000000000000000000001111111110000000000000111111111000000000000000001111111110000000,1,0
271,1,TypeB,42800,000000001111111000000000000000000000000000000000111111100000000000000000000000000000000011111111000000000000000000000000000000111111110000000000011111111000000000000000,1,0
272,2,TypeB,42800,000000001111111000000000000000000000000000000000111111100000000000000000000000000000000011111111000000000000000000000000000000111111110000000000011111111000000000000000,1,0
273,3,TypeC,31200,000000000000001111110000000000000001111100000000000000000000000000000000000000000000000000000011111100000000000000000000000000000001111000000000000001111110000000000000,1,0
274,4,TypeC,31200,000000000000001111110000000000000001111100000000000000000000000000000000000000000000000000000011111100000000000000000000000000000001111000000000000001111110000000000000,1,0
275,0,TypeA,50600,000000000000000000000000000000000001111111110000000000000000000000000000000000111111111100000000000000111111111000000000000000111111111000000000000000011111111110000000,1,0
276,1,TypeB,39100,000000001111111000000000000000000000011111110000000000000000111111110000000000111111110000000000000000000000000000000000000000000000000000000000000001111111000000000000,1,0
277,2,TypeB,39100,000000001111111000000000000000000000011111110000000000000000111111110000000000111111110000000000000000000000000000000000000000000000000000000000000001111111000000000000,1,0
278,3,TypeC,30900,000000000000000000001111100000000001111100000000000000000000111111000000000000000000000000000011111100000000000000000000000000000000000000000000000000011111000000000000,1,0
279,4,TypeC,30900,000000000000000000001111100000000001111100000000000000000000111111000000000000000000000000000011111100000000000000000000000000000000000000000000000000011111000000000000,1,0
280,0,TypeA,56600,000000000000000000011111111110000000000000000000000000111111111000000000000000111111111100000000000000000000000000001111111100000000000000000000011111111110000000000000,1,0
281,1,TypeB,42700,000000001111111000000000000000000000011111110000000000000000000000000000000000000000000000000000000000000000000000001111111000000000011111111000000000000000000011111111,1,0
282,2,TypeB,42700,000000001111111000000000000000000000011111110000000000000000000000000000000000000000000000000000000000000000000000001111111000000000011111111000000000000000000011111111,1,0
283,3,TypeC,28500,000000000000000000011111100000000000000000000000000000000000000000011111000000000000000000000000000000111110000000000000001111110000000000000000000000011111000000000000,0,0
284,4,TypeC,28500,000000000000000000011111100000000000000000000000000000000000000000011111000000000000000000000000000000111110000000000000001111110000000000000000000000011111000000000000,0,0
285,0,TypeA,54900,011111111110000000000000000011111111110000000000000000111111111000000000000000000000011111111110000000000000000000000000000000111111111000000000000000000000000000000000,1,0
286,1,TypeB,42500,000000000000001111111100000000011111110000000000000000000000000000000000000000000000000000000000000000111111110000000000000000111111110000000000000001111111000000000000,1,0
287,2,TypeB,42500,000000000000001111111100000000011111110000000000000000000000000000000000000000000000000000000000000000111111110000000000000000111111110000000000000001111111000000000000,1,0
288,3,TypeC,30200,000000000000000000011111100000000000000000000000000000000000000000011111100000000000011111100000000000000000000000000000001111110000000000000000011111000000000000000000,1,0
289,4,TypeC,30200,000000000000000000011111100000000000000000000000000000000000000000011111100000000000011111100000000000000000000000000000001111110000000000000000011111000000000000000000,1,0
290,0,TypeA,55800,000000000000000000111111111100000000000000000000000000111111111000000000000000111111111100000000000000111111111000000000000000000000000000000000011111111110000000000000,1,0
291,1,TypeB,41400,000000001111111000000000000000000000000000000000111111110000000000000001111111100000000000000000000000000000011111111000000000111111110000000000000000000000000000000000,1,0
292,2,TypeB,41400,000000001111111000000000000000000000000000000000111111110000000000000001111111100000000000000000000000000000011111111000000000111111110000000000000000000000000000000000,1,0
293,3,TypeC,29300,000000000000001111110000000000000000000000000000011111100000000000000011100000000001111110000000000000111110000000000000000000000000000000000000000000000000000000000000,1,0
294,4,TypeC,29300,000000000000001111110000000000000000000000000000011111100000000000000011100000000001111110000000000000111110000000000000000000000000000000000000000000000000000000000000,1,0
295,0,TypeA,52300,011111111110000000000000000000000000000000000000000000111111111000000000000000111111110000000000000000000000000000000000000000111111111000000000000001111111111000000000,1,0
296,1,TypeB,42500,011111111000000000000000000000000000000000000000111111100000000000000000000000111111110000000000000000000000000000000000000000111111110000000000000001111111000000000000,1,0
297,2,TypeB,42500,011111111000000000000000000000000000000000000000111111100000000000000000000000111111110000000000000000000000000000000000000000111111110000000000000001111111000000000000,1,0
298,3,TypeC,25700,000000001110000000000000111111000000000000000000000000000001111000000000000000000000000000000000000000000000000000000000001111110000000000000000000000001111000000000000,0,0
299,4,TypeC,25700,000000001110000000000000111111000000000000000000000000000001111000000000000000000000000000000000000000000000000000000000001111110000000000000000000000001111000000000000,0,0
300,0,TypeA,54700,000000001111111110000000000000000000000000000000111111111000000000000011111111100000000000111111111100000000000000000000000000000000000000000000000000001111111110000000,1,0
301,1,TypeB,37900,000000001111111000000000111111110000000000000000111111100000000000000000000000111111110000000000000000000000000000001111111000000000000000000000000000000000000000000000,1,0
302,2,TypeB,37900,000000001111111000000000111111110000000000000000111111100000000000000000000000111111110000000000000000000000000000001111111000000000000000000000000000000000000000000000,1,0
303,3,TypeC,30100,000000000000000000000000000000000000000000000000011111100000000000011111100000000000011111100000000000000000000000000000001111110000000000000000000000001111000000000000,1,0
304,4,TypeC,30100,000000000000000000000000000000000000000000000000011111100000000000011111100000000000011111100000000000000000000000000000001111110000000000000000000000001111000000000000,1,0
305,0,TypeA,58300,011111111110000000000000000000000000000000000000000000000000001111111111000000000000000111111111000000000000000000000000000011111111110000000000011111111110000000000000,1,0
306,1,TypeB,41200,000000000011111110000000000000000000011111110000000000000000000000000000000000111111110000000000000000000000000000000001111111100000000000011111110000000000000000000000,1,0
307,2,TypeB,41200,000000000011111110000000000000000000011111110000000000000000000000000000000000111111110000000000000000000000000000000001111111100000000000011111110000000000000000000000,1,0
308,3,TypeC,31100,000000000000000000000000000000000000000000000000000000000000011111000000000000111111000000000011111100000000000000000001111110000000000000001111110000000000000000000000,1,0
309,4,TypeC,31100,000000000000000000000000000000000000000000000000000000000000011111000000000000111111000000000011111100000000000000000001111110000000000000001111110000000000000000000000,1,0
310,0,TypeA,57700,011111111110000000000000000011111111110000000000000000111111111000000000000000000000000000000000000000000000000000000000000011111111110000000000011111111110000000000000,1,0
311,1,TypeB,40400,000000001111111000000000000000000000011111110000000000000000000000000000000000111111110000000000000000111111110000000000000000111111110000000000000000000000000000000000,1,0
312,2,TypeB,40400,000000001111111000000000000000000000011111110000000000000000000000000000000000111111110000000000000000111111110000000000000000111111110000000000000000000000000000000000,1,0
313,3,TypeC,32100,000000000000000000000000000000000000000000000000000000000000001111000000000000000000011111100000000000001111110000000000001111110000000000000000000000000011111000000000,1,0
314,4,TypeC,32100,000000000000000000000000000000000000000000000000000000000000001111000000000000000000011111100000000000001111110000000000001111110000000000000000000000000011111000000000,1,0
315,0,TypeA,53600,011111111110000000000000000000000000000000000000000000111111111000000000000000000000000000000000000000111111111000000000000000000000011111111100000000000000001111111111,1,0
316,1,TypeB,38100,000000000000001111111000000000011111110000000000111111100000000001111111100000000000000000000000000000000000000000000000000000000000000000000000000000001111111000000000,0,0
317,2,TypeB,38100,000000000000001111111000000000011111110000000000111111100000000001111111100000000000000000000000000000000000000000000000000000000000000000000000000000001111111000000000,0,0
318,3,TypeC,24300,000000000000000000000000000000000001110000000000000000111111000000000011100000000000000000000000000000111110000000000000000000000000000000000000000000001111000000000000,0,0
319,4,TypeC,24300,000000000000000000000000000000000001110000000000000000111111000000000011100000000000000000000000000000111110000000000000000000000000000000000000000000001111000000000000,0,0
320,0,TypeA,53300,011111111110000000000000000000000000000000000000000000111111111000000000000000000000000000000000000000111111111000000000000000111111111000000000000001111111111000000000,1,0
321,1,TypeB,40500,000000000000000000000000000000000000011111110000000000000001111111000000000000000000000000000000000000001111111000000000000000111111110000000000000001111111000000000000,0,0
322,2,TypeB,40500,000000000000000000000000000000000000011111110000000000000001111111000000000000000000000000000000000000001111111000000000000000111111110000000000000001111111000000000000,0,0
323,3,TypeC,28200,000000000000000000000000000000000000011111000000000000000001111000000000000000000001111110000000000000000000000000001111000000000000000000000000011111000000000000000000,1,0
324,4,TypeC,28200,000000000000000000000000000000000000011111000000000000000001111000000000000000000001111110000000000000000000000000001111000000000000000000000000011111000000000000000000,1,0
325,0,TypeA,56800,011111111110000000000000000000000001111111110000000000000000001111111111000000000000000011111111110000000000001111111111000000000000000000000000000000000000000000000000,0,0
326,1,TypeB,42800,000000000000000000001111111100000000011111110000000000000000000000000000000000000000000000000000000000001111111000000000000000111111110000000000000000000000000011111111,1,0
327,2,TypeB,42800,000000000000000000001111111100000000011111110000000000000000000000000000000000000000000000000000000000001111111000000000000000111111110000000000000000000000000011111111,1,0
328,3,TypeC,27700,000000000000000011111100000000000000000000000000000000000000011111000000000000000000011111100000000000000000000000001111000000000000000000000000000000000000000000001111,0,0
329,4,TypeC,27700,000000000000000011111100000000000000000000000000000000000000011111000000000000000000011111100000000000000000000000001111000000000000000000000000000000000000000000001111,0,0
330,0,TypeA,56500,000000000000000000111111111100000000000000000000000000111111111000000000000000000000011111111110000000000000001111111111000000000000011111111110000000000000000000000000,1,0
331,1,TypeB,42500,000000000000001111111100000000000000011111110000000000000000000000000000000000000001111111100000000000000000000000000000000000111111110000000000000001111111000000000000,1,0
332,2,TypeB,42500,000000000000001111111100000000000000011111110000000000000000000000000000000000000001111111100000000000000000000000000000000000111111110000000000000001111111000000000000,1,0
333,3,TypeC,31500,000000000000001111100000000000000001111100000000000000000000011111000000000000111111000000000011111100000000000000000000000000000000000000000000000000000000000000000000,1,0
334,4,TypeC,31500,000000000000001111100000000000000001111100000000000000000000011111000000000000111111000000000011111100000000000000000000000000000000000000000000000000000000000000000000,1,0
335,0,TypeA,60600,000000000000000000111111111100000000000000000000111111111000000000000011111111100000000000000001111111111000000000000000000011111111110000000000000000000000000000000000,1,0
336,1,TypeB,42800,011111111000000000000000000000000000011111110000000000001111111000000000000000000000000000000000000000000000000000000000000000011111111000000000000000011111111000000000,0,0
337,2,TypeB,42800,011111111000000000000000000000000000011111110000000000001111111000000000000000000000000000000000000000000000000000000000000000011111111000000000000000011111111000000000,0,0
338,3,TypeC,29100,000000000000000000000000000000000001111100000000000011111000000000011111100000000000000000000000000000111110000000000000001111110000000000000000000000000000000000000000,1,0
339,4,TypeC,29100,000000000000000000000000000000000001111100000000000011111000000000011111100000000000000000000000000000111110000000000000001111110000000000000000000000000000000000000000,1,0
340,0,TypeA,55100,011111111100000000000000000000000000000000000000000000111111111000000000000000000000000000000001111111111000000000000000000011111111110000000000000000001111111110000000,1,0
341,1,TypeB,40400,000000000000001111111100000000011111110000000000111111100000000000000000000000000000000011111111000000000000000000000000000000011111111000000000000000000000000000000000,1,0
342,2,TypeB,40400,000000000000001111111100000000011111110000000000111111100000000000000000000000000000000011111111000000000000000000000000000000011111111000000000000000000000000000000000,1,0
343,3,TypeC,28800,000000000000001111110000000000000001110000000000000000000001111000000000000000000000011111100000000000111110000000000000000000000000000000000000000000000000000000000000,1,0
344,4,TypeC,28800,000000000000001111110000000000000001110000000000000000000001111000000000000000000000011111100000000000111110000000000000000000000000000000000000000000000000000000000000,1,0
345,0,TypeA,53300,000000000000000000111111111100000000000000000000000000111111111000000000000000000000000000000000000000111111111000000000000011111111110000000000000000001111111110000000,1,0
346,1,TypeB,39100,011111111000000000111111100000000000011111110000000000000000000000000000000000000000000000000000000000000000011111111000000000000000000000000000000000001111111000000000,0,0
347,2,TypeB,39100,011111111000000000111111100000000000011111110000000000000000000000000000000000000000000000000000000000000000011111111000000000000000000000000000000000001111111000000000,0,0
348,3,TypeC,30000,000000000000001111110000000000000000011111000000000000000000000000000000000000000000000000000011111100000000000000000000001111110000000000000000000000001111000000000000,1,0
349,4,TypeC,30000,000000000000001111110000000000000000011111000000000000000000000000000000000000000000000000000011111100000000000000000000001111110000000000000000000000001111000000000000,1,0
350,0,TypeA,57100,011111111110000000000000000000000001111111110000000000000000001111111111000000000000000000111111111100000000000000000000000000000000000000000000000001111111111000000000,0,0
351,1,TypeB,39400,000000001111111000000000000000011111110000000000111111100000000000000000000000000000000000000000000000000000011111111000000000000000000000000000000000000000001111111100,1,0
352,2,TypeB,39400,000000001111111000000000000000011111110000000000111111100000000000000000000000000000000000000000000000000000011111111000000000000000000000000000000000000000001111111100,1,0
353,3,TypeC,29900,000000111110000000000000000000000000000000011111100000000000000000000000000000000000000000111111000000000000000000000000001111110000000000000000000000000000000011111100,0,0
354,4,TypeC,29900,000000111110000000000000000000000000000000011111100000000000000000000000000000000000000000111111000000000000000000000000001111110000000000000000000000000000000011111100,0,0
355,0,TypeA,58500,011111111110000000000000000000000000000000000000111111111000000000000011111111100000000000000000000000000000000000000000000000000000011111111110000000000000001111111111,1,0
356,1,TypeB,40100,011111111000000000000111111110000000000000011111110000000000000000000000000000000000000000000000000000000000011111111000000000000000000000000000000000001111111000000000,0,0
357,2,TypeB,40100,011111111000000000000111111110000000000000011111110000000000000000000000000000000000000000000000000000000000011111111000000000000000000000000000000000001111111000000000,0,0
358,3,TypeC,28600,000001111110000000000000000000000000000000011111100000000000000000000000000000000000000000000011111100000000000000000000001111110000000000000000000000000000000000001111,0,0
359,4,TypeC,28600,000001111110000000000000000000000000000000011111100000000000000000000000000000000000000000000011111100000000000000000000001111110000000000000000000000000000000000001111,0,0
360,0,TypeA,54400,011111111110000000000000000000000001111111110000000000000000000000000011111111100000000000000000000000000000000000001111111110000000000000000000000000001111111110000000,1,0
361,1,TypeB,39100,000000000000001111111100000000011111110000000000111111100000000000000000000000000000000000000000000000000000011111111000000000000000000000011111110000000000000000000000,1,0
362,2,TypeB,39100,000000000000001111111100000000011111110000000000111111100000000000000000000000000000000000000000000000000000011111111000000000000000000000011111110000000000000000000000,1,0
363,3,TypeC,29900,000000000000000011111100000000000001111100000000000000000000011111000000000000000000000000111111000000000000000000000000000000000000000000000000000000001111000000000000,0,0
364,4,TypeC,29900,000000000000000011111100000000000001111100000000000000000000011111000000000000000000000000111111000000000000000000000000000000000000000000000000000000001111000000000000,0,0
365,0,TypeA,54900,000000000000000000011111111110000000000000000000000000111111111000000000000000000000000000000000000000001111111110000000000000000000011111111110000000000000001111111111,1,0
366,1,TypeB,39100,000000000000000000000111111110000000000000000000111111100000000000000000000000000001111111100000000000000011111110000000000000000000011111110000000000000000000000000000,1,0
367,2,TypeB,39100,000000000000000000000111111110000000000000000000111111100000000000000000000000000001111111100000000000000011111110000000000000000000011111110000000000000000000000000000,1,0
368,3,TypeC,33000,000000000000000000000000000000000001111100000000000000000000011111000000000000000001111110000000000000000011111000000000001111110000000000000000000000000000000000000000,1,0
369,4,TypeC,33000,000000000000000000000000000000000001111100000000000000000000011111000000000000000001111110000000000000000011111000000000001111110000000000000000000000000000000000000000,1,0
370,0,TypeA,55500,011111111110000000000000000000000000000000000000000000111111111000000000000000000000000000000000000000001111111110000000000011111111110000000000011111111110000000000000,1,0
371,1,TypeB,39000,000000000000000000000111111100000000000000000000000000000000011111110000000000000000000011111111000000000000000000001111111000000000011111110000000000000000000000000000,1,0
372,2,TypeB,39000,000000000000000000000111111100000000000000000000000000000000011111110000000000000000000011111111000000000000000000001111111000000000011111110000000000000000000000000000,1,0
373,3,TypeC,32200,000000000000000000000000000000000001111100000000000000000000011111000000000000000000000000000011111100000000000000000000001111110000000000000000000000001111110000000000,1,0
374,4,TypeC,32200,000000000000000000000000000000000001111100000000000000000000011111000000000000000000000000000011111100000000000000000000001111110000000000000000000000001111110000000000,1,0
375,0,TypeA,55500,011111111100000000000000000000000000000000000000000000111111111000000000000000000000000000000000000000000000001111111111000000000000011111111110000000000000001111111111,1,0
376,1,TypeB,40400,000000000000000000000000000000011111110000000000111111100000000001111111100000000000000000000000000000000000000011111111000000000000000000000000000000000000000011111111,1,0
377,2,TypeB,40400,000000000000000000000000000000011111110000000000111111100000000001111111100000000000000000000000000000000000000011111111000000000000000000000000000000000000000011111111,1,0
378,3,TypeC,30000,000000000000000000000000000000000000011111000000000000000000000000011111100000000000011111100000000000000000000000001111000000000000000000000000000001111110000000000000,1,0
379,4,TypeC,30000,000000000000000000000000000000000000011111000000000000000000000000011111100000000000011111100000000000000000000000001111000000000000000000000000000001111110000000000000,1,0
380,0,TypeA,55900,011111111110000000000000000000000001111111110000000000000000001111111111000000000000000000000000000000000000001111111111000000000000011111111110000000000000000000000000,1,0
381,1,TypeB,43800,011111111000000000001111111100000000011111110000000000000000000000000000000000000000000000000000000000000000000000000000000000011111111000000000011111111000000000000000,0,0
382,2,TypeB,43800,011111111000000000001111111100000000011111110000000000000000000000000000000000000000000000000000000000000000000000000000000000011111111000000000011111111000000000000000,0,0
383,3,TypeC,27800,000000000000000000000000111100000000000000011111100000000000001111110000000000111111000000000000000000000000000000001111000000000000000000000000000000000000000000000000,1,0
384,4,TypeC,27800,000000000000000000000000111100000000000000011111100000000000001111110000000000111111000000000000000000000000000000001111000000000000000000000000000000000000000000000000,1,0
385,0,TypeA,57100,011111111110000000000000000000000001111111110000000000000000011111111110000000000000000000000001111111111000000000000000000000000000011111111110000000000000000000000000,1,0
386,1,TypeB,38400,000000001111111000000000000000011111110000000000111111100000000000000000000000000000000000000000001111111000000000000000000000000000000000000000000000000000000011111111,1,0
387,2,TypeB,38400,000000001111111000000000000000011111110000000000111111100000000000000000000000000000000000000000001111111000000000000000000000000000000000000000000000000000000011111111,1,0
388,3,TypeC,26000,000000000000000000000000000000000001110000000000000000000000000000011111100000000000011111100000000000000000000000001111000000000000000000000000000000001111000000000000,1,0
389,4,TypeC,26000,000000000000000000000000000000000001110000000000000000000000000000011111100000000000011111100000000000000000000000001111000000000000000000000000000000001111000000000000,1,0
390,0,TypeA,56200,011111111110000000000000000000000000000000000000000000111111111000000000000000000000011111111110000000000000000000000000000000000000011111111110000000000000001111111111,1,0
391,1,TypeB,41400,011111111000000000001111111100000000011111110000000000000000000000000000000000000000000000000000000000000000011111111000000000000000000000000000000000000000000011111111,1,0
392,2,TypeB,41400,011111111000000000001111111100000000011111110000000000000000000000000000000000000000000000000000000000000000011111111000000000000000000000000000000000000000000011111111,1,0
393,3,TypeC,31900,011111100000000000000000111111000000000000000000000000000001111000000000000000111111000000000000000000000000000000000000000000000000000000000000000000000001111110000000,1,0
394,4,TypeC,31900,011111100000000000000000111111000000000000000000000000000001111000000000000000111111000000000000000000000000000000000000000000000000000000000000000000000001111110000000,1,0
395,0,TypeA,54600,011111111110000000000000000000011111111100000000000000111111111000000000000000000000000000000000000000000000000000000000000000000000011111111110000000000000001111111111,1,0
396,1,TypeB,41500,000000000000000001111111100000000000011111110000000000000000000000000000111111100000000000000000000000000000000000000000000000000000011111110000000000011111111000000000,0,0
397,2,TypeB,41500,000000000000000001111111100000000000011111110000000000000000000000000000111111100000000000000000000000000000000000000000000000000000011111110000000000011111111000000000,0,0
398,3,TypeC,29200,000000000000001111110000000000000001111100000000000000000000000000011111100000000000000000000000000000000000000000000000000000000000011100000000000000011111000000000000,1,0
399,4,TypeC,29200,000000000000001111110000000000000001111100000000000000000000000000011111100000000000000000000000000000000000000000000000000000000000011100000000000000011111000000000000,1,0
400,0,TypeA,58300,011111111110000000000000000000000000000000000000000000111111111000000000000000000000000000000001111111111000000000000000000011111111110000000000000000000000001111111111,1,0
401,1,TypeB,41400,000000000000000000000111111110000000000000000000111111100000000000000000000000000000000000000001111111100000000011111111000000000000000000000000011111111000000000000000,0,0
402,2,TypeB,41400,000000000000000000000111111110000000000000000000111111100000000000000000000000000000000000000001111111100000000011111111000000000000000000000000011111111000000000000000,0,0
403,3,TypeC,32600,000000000000000000000000111111000000000000000000000000000000000000000000000000000000011111100000000000111110000000000001111110000000000000000000000000000001111110000000,1,0
404,4,TypeC,32600,000000000000000000000000111111000000000000000000000000000000000000000000000000000000011111100000000000111110000000000001111110000000000000000000000000000001111110000000,1,0
405,0,TypeA,57400,011111111110000000000000000000000000000000000000000000000000011111111110000000000000000000000000001111111110000000000000000000000000011111111110000000000000001111111111,1,0
406,1,TypeB,43800,000000000000001111111100000000000000000000000000111111100000000000000000000000000000000000000000000000000000011111111000000000111111110000000000011111111000000000000000,1,0
407,2,TypeB,43800,000000000000001111111100000000000000000000000000111111100000000000000000000000000000000000000000000000000000011111111000000000111111110000000000011111111000000000000000,1,0
408,3,TypeC,28200,000000000000000000000000000000000000000000000000000000000001111000000000000000111111000000000000000000111110000000000000000000000000011100000000000001111110000000000000,1,0
409,4,TypeC,28200,000000000000000000000000000000000000000000000000000000000001111000000000000000111111000000000000000000111110000000000000000000000000011100000000000001111110000000000000,1,0
410,0,TypeA,58400,011111111110000000000000000000000000000000000000000000000000011111111110000000000000000011111111110000000000000000000000000000000000011111111110000000000000001111111111,1,0
411,1,TypeB,42500,000000000000001111111100000000000000000000000000000000000000011111110000000000000000000000111111110000000000000000000000000000111111110000000000000000000011111110000000,1,0
412,2,TypeB,42500,000000000000001111111100000000000000000000000000000000000000011111110000000000000000000000111111110000000000000000000000000000111111110000000000000000000011111110000000,1,0
413,3,TypeC,31100,000000000000000000000000111111000000000000000000000000000000011111000000000000000000011111100000000000000011111000000000000000000001111000000000000000000000000000000000,1,0
414,4,TypeC,31100,000000000000000000000000111111000000000000000000000000000000011111000000000000000000011111100000000000000011111000000000000000000001111000000000000000000000000000000000,1,0
415,0,TypeA,54900,011111111110000000000000000000000000000000000000000000111111111000000000000000000000000000000000000000111111111000000000000000000000011111111110000000000000001111111111,1,0
416,1,TypeB,42500,000000000000000000001111111100000000000000000000111111100000000000000000000000000000000011111111000000000000000000000000000000111111110000000000000000000011111110000000,1,0
417,2,TypeB,42500,000000000000000000001111111100000000000000000000111111100000000000000000000000000000000011111111000000000000000000000000000000111111110000000000000000000011111110000000,1,0
418,3,TypeC,32100,000000000111111000000000000000000001110000000000000000000000000000011111100000000001111110000000000000000000000000000000000000000000000000000000000001111110000000000000,1,0
419,4,TypeC,32100,000000000111111000000000000000000001110000000000000000000000000000011111100000000001111110000000000000000000000000000000000000000000000000000000000001111110000000000000,1,0
420,0,TypeA,52900,000000001111111111000000000000000000000000000000000000111111111000000000000000111111111100000000000000000000000000000000000000000000011111111110000000000001111111111000,1,0
421,1,TypeB,42500,000000000000000000001111111100000000000000000000111111100000000000000000000000000000000000000000000000000000000011111111000000000000011111110000000000000000000011111111,1,0
422,2,TypeB,42500,000000000000000000001111111100000000000000000000111111100000000000000000000000000000000000000000000000000000000011111111000000000000011111110000000000000000000011111111,1,0
423,3,TypeC,28100,000000000000000000000000000000000001110000000000000000000000111111000000000000000001111110000000000000000000000000000000000000000000111000000000011111000000000000000000,1,0
424,4,TypeC,28100,000000000000000000000000000000000001110000000000000000000000111111000000000000000001111110000000000000000000000000000000000000000000111000000000011111000000000000000000,1,0
425,0,TypeA,53400,000000001111111111000000000000000000000000000000000000111111111000000000000000000000000111111111000000000000000000000000000011111111110000000000000001111111111000000000,1,0
426,1,TypeB,39000,000000000000000000000000111111110000000000000000111111100000000000000001111111100000000011111111000000000000000011111111000000000000000000000000000000000000000000000000,1,0
427,2,TypeB,39000,000000000000000000000000111111110000000000000000111111100000000000000001111111100000000011111111000000000000000011111111000000000000000000000000000000000000000000000000,1,0
428,3,TypeC,30700,000000000000000000000000000000000000000000000000000000000000011111000000000000000000011111100000000000111110000000000000000000000000011100000000000000000001111110000000,1,0
429,4,TypeC,30700,000000000000000000000000000000000000000000000000000000000000011111000000000000000000011111100000000000111110000000000000000000000000011100000000000000000001111110000000,1,0
430,0,TypeA,54600,000000000000000000111111111100000000000000000000000000111111111000000000000000000000000000000000000000001111111110000000000000000000011111111110000000000000001111111111,1,0
431,1,TypeB,39400,000000000000001111111000000000011111110000000000111111110000000000000000000000000000000000000000000000000011111110000000000000000000000000000000000000000000000011111111,0,0
432,2,TypeB,39400,000000000000001111111000000000011111110000000000111111110000000000000000000000000000000000000000000000000011111110000000000000000000000000000000000000000000000011111111,0,0
433,3,TypeC,29200,000000000000000000000000111111000000000000011111100000000000000000011111100000000000011111100000000000000000000000000000000000000000000000000000000000000000000000001111,1,0
434,4,TypeC,29200,000000000000000000000000111111000000000000011111100000000000000000011111100000000000011111100000000000000000000000000000000000000000000000000000000000000000000000001111,1,0
435,0,TypeA,57700,011111111110000000000000000000000001111111110000000000000000001111111111000000000000000011111111110000000000000000000000000000000000000000000000011111111110000000000000,0,0
436,1,TypeB,42500,000000000000000000001111111100000000000000000000111111100000000001111111100000000000000000000000000000000000000000000000000000000000011111111000000000000011111110000000,1,0
437,2,TypeB,42500,000000000000000000001111111100000000000000000000111111100000000001111111100000000000000000000000000000000000000000000000000000000000011111111000000000000011111110000000,1,0
438,3,TypeC,31900,000001111110000000000000000000000000011111000000000000000000001111110000000000000000011111100000000000000000000000000000000000000000000000000000011111000000000000000000,0,0
439,4,TypeC,31900,000001111110000000000000000000000000011111000000000000000000001111110000000000000000011111100000000000000000000000000000000000000000000000000000011111000000000000000000,0,0
440,0,TypeA,57900,011111111110000000000000000011111111110000000000000000111111111000000000000000000000000000000011111111100000000000000000000000000000000000000000011111111110000000000000,1,0
441,1,TypeB,40400,000000000000000000001111111100000000011111110000000000000000000000000000000000111111110000000000000000000011111110000000000000000000000000000000011111111000000000000000,0,0
442,2,TypeB,40400,000000000000000000001111111100000000011111110000000000000000000000000000000000111111110000000000000000000011111110000000000000000000000000000000011111111000000000000000,0,0
443,3,TypeC,26200,000000000000000000000000111110000000000000000000000000111000000000011111100000000000011111100000000000000000000000000000000000000000000000000000011111000000000000000000,0,0
444,4,TypeC,26200,000000000000000000000000111110000000000000000000000000111000000000011111100000000000011111100000000000000000000000000000000000000000000000000000011111000000000000000000,0,0
445,0,TypeA,54900,011111111110000000000000000001111111110000000000000000111111111000000000000000111111111100000000000000000000000000000000000000000000000000000000000000000000001111111111,1,0
446,1,TypeB,39400,000000000000001111111100000000011111110000000000111111100000000000000000111111100000000000000000000000000000000000000000000000000000000000000000000000000000000011111111,1,0
447,2,TypeB,39400,000000000000001111111100000000011111110000000000111111100000000000000000111111100000000000000000000000000000000000000000000000000000000000000000000000000000000011111111,1,0
448,3,TypeC,27300,000000000000000000000000000000000001110000000000000000000000011111000000000000000000011111100000000000000000000000000001111110000000000000000000000000000000000000001111,1,0
449,4,TypeC,27300,000000000000000000000000000000000001110000000000000000000000011111000000000000000000011111100000000000000000000000000001111110000000000000000000000000000000000000001111,1,0
450,0,TypeA,55300,000000001111111111000000000000000000000000000000000000111111111000000000000000000000000000000000011111111110000000000000000000000000011111111110000000000000001111111111,1,0
451,1,TypeB,43800,000000000000000000001111111100000000011111110000000000000000000000000000000000000000000000000000000000000000011111111000000000111111110000000000000000000000000011111111,1,0
452,2,TypeB,43800,000000000000000000001111111100000000011111110000000000000000000000000000000000000000000000000000000000000000011111111000000000111111110000000000000000000000000011111111,1,0
453,3,TypeC,30000,000000000000000000000000111111000000000000000000000000000000000000011111100000000001111110000000000000000000000011111000000000000000000000000000000000001111000000000000,1,0
454,4,TypeC,30000,000000000000000000000000111111000000000000000000000000000000000000011111100000000001111110000000000000000000000011111000000000000000000000000000000000001111000000000000,1,0
455,0,TypeA,54000,011111111110000000000000000011111111110000000000000000111111111000000000000000111111111100000000000000000000000000000000000000000000000000000000000000001111111110000000,1,0
456,1,TypeB,40400,000000000000001111111100000000011111110000000000111111100000000001111111100000000000000000000000000000000000000000000000000000000000000000000000000000000000000011111111,1,0
457,2,TypeB,40400,000000000000001111111100000000011111110000000000111111100000000001111111100000000000000000000000000000000000000000000000000000000000000000000000000000000000000011111111,1,0
458,3,TypeC,31400,000000000011111000000000000000000000011111000000000000111111000000000000000000111111000000000000000000000000000000000000000000000000000000000000000000001111000000000000,0,0
459,4,TypeC,31400,000000000011111000000000000000000000011111000000000000111111000000000000000000111111000000000000000000000000000000000000000000000000000000000000000000001111000000000000,0,0
460,0,TypeA,57800,011111111100000000000111111111000000000000000000000000111111111000000000000000000000000000000000011111111110000000000000000000000000000000000000011111111110000000000000,1,0
461,1,TypeB,41500,000000000000000000000111111100000000000000000000111111100000000000000000000000000000000000000000011111111000000000000000000000000000000000011111110000000000000011111111,1,0
462,2,TypeB,41500,000000000000000000000111111100000000000000000000111111100000000000000000000000000000000000000000011111111000000000000000000000000000000000011111110000000000000011111111,1,0
463,3,TypeC,30000,000000000000000000000000000000000000011111000000000000000000000000000000000000111111000000000000000111111000000000000000001111110000000000000000000000001111000000000000,1,0
464,4,TypeC,30000,000000000000000000000000000000000000011111000000000000000000000000000000000000111111000000000000000111111000000000000000001111110000000000000000000000001111000000000000,1,0
465,0,TypeA,55500,011111111100000000000000000000000000000000000000000000111111111000000000000000000000000000000000011111111110000000000000000000000000011111111110000000000001111111111000,1,0
466,1,TypeB,43800,000000000000000000001111111100000000000000000000111111100000000000000001111111100000000000000000000000000000000000000000000000111111110000000000000000000000000011111111,1,0
467,2,TypeB,43800,000000000000000000001111111100000000000000000000111111100000000000000001111111100000000000000000000000000000000000000000000000111111110000000000000000000000000011111111,1,0
468,3,TypeC,32700,000000000111111000000000000000000000011111000000000000111111000000000000000000111111000000000000000000000000000000000000000000000000000000000000000000001111000000000000,0,0
469,4,TypeC,32700,000000000111111000000000000000000000011111000000000000111111000000000000000000111111000000000000000000000000000000000000000000000000000000000000000000001111000000000000,0,0
470,0,TypeA,58100,011111111110000000000000000000000000000000000000000000000000001111111111000000000000000000000000011111111110000000000000000000000000011111111110000000000001111111111000,1,0
471,1,TypeB,41400,011111111000000000001111111100000000000000000000111111100000000000000000000000111111110000000000000000000000000000000000000000000000011111111000000000000000000000000000,1,0
472,2,TypeB,41400,011111111000000000001111111100000000000000000000111111100000000000000000000000111111110000000000000000000000000000000000000000000000011111111000000000000000000000000000,1,0
473,3,TypeC,31500,000000000000000000000000000000000000011111000000000000000000111111000000000000111111000000000000000000000000000000000000001111110000000000000000000000001111000000000000,1,0
474,4,TypeC,31500,000000000000000000000000000000000000011111000000000000000000111111000000000000111111000000000000000000000000000000000000001111110000000000000000000000001111000000000000,1,0
475,0,TypeA,57400,011111111110000000000000000000000000000000000000000000111111111000000000000000000000000000000000011111111110000000000000000000000000011111111110000000000000001111111111,1,0
476,1,TypeB,41500,000000001111111000000000111111110000000000000000111111100000000000000000000000000000000000000000000000000000000000000000000000000000011111111000000000000011111110000000,1,0
477,2,TypeB,41500,000000001111111000000000111111110000000000000000111111100000000000000000000000000000000000000000000000000000000000000000000000000000011111111000000000000011111110000000,1,0
478,3,TypeC,32500,000000000000000011111100000000000000011111000000000000000000000000011111000000000000011111100000000000000000000000000000000000000000000000000000000000000001111110000000,0,0
479,4,TypeC,32500,000000000000000011111100000000000000011111000000000000000000000000011111000000000000011111100000000000000000000000000000000000000000000000000000000000000001111110000000,0,0
480,0,TypeA,55900,011111111110000000000000000000000001111111110000000000000000001111111111000000000000000000000000000000000000000000000000000000000000011111111110000000000000001111111111,1,0
481,1,TypeB,40400,000000000000000000000111111100000000011111110000000000000000000000000000000000111111110000000000000000111111110000000000000000000000011111111000000000000000000000000000,1,0
482,2,TypeB,40400,000000000000000000000111111100000000011111110000000000000000000000000000000000111111110000000000000000111111110000000000000000000000011111111000000000000000000000000000,1,0
483,3,TypeC,28700,000000000000000000000000000000000000011111000000000000000001111000000000000000000000000000000011111100000000000000000000000000000000000000000000011111000000000011111100,1,0
484,4,TypeC,28700,000000000000000000000000000000000000011111000000000000000001111000000000000000000000000000000011111100000000000000000000000000000000000000000000011111000000000011111100,1,0
485,0,TypeA,57100,011111111110000000000000000000000000000000000000000000111111111000000000000000000000000011111111110000000000000000000000000000000000011111111110000000000000001111111111,1,0
486,1,TypeB,40400,000000000000000000001111111100000000011111110000000000001111111000000000000000000000000000000000000000111111110000000000000000000000011111111000000000000000000000000000,1,0
487,2,TypeB,40400,000000000000000000001111111100000000011111110000000000001111111000000000000000000000000000000000000000111111110000000000000000000000011111111000000000000000000000000000,1,0
488,3,TypeC,30000,000000000000000000000000000000000000011111000000000011111000000000011111100000000000000000000011111000000000000000000000000000000000000000000000000000000001111110000000,1,0
489,4,TypeC,30000,000000000000000000000000000000000000011111000000000011111000000000011111100000000000000000000011111000000000000000000000000000000000000000000000000000000001111110000000,1,0
490,0,TypeA,57700,011111111110000000000000000000000000000000000000000000111111111000000000000000000000000000111111111100000000000000000000000000000000011111111110000000000000001111111111,1,0
491,1,TypeB,41400,000000000000000000001111111100000000011111110000000000000000000000000000000000111111110000000000000000111111110000000000000000000000011111111000000000000000000000000000,1,0
492,2,TypeB,41400,000000000000000000001111111100000000011111110000000000000000000000000000000000111111110000000000000000111111110000000000000000000000011111111000000000000000000000000000,1,0
493,3,TypeC,31200,000000000000000000000000000000000000011111000000000000000000000000011111100000000000000000000011111100000000000000000000000000000001111000000000000000000001111110000000,1,0
494,4,TypeC,31200,000000000000000000000000000000000000011111000000000000000000000000011111100000000000000000000011111100000000000000000000000000000001111000000000000000000001111110000000,1,0
495,0,TypeA,55500,011111111110000000000000000011111111110000000000000000111111111000000000000000000000000000000000000000001111111110000000000000000000000000000000011111111110000000000000,1,0
496,1,TypeB,40400,000000000000001111111000000000011111110000000000111111110000000000000000000000111111110000000000000000000000000000000000000000000000000000000000000000000000000011111111,1,0
497,2,TypeB,40400,000000000000001111111000000000011111110000000000111111110000000000000000000000111111110000000000000000000000000000000000000000000000000000000000000000000000000011111111,1,0
498,3,TypeC,28800,000000000000000000000000111111000000000000000000000000000000000000011111100000000000011111100000000000111110000000000000000000000000000000000000000000000000000000001111,1,0
499,4,TypeC,28800,000000000000000000000000111111000000000000000000000000000000000000011111100000000000011111100000000000111110000000000000000000000000000000000000000000000000000000001111,1,1
500,0,TypeA,54600,011111111110000000000000000000000001111111110000000000000000011111111110000000000000000111111111000000000000000000000000000000000000011111111110000000000000000000000000,1,0
501,1,TypeB,42500,000000000000000001111111100000000000000000000000111111100000000000000000000000000000000000000000000000111111110000000000000000111111110000000000000001111111000000000000,0,0
502,2,TypeB,42500,000000000000000001111111100000000000000000000000111111100000000000000000000000000000000000000000000000111111110000000000000000111111110000000000000001111111000000000000,0,0
503,3,TypeC,27000,000000000000000000000000000000000000000000000000000000000000011111000000000000111111000000000011111100000000000000000000000000000000011100000000000000000000000000001111,1,0
504,4,TypeC,27000,000000000000000000000000000000000000000000000000000000000000011111000000000000111111000000000011111100000000000000000000000000000000011100000000000000000000000000001111,1,0
505,0,TypeA,53800,000000001111111111000000000000000000000000000000000000111111111000000000000000111111111100000000000000000000000000000000000000000000011111111110000000000000001111111111,1,0
506,1,TypeB,41200,000000000000001111111100000000011111110000000000111111100000000000000000000000000000000000000000000000000000000000000001111111100000000000011111110000000000000000000000,1,0
507,2,TypeB,41200,000000000000001111111100000000011111110000000000111111100000000000000000000000000000000000000000000000000000000000000001111111100000000000011111110000000000000000000000,1,0
508,3,TypeC,28100,000000000000000000000000000000000001110000000000000000111111000000000000000000000000011111100000000000000000000000000000000000000001111000000000000000001111000000000000,0,0
509,4,TypeC,28100,000000000000000000000000000000000001110000000000000000111111000000000000000000000000011111100000000000000000000000000000000000000001111000000000000000001111000000000000,0,0
510,0,TypeA,52800,000001111111111000000000000000000000000000000000000000111111111000000000000000111111111100000000000000000000000000000000000011111111110000000000000000001111111110000000,1,0
511,1,TypeB,40400,000000000000001111111100000000011111110000000000111111100000000000000000000000000000000000000000000111111110000000000000000000111111110000000000000000000000000000000000,1,0
512,2,TypeB,40400,000000000000001111111100000000011111110000000000111111100000000000000000000000000000000000000000000111111110000000000000000000111111110000000000000000000000000000000000,1,0
513,3,TypeC,29900,000001111110000000000000111111000000000000000000000000000000000000000000000000000000011111100000000000000000000000000000000000000001111000000000000000001111000000000000,0,0
514,4,TypeC,29900,000001111110000000000000111111000000000000000000000000000000000000000000000000000000011111100000000000000000000000000000000000000001111000000000000000001111000000000000,0,0
515,0,TypeA,54000,011111111110000000000000000000000000000000000000000000111111111000000000000000111111111100000000000000000000000000000000000011111111110000000000000000001111111110000000,1,1
516,1,TypeB,40400,000000000000011111111000000000011111110000000000111111100000000000000000000000111111110000000000000000000000000000000000000000111111110000000000000000000000000000000000,1,0
517,2,TypeB,40400,000000000000011111111000000000011111110000000000111111100000000000000000000000111111110000000000000000000000000000000000000000111111110000000000000000000000000000000000,1,0
518,3,TypeC,30800,000000000000000000011111100000000000000000000000000000000000001111110000000000000001111110000000000000000000000000000000000000000001111000000000000000001111000000000000,1,0
519,4,TypeC,30800,000000000000000000011111100000000000000000000000000000000000001111110000000000000001111110000000000000000000000000000000000000000001111000000000000000001111000000000000,1,0
520,0,TypeA,53100,000000111111111000000000000000000001111111110000000000000000011111111110000000000000000000000000000000000000000000000000000000000000011111111110000000000000001111111111,1,0
521,1,TypeB,40400,000000000000001111111100000000011111110000000000111111100000000000000000000000000000000000000000000000111111110000000000000000111111110000000000000000000000000000000000,1,0
522,2,TypeB,40400,000000000000001111111100000000011111110000000000111111100000000000000000000000000000000000000000000000111111110000000000000000111111110000000000000000000000000000000000,1,0
523,3,TypeC,29900,000000000011111000000000000000000000000000000000000011111000000000011111100000000000011111100000000000000000000000000000000000000001111000000000000000000000000000000000,1,0
524,4,TypeC,29900,000000000011111000000000000000000000000000000000000011111000000000011111100000000000011111100000000000000000000000000000000000000001111000000000000000000000000000000000,1,0
525,0,TypeA,55900,011111111110000000000000000000000000000000000000000000111111111000000000000000111111111100000000000000000000000000000000000000000000011111111110000000000000001111111111,1,0
526,1,TypeB,42500,000000000000000000001111111100000000000000000000111111100000000000000000000000111111110000000000000000000000000000000000000000111111110000000000000001111111000000000000,1,0
527,2,TypeB,42500,000000000000000000001111111100000000000000000000111111100000000000000000000000111111110000000000000000000000000000000000000000111111110000000000000001111111000000000000,1,0
528,3,TypeC,28700,000000000111111000000000000000000001110000000000000000000000000000000000000000111111000000000000000000000000000000000000000000000001111000000000000000001111000000000000,1,0
529,4,TypeC,28700,000000000111111000000000000000000001110000000000000000000000000000000000000000111111000000000000000000000000000000000000000000000001111000000000000000001111000000000000,1,0
530,0,TypeA,57100,011111111110000000000000000000000000000000000000000000111111111000000000000000000000000000000001111111111000000000000000000000000000011111111110000000000001111111111000,1,0
531,1,TypeB,41400,000000001111111000000000111111110000000000000000111111110000000000000000000000000000000011111111000000000000000000000000000000111111110000000000000000000000000000000000,1,0
532,2,TypeB,41400,000000001111111000000000111111110000000000000000111111110000000000000000000000000000000011111111000000000000000000000000000000111111110000000000000000000000000000000000,1,0
533,3,TypeC,30100,000000000000000000000000111111000000000000000000000000000000000000011111100000000000011111100000000000000000000000000001111110000000000000000000000000001111000000000000,1,0
534,4,TypeC,30100,000000000000000000000000111111000000000000000000000000000000000000011111100000000000011111100000000000000000000000000001111110000000000000000000000000001111000000000000,1,0
535,0,TypeA,56100,011111111110000000000000000000000001111111110000000000000000000000000011111111100000000000000000000000000000000000000000000000000000011111111110000000000000001111111111,1,0
536,1,TypeB,41400,000000000000001111111100000000011111110000000000000000000000000000000000000000111111110000000000000000000000000011111111000000000000000000000011111111000000000000000000,1,0
537,2,TypeB,41400,000000000000001111111100000000011111110000000000000000000000000000000000000000111111110000000000000000000000000011111111000000000000000000000011111111000000000000000000,1,0
538,3,TypeC,26100,000000000000000000000000000000000001110000000000011111100000000000011111100000000000000000000011111000000000000000000000000000000001111000000000000000000000000000000000,1,0
539,4,TypeC,26100,000000000000000000000000000000000001110000000000011111100000000000011111100000000000000000000011111000000000000000000000000000000001111000000000000000000000000000000000,1,0
540,0,TypeA,56800,000001111111111000000000000000000000000000000000000000111111111000000000000000000000000000000001111111111000000000000000000000000000011111111110000000000000001111111111,1,0
541,1,TypeB,41400,000000000000001111111100000000011111110000000000000000000000000000000000000000111111110000000000000000000000000011111111000000000000000000000000011111111000000000000000,1,0
542,2,TypeB,41400,000000000000001111111100000000011111110000000000000000000000000000000000000000111111110000000000000000000000000011111111000000000000000000000000011111111000000000000000,1,0
543,3,TypeC,29900,000000000000000000000000000000000001111100000000000000000000000000011111100000000000011111100000000000000000000000000000000000000001111000000000011111000000000000000000,1,0
544,4,TypeC,29900,000000000000000000000000000000000001111100000000000000000000000000011111100000000000011111100000000000000000000000000000000000000001111000000000011111000000000000000000,1,0
545,0,TypeA,52000,011111111110000000000000000000000001111111110000000000000000000000000011111111100000000000000000000000001111111110000000000000000000000000000000000000001111111110000000,1,0
546,1,TypeB,43800,000000000000000001111111100000000000011111110000000000000000000000000000000000111111110000000000000000000000000000000000000000111111110000000000011111111000000000000000,0,0
547,2,TypeB,43800,000000000000000001111111100000000000011111110000000000000000000000000000000000111111110000000000000000000000000000000000000000111111110000000000011111111000000000000000,0,0
548,3,TypeC,31800,000000000000000000000000111111000000000000011111100000000000000000011111100000000000000000000011111100000000000000000000000000000000000000000000000000000001111110000000,1,0
549,4,TypeC,31800,000000000000000000000000111111000000000000011111100000000000000000011111100000000000000000000011111100000000000000000000000000000000000000000000000000000001111110000000,1,0
550,0,TypeA,49700,000000001111111111000000000000000000000000000000000000111111111000000000000000111111111100000000000000001111111110000000000000000000000000000000000000001111111110000000,1,0
551,1,TypeB,42500,000000000000001111111100000000000000011111110000000000000000000000000000000000111111110000000000000000000000000000000000000000111111110000000000000001111111000000000000,1,0
552,2,TypeB,42500,000000000000001111111100000000000000011111110000000000000000000000000000000000111111110000000000000000000000000000000000000000111111110000000000000001111111000000000000,1,0
553,3,TypeC,32100,000000000000000000000000111111000000000000000000000000000000001111110000000000111111000000000011111100000000000000000000000000000000000000000000000000000000000011111100,1,0
554,4,TypeC,32100,000000000000000000000000111111000000000000000000000000000000001111110000000000111111000000000011111100000000000000000000000000000000000000000000000000000000000011111100,1,0
555,0,TypeA,51500,011111111110000000000000000000000001111111110000000000000000011111111110000000000000000000000000000000001111111110000000000000000000000000000000000000001111111110000000,1,0
556,1,TypeB,39100,000000001111111000000000000000000000000000000000111111100000000000000000000000111111110000000000000000000000011111111000000000000000000000000000000000001111111000000000,1,0
557,2,TypeB,39100,000000001111111000000000000000000000000000000000111111100000000000000000000000111111110000000000000000000000011111111000000000000000000000000000000000001111111000000000,1,0
558,3,TypeC,30600,000000000000000000000000000000000001111100000000000000000000011111000000000000000001111110000000000000000000000000000000000000000001111000000000000000001111000000000000,1,0
559,4,TypeC,30600,000000000000000000000000000000000001111100000000000000000000011111000000000000000001111110000000000000000000000000000000000000000001111000000000000000001111000000000000,1,0
560,0,TypeA,50800,011111111100000000000000000000000000000000000000000000111111111000000000000000111111111100000000000000001111111110000000000000000000000000000000000000001111111110000000,1,0
561,1,TypeB,43500,000000000000000000000000111111110000000000000000000000000000111111110000000000000000000000000000000000000000011111111000000000111111110000000000000000001111111000000000,1,0
562,2,TypeB,43500,000000000000000000000000111111110000000000000000000000000000111111110000000000000000000000000000000000000000011111111000000000111111110000000000000000001111111000000000,1,0
563,3,TypeC,31800,000000000000000000000000000000000001111100000000000000000000111111000000000000111111000000000011111100000000000000000000000000000000000000000000000000001111000000000000,1,0
564,4,TypeC,31800,000000000000000000000000000000000001111100000000000000000000111111000000000000111111000000000011111100000000000000000000000000000000000000000000000000001111000000000000,1,0
565,0,TypeA,53700,011111111110000000000000000011111111110000000000000000111111111000000000000000000000000000000000000000001111111110000000000000000000000000000000000000011111111110000000,1,0
566,1,TypeB,39400,000000001111111000000000000000011111110000000000111111100000000000000000000000000001111111100000000000000000000000000000000000000000000000000000000000000000000011111111,1,0
567,2,TypeB,39400,000000001111111000000000000000011111110000000000111111100000000000000000000000000001111111100000000000000000000000000000000000000000000000000000000000000000000011111111,1,0
568,3,TypeC,27900,000000001110000000000000000000000001110000000000000000000000000000000000000000111111000000000011111100000000000000000000000000000000000000000000000000001111110000000000,0,0
569,4,TypeC,27900,000000001110000000000000000000000001110000000000000000000000000000000000000000111111000000000011111100000000000000000000000000000000000000000000000000001111110000000000,0,0
570,0,TypeA,55400,011111111110000000000000000001111111110000000000000000111111111000000000000000000000000000000000000000000000000000001111111110000000000000000000000001111111111000000000,1,0
571,1,TypeB,40100,000000000000001111111100000000000000011111110000000000000000000000000000000000000000000011111111000000000000000011111111000000000000000000000000000000001111111000000000,1,0
572,2,TypeB,40100,000000000000001111111100000000000000011111110000000000000000000000000000000000000000000011111111000000000000000011111111000000000000000000000000000000001111111000000000,1,0
573,3,TypeC,30500,000000000000000000000000000111110000000000000000011111100000000000011111100000000000000000000011111100000000000000000000000000000000000000000000000000001111110000000000,1,0
574,4,TypeC,30500,000000000000000000000000000111110000000000000000011111100000000000011111100000000000000000000011111100000000000000000000000000000000000000000000000000001111110000000000,1,0
575,0,TypeA,55000,011111111110000000000000000000000001111111110000000000000000011111111110000000000000000000000000000000000000000000000000000011111111110000000000000000011111111110000000,1,0
576,1,TypeB,41800,000000001111111000000000000000011111110000000000000000000000000000000000000000000000000000000000000000000011111110000000000000000000011111111000000000011111111000000000,0,0
577,2,TypeB,41800,000000001111111000000000000000011111110000000000000000000000000000000000000000000000000000000000000000000011111110000000000000000000011111111000000000011111111000000000,0,0
578,3,TypeC,29300,000000000000000000001111100000000001110000000000000000000000000000000000000000111111000000000011111100000000000000000000000000000000000000000000000000001111110000000000,1,0
579,4,TypeC,29300,000000000000000000001111100000000001110000000000000000000000000000000000000000111111000000000011111100000000000000000000000000000000000000000000000000001111110000000000,1,0
580,0,TypeA,53700,011111111110000000000000000000000000000000000000000000111111111000000000000000000000000000000000000000001111111110000000000011111111110000000000000000011111111110000000,1,0
581,1,TypeB,40400,000000001111111000000000000000011111110000000000000000000000000001111111100000000000000000000000000000000000000011111111000000000000000000000000000000011111111000000000,0,0
582,2,TypeB,40400,000000001111111000000000000000011111110000000000000000000000000001111111100000000000000000000000000000000000000011111111000000000000000000000000000000011111111000000000,0,0
583,3,TypeC,31200,000000000000000000011111100000000001110000000000000000000000000000011111100000000001111110000000000000000000000000000000000000000000000000000000000000001111110000000000,1,0
584,4,TypeC,31200,000000000000000000011111100000000001110000000000000000000000000000011111100000000001111110000000000000000000000000000000000000000000000000000000000000001111110000000000,1,0
585,0,TypeA,53100,000001111111111000000000000000000000000000000000000000111111111000000000000000000000000000000000000000001111111110000000000011111111110000000000000001111111111000000000,1,0
586,1,TypeB,40400,000000000000000000000000000000011111110000000000111111100000000000000000000000111111110000000000000000000000000011111111000000000000011111111000000000000000000000000000,1,0
587,2,TypeB,40400,000000000000000000000000000000011111110000000000111111100000000000000000000000111111110000000000000000000000000011111111000000000000011111111000000000000000000000000000,1,0
588,3,TypeC,32700,000000000000000000000000000000000001110000000000000000000000001111110000000000111111000000000000000000001111110000000000000000000000000000000000000000001111110000000000,1,0
589,4,TypeC,32700,000000000000000000000000000000000001110000000000000000000000001111110000000000111111000000000000000000001111110000000000000000000000000000000000000000001111110000000000,1,0
590,0,TypeA,55600,011111111110000000000000000000000001111111110000000000000000011111111110000000000000000000000000000000000000000000000000000011111111110000000000000001111111111000000000,1,0
591,1,TypeB,40400,000000001111111000000000000000011111110000000000000000000000000000000000000000000001111111100000000000000000000011111111000000000000011111111000000000000000000000000000,1,0
592,2,TypeB,40400,000000001111111000000000000000011111110000000000000000000000000000000000000000000001111111100000000000000000000011111111000000000000011111111000000000000000000000000000,1,0
593,3,TypeC,26000,000000000000000000000000000000000001110000000000000000000001111000000000000000111111000000000000000111111000000000000000000000000000000000000000000000000000000000001111,1,0
594,4,TypeC,26000,000000000000000000000000000000000001110000000000000000000001111000000000000000111111000000000000000111111000000000000000000000000000000000000000000000000000000000001111,1,0
595,0,TypeA,54300,011111111110000000000000000000000000000000000000000000111111111000000000000000000000000000000000000000001111111110000000000011111111110000000000000001111111111000000000,1,0
596,1,TypeB,41500,000000000000000000000000000000000001111111000000000000000000000000000000000000000001111111100000000000000011111110000000000000111111110000000000000000001111111000000000,0,0
597,2,TypeB,41500,000000000000000000000000000000000001111111000000000000000000000000000000000000000001111111100000000000000011111110000000000000111111110000000000000000001111111000000000,0,0
598,3,TypeC,25800,000000000000000000000000000000000001110000000000000000000000000000000000000000111111000000000000000000000000000000000000001111110000000000000111110000000000000000001111,1,0
599,4,TypeC,25800,000000000000000000000000000000000001110000000000000000000000000000000000000000111111000000000000000000000000000000000000001111110000000000000111110000000000000000001111,1,0
600,0,TypeA,55700,000000001111111111000000000000000000000000000000000000000000011111111110000000000000000000000000000000000000001111111111000000000000011111111110000000000000001111111111,1,0
601,1,TypeB,39500,000000001111111000000000000000000000000000000000000000000000000000011111100000000000000000000000000000000011111110000000000000111111110000000000000000000011111110000000,0,0
602,2,TypeB,39500,000000001111111000000000000000000000000000000000000000000000000000011111100000000000000000000000000000000011111110000000000000111111110000000000000000000011111110000000,0,0
603,3,TypeC,30400,000000000000001111110000000000000001110000000000000000000001111000000000000000111111000000000000000000000000000000000000000000000000000000000000000000001111110000000000,1,0
604,4,TypeC,30400,000000000000001111110000000000000001110000000000000000000001111000000000000000111111000000000000000000000000000000000000000000000000000000000000000000001111110000000000,1,0
605,0,TypeA,54300,011111111110000000000000000001111111110000000000000000111111111000000000000000000000000000000000000000000000000000000000000000000000011111111110000000000001111111111000,1,0
606,1,TypeB,39400,000000001111111000000000000000000000011111110000000000000000011111110000000000111111110000000000000000000000000000000000000000111111110000000000000000000000000000000000,1,0
607,2,TypeB,39400,000000001111111000000000000000000000011111110000000000000000011111110000000000111111110000000000000000000000000000000000000000111111110000000000000000000000000000000000,1,0
608,3,TypeC,30200,000000000000000000000000000000000001110000000000000000000000000000011111100000000001111110000000000000000000000000000000001111110000000000000000000000000011111000000000,1,0
609,4,TypeC,30200,000000000000000000000000000000000001110000000000000000000000000000011111100000000001111110000000000000000000000000000000001111110000000000000000000000000011111000000000,1,0
610,0,TypeA,54900,000001111111111000000000000011111111110000000000000000111111111000000000000000000000000000000000000000000000000000000001111111110000000000000000000000011111111110000000,1,0
611,1,TypeB,39000,000000001111111000000000000000011111110000000000000000000000000000000000000000111111110000000000000000000000000000001111111000000000000000011111110000000000000000000000,1,0
612,2,TypeB,39000,000000001111111000000000000000011111110000000000000000000000000000000000000000111111110000000000000000000000000000001111111000000000000000011111110000000000000000000000,1,0
613,3,TypeC,28100,000001111110000000000000000111110000000000000000000000111000000000011111100000000000000000000000000000000000000000000000000000000000000000000000000000001111110000000000,0,0
614,4,TypeC,28100,000001111110000000000000000111110000000000000000000000111000000000011111100000000000000000000000000000000000000000000000000000000000000000000000000000001111110000000000,0,0
615,0,TypeA,56100,011111111110000000000000000000000001111111110000000000000000011111111110000000000000000000000000000000000000000000000001111111110000000000000000000000000000001111111111,1,0
616,1,TypeB,43800,000000000000001111111100000000000000011111110000000000000000000000000000000000000001111111100000000000000000000000000000000000111111110000000000011111111000000000000000,1,0
617,2,TypeB,43800,000000000000001111111100000000000000011111110000000000000000000000000000000000000001111111100000000000000000000000000000000000111111110000000000011111111000000000000000,1,0
618,3,TypeC,25900,000000000000000000000000000000000001110000000000000000000000000000011111100000000000000000000011111100000000000000000000001111110000000000000000000000000000000000001111,1,0
619,4,TypeC,25900,000000000000000000000000000000000001110000000000000000000000000000011111100000000000000000000011111100000000000000000000001111110000000000000000000000000000000000001111,1,0
620,0,TypeA,52300,000000001111111110000000000001111111110000000000000000111111111000000000000000000000000000000000000000000000000000000001111111110000000000000000000001111111111000000000,1,0
621,1,TypeB,43800,000000001111111000000000111111110000000000000000000000000000000000000000000000000000000000000000000000000000011111111000000000111111110000000000000000000000000011111111,1,0
622,2,TypeB,43800,000000001111111000000000111111110000000000000000000000000000000000000000000000000000000000000000000000000000011111111000000000111111110000000000000000000000000011111111,1,0
623,3,TypeC,30800,000000000011111000000000000000000001110000000000000000000000000000000000000000111111000000000011111100000000000000000000000000000000000000000000000000001111110000000000,1,0
624,4,TypeC,30800,000000000011111000000000000000000001110000000000000000000000000000000000000000111111000000000011111100000000000000000000000000000000000000000000000000001111110000000000,1,0
625,0,TypeA,52700,000000000000000000001111111111000000000000000000000000111111111000000000000000000000000000000000000000001111111110000000000000111111111000000000000000011111111110000000,1,0
626,1,TypeB,40400,000000000000000000000000111111110000000000000000111111100000000000000000000000111111110000000000000000000011111110000000000000011111111000000000000000000000000000000000,0,0
627,2,TypeB,40400,000000000000000000000000111111110000000000000000111111100000000000000000000000111111110000000000000000000011111110000000000000011111111000000000000000000000000000000000,0,0
628,3,TypeC,31700,000000000000000000000000111111000000000000000000000011111000000000011111100000000000011111100000000000000000000000000000000000000000000000000000000000001111110000000000,1,0
629,4,TypeC,31700,000000000000000000000000111111000000000000000000000011111000000000011111100000000000011111100000000000000000000000000000000000000000000000000000000000001111110000000000,1,0
630,0,TypeA,53200,011111111110000000000000111111110000000000000000000000111111111000000000000000000000000000000000000000000000000000000000000000111111111000000000000000011111111110000000,1,0
631,1,TypeB,41300,000000000000001111111100000000000000011111110000000000000000000000000000000000000001111111100000000000000000000000001111111000000000011111111000000000000000000000000000,1,0
632,2,TypeB,41300,000000000000001111111100000000000000011111110000000000000000000000000000000000000001111111100000000000000000000000001111111000000000011111111000000000000000000000000000,1,0
633,3,TypeC,34400,000000000111111000000000000000000000011111000000000000000000000000000000000000111111000000000011111100000000000000000000000000000000000000000000000000001111110000000000,1,0
634,4,TypeC,34400,000000000111111000000000000000000000011111000000000000000000000000000000000000111111000000000011111100000000000000000000000000000000000000000000000000001111110000000000,1,0
635,0,TypeA,55900,000000001111111111000000000000000000000000000000000000111111111000000000000000000000000000000001111111111000000000000000000000000000011111111110000000000000001111111111,1,0
636,1,TypeB,40000,000000000000000000000000111111110000000000000000111111100000000000000000000000000001111111100000000000000000000000001111111000000000000000011111110000000000000000000000,1,0
637,2,TypeB,40000,000000000000000000000000111111110000000000000000111111100000000000000000000000000001111111100000000000000000000000001111111000000000000000011111110000000000000000000000,1,0
638,3,TypeC,34400,000000000000000000000000000000000000011111000000000000000000000000011111100000000000011111100000000000001111110000000000000000000000000000000000000000001111110000000000,1,0
639,4,TypeC,34400,000000000000000000000000000000000000011111000000000000000000000000011111100000000000011111100000000000001111110000000000000000000000000000000000000000001111110000000000,1,0
640,0,TypeA,55200,011111111110000000000000000000000001111111110000000000000000011111111110000000000000000000000000000000000000000000000001111111110000000000000000000000011111111110000000,1,0
641,1,TypeB,42500,000000000000000000000000000000000000011111110000000000111111110000000000000000000000000000000000000000000000011111111000000000111111110000000000000000000011111110000000,0,0
642,2,TypeB,42500,000000000000000000000000000000000000011111110000000000111111110000000000000000000000000000000000000000000000011111111000000000111111110000000000000000000011111110000000,0,0
643,3,TypeC,30300,000000000000000000000000000000000001110000000000000000000000000000000000000000111111000000000000000111111000000000000001111110000000000000000000000000001111110000000000,1,0
644,4,TypeC,30300,000000000000000000000000000000000001110000000000000000000000000000000000000000111111000000000000000111111000000000000001111110000000000000000000000000001111110000000000,1,0
645,0,TypeA,53800,011111111100000000000000000001111111110000000000000000111111111000000000000000000000000000000000000000000000000000000001111111110000000000000000000000011111111110000000,1,0
646,1,TypeB,41500,000000000000000000000000000000000000000000000000000000111111110000000000111111100000000000000000000000000011111110000000000000111111110000000000000001111111000000000000,0,0
647,2,TypeB,41500,000000000000000000000000000000000000000000000000000000111111110000000000111111100000000000000000000000000011111110000000000000111111110000000000000001111111000000000000,0,0
648,3,TypeC,30300,000000000000000000000000000000000001110000000000000000000000000000000000000000111111000000000011111100000000000000000001111110000000000000000000000000001111110000000000,1,0
649,4,TypeC,30300,000000000000000000000000000000000001110000000000000000000000000000000000000000111111000000000011111100000000000000000001111110000000000000000000000000001111110000000000,1,0
650,0,TypeA,54300,011111111110000000000000000000000000000000000000000000111111111000000000000000000000000000000000000000001111111110000000000000000000011111111110000000000000001111111111,1,0
651,1,TypeB,42800,000000001111111000000000000000000000000000000000111111100000000000000000000000000000000000000000000000000000011111111000000000111111110000000000000000011111111000000000,1,0
652,2,TypeB,42800,000000001111111000000000000000000000000000000000111111100000000000000000000000000000000000000000000000000000011111111000000000111111110000000000000000011111111000000000,1,0
653,3,TypeC,28800,000000000000000000000000000000000001110000000000000000000000011111000000000000111111000000000000000000000000000000000000000000000001111000000000000001111110000000000000,1,0
654,4,TypeC,28800,000000000000000000000000000000000001110000000000000000000000011111000000000000111111000000000000000000000000000000000000000000000001111000000000000001111110000000000000,1,0
655,0,TypeA,55300,011111111100000000000111111111000000000000000000000000111111111000000000000000000000000000000000000000000000000000001111111110000000000000000000000000011111111110000000,1,0
656,1,TypeB,39000,000000000000001111111100000000000000011111110000000000000000000000000000111111100000000000000000000000000000000000001111111000000000000000000000000000000011111110000000,1,0
657,2,TypeB,39000,000000000000001111111100000000000000011111110000000000000000000000000000111111100000000000000000000000000000000000001111111000000000000000000000000000000011111110000000,1,0
658,3,TypeC,34500,000000000111111000000000000000000000000000000000011111100000000000011111100000000000011111100000000000000000000000000000000000000000000000000000000000001111110000000000,1,0
659,4,TypeC,34500,000000000111111000000000000000000000000000000000011111100000000000011111100000000000011111100000000000000000000000000000000000000000000000000000000000001111110000000000,1,0
660,0,TypeA,58400,000000000000000000111111111100000000000000000000000000111111111000000000000000000000000000000011111111100000000000001111111110000000000000000000011111111110000000000000,1,0
661,1,TypeB,40000,000000000000001111111100000000000000011111110000000000000000000001111111100000000000000000000000000000000000000000001111111000000000000000000000000000000011111110000000,1,0
662,2,TypeB,40000,000000000000001111111100000000000000011111110000000000000000000001111111100000000000000000000000000000000000000000001111111000000000000000000000000000000011111110000000,1,0
663,3,TypeC,32700,000000000000000000000000111111000000000000000000011111100000000000011111100000000000011111100000000000000000000000000000000000000000000000000000000000001111110000000000,1,0
664,4,TypeC,32700,000000000000000000000000111111000000000000000000011111100000000000011111100000000000011111100000000000000000000000000000000000000000000000000000000000001111110000000000,1,0
665,0,TypeA,56000,000000001111111110000000000000000000000000000000000000111111111000000000000000000000000000111111111100000000000000001111111110000000000000000000011111111110000000000000,1,0
666,1,TypeB,40000,000000000000001111111100000000000000000000000000000000000000011111110000000000000000000000000000000111111110000000001111111000000000000000000000000000000011111110000000,1,0
667,2,TypeB,40000,000000000000001111111100000000000000000000000000000000000000011111110000000000000000000000000000000111111110000000001111111000000000000000000000000000000011111110000000,1,0
668,3,TypeC,32700,000000000000000000000000111111000000000000000000000000000000000000011111100000000000011111100000000000000000000000000000001111110000000000000000000000001111110000000000,1,0
669,4,TypeC,32700,000000000000000000000000111111000000000000000000000000000000000000011111100000000000011111100000000000000000000000000000001111110000000000000000000000001111110000000000,1,0
670,0,TypeA,55100,000000000000000000011111111100000000000000000000000000111111111000000000000000000000000000111111111000000000001111111111000000000000000000000000000000011111111110000000,0,0
671,1,TypeB,39400,000000001111111000000000000000011111110000000000111111100000000000000000000000000000000000000000000000000000011111111000000000111111110000000000000000000000000000000000,1,1
672,2,TypeB,39400,000000001111111000000000000000011111110000000000111111100000000000000000000000000000000000000000000000000000011111111000000000111111110000000000000000000000000000000000,1,0
673,3,TypeC,26000,000000000000000000000000000000000001110000000000000000000000011111000000000000111111000000000011111000000000000000001111000000000000000000000000000000000000000000000000,1,0
674,4,TypeC,26000,000000000000000000000000000000000001110000000000000000000000011111000000000000111111000000000011111000000000000000001111000000000000000000000000000000000000000000000000,1,0
675,0,TypeA,55600,011111111110000000000000000000000000000000000000000000111111111000000000000000000000000000000000000000000000001111111111000000000000011111111110000000000001111111111000,1,0
676,1,TypeB,38100,000000000000001111111000000000000000011111110000000000000000011111110000000000000000000000000000000000000000000011111111000000000000000000000000000000000011111110000000,1,0
677,2,TypeB,38100,000000000000001111111000000000000000011111110000000000000000011111110000000000000000000000000000000000000000000011111111000000000000000000000000000000000011111110000000,1,0
678,3,TypeC,30600,000000000000000000000000000000000000000000000000000000000000011111000000000000111111000000000011111100000000000000001111000000000000000000000000000000001111110000000000,1,0
679,4,TypeC,30600,000000000000000000000000000000000000000000000000000000000000011111000000000000111111000000000011111100000000000000001111000000000000000000000000000000001111110000000000,1,0
680,0,TypeA,55700,000001111111111000000000000000000000000000000000000000111111111000000000000000000000000111111111000000000000000000001111111110000000000000000000011111111110000000000000,1,0
681,1,TypeB,39000,000000000000001111111100000000000000011111110000000000000000000000000000111111100000000000000000000000000000000000001111111000000000000000011111110000000000000000000000,1,0
682,2,TypeB,39000,000000000000001111111100000000000000011111110000000000000000000000000000111111100000000000000000000000000000000000001111111000000000000000011111110000000000000000000000,1,0
683,3,TypeC,28800,000000000000000000000000000111110000000000000000000000000000000000011111100000000001111110000000000000000000000000000000000000000000000000001111110000000000000000001111,1,0
684,4,TypeC,28800,000000000000000000000000000111110000000000000000000000000000000000011111100000000001111110000000000000000000000000000000000000000000000000001111110000000000000000001111,1,0
685,0,TypeA,56900,011111111110000000000000000000000000000000000000000000111111111000000000000000000000000111111111000000000000000000001111111110000000000000000000011111111110000000000000,1,0
686,1,TypeB,38000,000000000000001111111000000000000000011111110000000000000000011111110000000000000000000000000000000000000000000000001111111000000000000000011111110000000000000000000000,1,0
687,2,TypeB,38000,000000000000001111111000000000000000011111110000000000000000011111110000000000000000000000000000000000000000000000001111111000000000000000011111110000000000000000000000,1,0
688,3,TypeC,31600,000000000000000000000000000000000001111100000000000000000000011111000000000000111111000000000011111100000000000000000000000000000000000000001111110000000000000000000000,1,1
689,4,TypeC,31600,000000000000000000000000000000000001111100000000000000000000011111000000000000111111000000000011111100000000000000000000000000000000000000001111110000000000000000000000,1,0
690,0,TypeA,52900,000000111111111000000000000001111111110000000000000000111111111000000000000000000000000000000011111111100000000000000000000000000000011111111110000000000000000000000000,1,0
691,1,TypeB,42500,000000000000001111111100000000000000011111110000000000000000000000000000000000111111110000000000000000000000000000000000000000000000000000011111110000000000000011111111,1,0
692,2,TypeB,42500,000000000000001111111100000000000000011111110000000000000000000000000000000000111111110000000000000000000000000000000000000000000000000000011111110000000000000011111111,1,0
693,3,TypeC,28400,000000000000001111110000000000000001111100000000000000000000000000000000000000000000000000000011111100000000000000000000000000000000000000000000011111000000000000001111,1,0
694,4,TypeC,28400,000000000000001111110000000000000001111100000000000000000000000000000000000000000000000000000011111100000000000000000000000000000000000000000000011111000000000000001111,1,0
695,0,TypeA,55600,011111111110000000000000000011111111110000000000000000111111111000000000000000000000000000000000000000000000000000000000000000000000011111111110000000000001111111111000,1,0
696,1,TypeB,40000,000000000000001111111100000000000000000000000000000000000000011111110000000000000000000011111111000000000000000000001111111000000000000000011111110000000000000000000000,1,0
697,2,TypeB,40000,000000000000001111111100000000000000000000000000000000000000011111110000000000000000000011111111000000000000000000001111111000000000000000011111110000000000000000000000,1,0
698,3,TypeC,28900,000000000111111000000000000000000001110000000000000000000000000000011111100000000000011111100000000000000000000000000000000000000000000000000000000000000000000000001111,1,0
699,4,TypeC,28900,000000000111111000000000000000000001110000000000000000000000000000011111100000000000011111100000000000000000000000000000000000000000000000000000000000000000000000001111,1,0
700,0,TypeA,54900,011111111110000000000000000011111111110000000000000000111111111000000000000000000000000000000000000000000000000000000000000000111111111000000000000001111111111000000000,1,0
701,1,TypeB,40000,000000000000000000000111111110000000000000000000000000000000011111110000000000000000000000000001111111100000000000001111111000000000011111110000000000000000000000000000,1,0
702,2,TypeB,40000,000000000000000000000111111110000000000000000000000000000000011111110000000000000000000000000001111111100000000000001111111000000000011111110000000000000000000000000000,1,0
703,3,TypeC,28000,000000000000001111110000000000000001110000000000000000000000000000011111100000000000011111100000000000000000000000000000000000000000000000000000000000000000000000001111,1,0
704,4,TypeC,28000,000000000000001111110000000000000001110000000000000000000000000000011111100000000000011111100000000000000000000000000000000000000000000000000000000000000000000000001111,1,0
705,0,TypeA,53700,000000001111111111000000000000000001111111110000000000000000011111111110000000000000000000000000000000000000000000001111111110000000000000000000000001111111111000000000,1,0
706,1,TypeB,39000,000000000000000000001111111100000000011111110000000000000000011111110000000000000000000000000000000000000000000000001111111000000000000000011111110000000000000000000000,1,0
707,2,TypeB,39000,000000000000000000001111111100000000011111110000000000000000011111110000000000000000000000000000000000000000000000001111111000000000000000011111110000000000000000000000,1,0
708,3,TypeC,27800,000000000000000000000000000000000001110000000000000000000000000000011111100000000000000000000011111100000000000000000001111110000000000000000000000000011111000000000000,1,0
709,4,TypeC,27800,000000000000000000000000000000000001110000000000000000000000000000011111100000000000000000000011111100000000000000000001111110000000000000000000000000011111000000000000,1,0
710,0,TypeA,55200,011111111110000000000000000001111111110000000000000000111111111000000000000000000000000000000000000000000000001111111111000000000000011111111110000000000000000000000000,1,0
711,1,TypeB,39000,000000000000000000000111111100000000011111110000000000000000000000000000000000111111110000000000000000000000000000001111111000000000000000011111110000000000000000000000,1,0
712,2,TypeB,39000,000000000000000000000111111100000000011111110000000000000000000000000000000000111111110000000000000000000000000000001111111000000000000000011111110000000000000000000000,1,0
713,3,TypeC,27400,000000000000000000000000111111000000000000000000000000000001111000000000000000000000011111100000000000000000000000000000000000000000000000000000011111000000000000001111,1,0
714,4,TypeC,27400,000000000000000000000000111111000000000000000000000000000001111000000000000000000000011111100000000000000000000000000000000000000000000000000000011111000000000000001111,1,0
715,0,TypeA,57100,000000000000000000001111111111000000000000000000000000111111111000000000000000000000000000000000000000000000001111111111000000000000011111111110000000000000001111111111,1,0
716,1,TypeB,41000,000000000000000000001111111100000000000000000000111111110000000000000000000000111111110000000000000000000000000000001111111000000000000000011111110000000000000000000000,1,0
717,2,TypeB,41000,000000000000000000001111111100000000000000000000111111110000000000000000000000111111110000000000000000000000000000001111111000000000000000011111110000000000000000000000,1,0
718,3,TypeC,28600,000000000000000000000000111111000000000000000000000000000000000000000000000000111111000000000000000000000000000000001111000000000001111000000000000000000011111000000000,1,0
719,4,TypeC,28600,000000000000000000000000111111000000000000000000000000000000000000000000000000111111000000000000000000000000000000001111000000000001111000000000000000000011111000000000,1,0
720,0,TypeA,56500,011111111110000000000000000011111111110000000000000000111111111000000000000000000000000000000000000000000000000000000000000000000000011111111110000000000000001111111111,1,0
721,1,TypeB,41400,000000000000000001111111100000000000000000000000111111100000000000000000000000111111110000000000000000000000011111111000000000011111111000000000000000000000000000000000,0,0
722,2,TypeB,41400,000000000000000001111111100000000000000000000000111111100000000000000000000000111111110000000000000000000000011111111000000000011111111000000000000000000000000000000000,0,0
723,3,TypeC,31400,000000000000000000000000111111000000000000000000000000000000011111000000000000111111000000000011111100000000000000000000000000000000000000000000000000000000000011111100,1,0
724,4,TypeC,31400,000000000000000000000000111111000000000000000000000000000000011111000000000000111111000000000011111100000000000000000000000000000000000000000000000000000000000011111100,1,0
725,0,TypeA,57600,000000000000000000111111111100000000000000000000000000111111111000000000000000000000000000000000001111111110000000000000000011111111110000000000011111111110000000000000,1,0
726,1,TypeB,39100,000000000000000001111111100000000000000000000000111111100000000000000000000000111111110000000000000000000011111110000000000000000000011111110000000000000000000000000000,0,0
727,2,TypeB,39100,000000000000000001111111100000000000000000000000111111100000000000000000000000111111110000000000000000000011111110000000000000000000011111110000000000000000000000000000,0,0
728,3,TypeC,28500,000001111100000000000000111111000000000000000000000000000000000000011111100000000000011111100000000000000000000000000000000000000000000000000000000000000000000000001111,0,0
729,4,TypeC,28500,000001111100000000000000111111000000000000000000000000000000000000011111100000000000011111100000000000000000000000000000000000000000000000000000000000000000000000001111,0,0
730,0,TypeA,59800,000000000000000000001111111111000000000000000000000000111111111000000000000000000000000000000001111111111000000000000000000011111111110000000000011111111110000000000000,1,0
731,1,TypeB,41400,000000000000001111111100000000000000000000000000111111100000000001111111100000000000000000000000000000000000011111111000000000011111111000000000000000000000000000000000,0,0
732,2,TypeB,41400,000000000000001111111100000000000000000000000000111111100000000001111111100000000000000000000000000000000000011111111000000000011111111000000000000000000000000000000000,0,0
733,3,TypeC,28100,000000000000000000000000000111110000000000000000000000000000011111000000000000111111000000000011111100000000000000000000000000000000000000000000000000000000000000001111,1,0
734,4,TypeC,28100,000000000000000000000000000111110000000000000000000000000000011111000000000000111111000000000011111100000000000000000000000000000000000000000000000000000000000000001111,1,0
735,0,TypeA,53600,000000000000000000001111111110000000000000000000000000111111111000000000000000000000000000000000000000001111111110000000000000000000011111111110000000000000001111111111,1,0
736,1,TypeB,40100,000000000000001111111100000000000000000000000000111111100000000001111111100000000000000000000001111111100000000000000000000000000000011111110000000000000000000000000000,0,0
737,2,TypeB,40100,000000000000001111111100000000000000000000000000111111100000000001111111100000000000000000000001111111100000000000000000000000000000011111110000000000000000000000000000,0,0
738,3,TypeC,27800,000000000000000000000000111110000000000000000000000000000000000000011111100000000001111110000000000000000000000000000000000000000000000000000000011111000000000000001111,1,0
739,4,TypeC,27800,000000000000000000000000111110000000000000000000000000000000000000011111100000000001111110000000000000000000000000000000000000000000000000000000011111000000000000001111,1,0
740,0,TypeA,55200,000000001111111110000000000000000000000000000000000000111111111000000000000000000000000011111111110000000000000000000000000011111111110000000000011111111110000000000000,1,0
741,1,TypeB,40100,000000000000001111111100000000000000000000000000111111100000000001111111100000000000000000000000000000000000011111111000000000000000011111110000000000000000000000000000,1,0
742,2,TypeB,40100,000000000000001111111100000000000000000000000000111111100000000001111111100000000000000000000000000000000000011111111000000000000000011111110000000000000000000000000000,1,0
743,3,TypeC,29800,000001111110000000000000111111000000000000000000000000000000000000011111100000000000011111100000000000000000000000000000000000000000000000000000000000000000000000001111,0,0
744,4,TypeC,29800,000001111110000000000000111111000000000000000000000000000000000000011111100000000000011111100000000000000000000000000000000000000000000000000000000000000000000000001111,0,0
745,0,TypeA,51200,000000001111111110000000000000000000000000000000000000111111111000000000000000000000000000000000000000001111111110000000000000000000011111111110000000000000001111111111,1,0
746,1,TypeB,39100,000000001111111000000000111111110000000000000000111111100000000000000000000000000000000000000000000000000000011111111000000000000000011111110000000000000000000000000000,1,0
747,2,TypeB,39100,000000001111111000000000111111110000000000000000111111100000000000000000000000000000000000000000000000000000011111111000000000000000011111110000000000000000000000000000,1,0
748,3,TypeC,29100,000000000000000000000000111111000000000000000000000000000000011111000000000000111111000000000011111100000000000000000000000000000000000000000000000000000000000000001111,1,0
749,4,TypeC,29100,000000000000000000000000111111000000000000000000000000000000011111000000000000111111000000000011111100000000000000000000000000000000000000000000000000000000000000001111,1,0
750,0,TypeA,56900,011111111100000000000000000011111111110000000000000000111111111000000000000000000000000000000000000000000000000000001111111110000000000000000000011111111110000000000000,1,0
751,1,TypeB,39200,000000001111111000000000000000011111110000000000111111100000000000000000000000000000000000000000000000000000000000000000000000000000011111110000000001111111000000000000,1,0
752,2,TypeB,39200,000000001111111000000000000000011111110000000000111111100000000000000000000000000000000000000000000000000000000000000000000000000000011111110000000001111111000000000000,1,0
753,3,TypeC,30700,000000000000000000000000000000000001110000000000000000000000011111000000000000000000011111100000000000001111110000000000000000000000000000000000000000011111000000000000,1,0
754,4,TypeC,30700,000000000000000000000000000000000001110000000000000000000000011111000000000000000000011111100000000000001111110000000000000000000000000000000000000000011111000000000000,1,0
755,0,TypeA,54800,000001111111111000000000000111111111000000000000000000111111111000000000000000000000000000000000000000000000000000001111111110000000000000000000000001111111111000000000,1,0
756,1,TypeB,41100,000000000000000000000111111110000000000000000000000000111111110000000001111111100000000000000000000000111111110000000000000000000000000000000000000001111111000000000000,0,0
757,2,TypeB,41100,000000000000000000000111111110000000000000000000000000111111110000000001111111100000000000000000000000111111110000000000000000000000000000000000000001111111000000000000,0,0
758,3,TypeC,30100,000000000000000000000000000000000001110000000000000000000000000000011111100000000000000000000000000000001111110000000000000000000001111000000000000000001111110000000000,1,0
759,4,TypeC,30100,000000000000000000000000000000000001110000000000000000000000000000011111100000000000000000000000000000001111110000000000000000000001111000000000000000001111110000000000,1,0
760,0,TypeA,56000,000000000001111111111000000000000000000000000000000000111111111000000000000000000000000000111111111000000000000000001111111110000000000000000000011111111110000000000000,0,0
761,1,TypeB,42400,011111111000000000000000000000000000011111110000000000000000000000000000000000000000000000000000000000000000000000001111111000000000011111110000000000011111111000000000,1,0
762,2,TypeB,42400,011111111000000000000000000000000000011111110000000000000000000000000000000000000000000000000000000000000000000000001111111000000000011111110000000000011111111000000000,1,0
763,3,TypeC,30100,000000000000000000000000000000000001110000000000000000000000000000011111100000000000011111100000000000000011111000000000000000000000000000000000000000000011111000000000,1,0
764,4,TypeC,30100,000000000000000000000000000000000001110000000000000000000000000000011111100000000000011111100000000000000011111000000000000000000000000000000000000000000011111000000000,1,0
765,0,TypeA,56400,000000000000000000000000000011111111110000000000000000111111111000000000000000111111111100000000000000000000000000001111111110000000000000000000011111111110000000000000,1,0
766,1,TypeB,40000,000000000000001111111100000000000000011111110000000000000000000000000001111111100000000000000000000000000000000000001111111000000000000000011111110000000000000000000000,1,0
767,2,TypeB,40000,000000000000001111111100000000000000011111110000000000000000000000000001111111100000000000000000000000000000000000001111111000000000000000011111110000000000000000000000,1,0
768,3,TypeC,28000,000000000000000000001111100000000001110000000000000000000000000000011111100000000000011111100000000000000000000000000000000000000000000000000000000000011111000000000000,1,0
769,4,TypeC,28000,000000000000000000001111100000000001110000000000000000000000000000011111100000000000011111100000000000000000000000000000000000000000000000000000000000011111000000000000,1,0
770,0,TypeA,56700,011111111110000000000000000000000000000000000000000000111111111000000000000000000000000011111111110000000000000000001111111110000000000000000000000000011111111110000000,1,0
771,1,TypeB,40000,000000000000011111111000000000000000011111110000000000111111110000000000000000000000000000000000000000000000000000001111111000000000000000011111110000000000000000000000,0,0
772,2,TypeB,40000,000000000000011111111000000000000000011111110000000000111111110000000000000000000000000000000000000000000000000000001111111000000000000000011111110000000000000000000000,0,0
773,3,TypeC,29900,000000000000000011111100000000000001110000000000000000000000000000011111100000000000011111100000000000000000000000000000000000000000000000000000000000000011111000000000,0,0
774,4,TypeC,29900,000000000000000011111100000000000001110000000000000000000000000000011111100000000000011111100000000000000000000000000000000000000000000000000000000000000011111000000000,0,0
775,0,TypeA,57300,011111111110000000000000000000000000000000000000000000111111111000000000000000000000000000111111111100000000000000001111111110000000000000000000000000011111111110000000,1,0
776,1,TypeB,42400,000000000000001111111100000000000000011111110000000000000000000000000000000000000000000000000000000000000000000000001111111000000000011111110000000000011111111000000000,1,0
777,2,TypeB,42400,000000000000001111111100000000000000011111110000000000000000000000000000000000000000000000000000000000000000000000001111111000000000011111110000000000011111111000000000,1,0
778,3,TypeC,28900,000000000000000000000000000000000001110000000000000000000000011111000000000000111111000000000000000111111000000000000000000000000000000000000000000000011111000000000000,1,0
779,4,TypeC,28900,000000000000000000000000000000000001110000000000000000000000011111000000000000111111000000000000000111111000000000000000000000000000000000000000000000011111000000000000,1,0
780,0,TypeA,52700,000000111111111000000000000000000001111111110000000000000000011111111110000000000000000000000000000000000000000000001111111110000000000000000000000000011111111110000000,1,0
781,1,TypeB,39000,000000111111110000000000000000011111110000000000111111100000000000000000000000000000000000000000000000000000000000001111111000000000000000011111110000000000000000000000,0,0
782,2,TypeB,39000,000000111111110000000000000000011111110000000000111111100000000000000000000000000000000000000000000000000000000000001111111000000000000000011111110000000000000000000000,0,0
783,3,TypeC,33400,000000000000011111100000000000000000000000000000000000000000000000011111100000000001111110000000000000000011111000000000000000000000000000000000000000011111000000000000,1,0
784,4,TypeC,33400,000000000000011111100000000000000000000000000000000000000000000000011111100000000001111110000000000000000011111000000000000000000000000000000000000000011111000000000000,1,0
785,0,TypeA,55500,011111111110000000000000000000000001111111110000000000000000001111111111000000000000000000000000000000000000000000001111111110000000000000000000000000011111111110000000,1,0
786,1,TypeB,38000,000000001111111000000000000000011111110000000000111111100000000000000000000000000000000000000000000000000000000000001111111000000000000000011111110000000000000000000000,1,0
787,2,TypeB,38000,000000001111111000000000000000011111110000000000111111100000000000000000000000000000000000000000000000000000000000001111111000000000000000011111110000000000000000000000,1,0
788,3,TypeC,30500,000000000000000000000000000000000001110000000000000000000000000000011111100000000000011111100000000000001111110000000000000000000000000000000000000000011111000000000000,1,0
789,4,TypeC,30500,000000000000000000000000000000000001110000000000000000000000000000011111100000000000011111100000000000001111110000000000000000000000000000000000000000011111000000000000,1,0
790,0,TypeA,56400,011111111110000000000000000000000000000000000000000000111111111000000000000000000000011111111110000000000000000000001111111110000000000000000000000001111111111000000000,1,0
791,1,TypeB,40000,000000000000001111111100000000000000011111110000000000111111110000000000000000000000000000000000000000000000000000001111111000000000000000011111110000000000000000000000,0,0
792,2,TypeB,40000,000000000000001111111100000000000000011111110000000000111111110000000000000000000000000000000000000000000000000000001111111000000000000000011111110000000000000000000000,0,0
793,3,TypeC,30500,000000000000001111110000000000000001110000000000000000000000011111000000000000000000000000000011111100000000000000000000000000000000000000000000000000001111110000000000,1,0
794,4,TypeC,30500,000000000000001111110000000000000001110000000000000000000000011111000000000000000000000000000011111100000000000000000000000000000000000000000000000000001111110000000000,1,0
795,0,TypeA,54000,000001111111111000000000000000000001111111110000000000000000011111111110000000000000000000000000000000000000000000001111111110000000000000000000000000011111111110000000,1,0
796,1,TypeB,40000,000000000000000001111111100000000000011111110000000000000000000000000000000000000000000000000000000111111110000000001111111000000000000000011111110000000000000000000000,0,0
797,2,TypeB,40000,000000000000000001111111100000000000011111110000000000000000000000000000000000000000000000000000000111111110000000001111111000000000000000011111110000000000000000000000,0,0
798,3,TypeC,27500,000000000000000000000000111111000000000000000000000000000000000000011111100000000000000000000000000000000011111000000000000000000000000000000000011111000000000000001111,1,0
799,4,TypeC,27500,000000000000000000000000111111000000000000000000000000000000000000011111100000000000000000000000000000000011111000000000000000000000000000000000011111000000000000001111,1,0
800,0,TypeA,57600,011111111110000000000000000000000000000000000000000000111111111000000000000000000000000000000001111111111000000000001111111110000000000000000000000000011111111110000000,1,0
801,1,TypeB,42500,000000000000001111111100000000000000011111110000000000000000000000000000000000000000000000000000000000111111110000000000000000011111111000000000000001111111000000000000,1,0
802,2,TypeB,42500,000000000000001111111100000000000000011111110000000000000000000000000000000000000000000000000000000000111111110000000000000000011111111000000000000001111111000000000000,1,0
803,3,TypeC,27500,000000000000000000000000111111000000000000000000000000000000001111110000000000000000000000000000000000111110000000000000000000000000000000000000011111000000000000001111,1,0
804,4,TypeC,27500,000000000000000000000000111111000000000000000000000000000000001111110000000000000000000000000000000000111110000000000000000000000000000000000000011111000000000000001111,1,0
805,0,TypeA,56700,011111111110000000000000000011111111110000000000000000111111111000000000000000000000000000000000000000000000000000001111111110000000000000000000000001111111111000000000,1,0
806,1,TypeB,40000,000000000000001111111100000000000000011111110000000000000000000000000000000000000000000000000000000111111110000000001111111000000000000000011111110000000000000000000000,1,0
807,2,TypeB,40000,000000000000001111111100000000000000011111110000000000000000000000000000000000000000000000000000000111111110000000001111111000000000000000011111110000000000000000000000,1,0
808,3,TypeC,26600,000000000000000000000000111111000000000000000000000000000000000000011111100000000000000000000000000000111110000000000000000000000000000000000000011111000000000000001111,1,0
809,4,TypeC,26600,000000000000000000000000111111000000000000000000000000000000000000011111100000000000000000000000000000111110000000000000000000000000000000000000011111000000000000001111,1,0
810,0,TypeA,52800,000000001111111110000000000000000000000000000000000000111111111000000000000000111111111100000000000000000000001111111111000000000000011111111110000000000000000000000000,1,0
811,1,TypeB,40000,000000000000001111111100000000011111110000000000111111110000000000000000000000000000000000000000000000000000000000001111111000000000000000011111110000000000000000000000,1,0
812,2,TypeB,40000,000000000000001111111100000000011111110000000000111111110000000000000000000000000000000000000000000000000000000000001111111000000000000000011111110000000000000000000000,1,0
813,3,TypeC,31300,000000000000001111110000000000000000000000000000000000000000000000011111100000000001111110000000000000111110000000000000000000000000000000000000011111000000000000000000,1,0
814,4,TypeC,31300,000000000000001111110000000000000000000000000000000000000000000000011111100000000001111110000000000000111110000000000000000000000000000000000000011111000000000000000000,1,0
815,0,TypeA,56200,000000000000000000111111111100000000000000000000000000111111111000000000000000111111111100000000000000000000001111111111000000000000011111111110000000000000000000000000,1,0
816,1,TypeB,40100,000000000000001111111100000000000000011111110000000000000000000000000000000000111111110000000000000000000000000011111111000000000000000000000000000001111111000000000000,1,0
817,2,TypeB,40100,000000000000001111111100000000000000011111110000000000000000000000000000000000111111110000000000000000000000000011111111000000000000000000000000000001111111000000000000,1,0
818,3,TypeC,29700,000000000000000000000000111111000000000000000000000000000000011111000000000000111111000000000000000000111110000000000000000000000000000000000000011111000000000000000000,1,0
819,4,TypeC,29700,000000000000000000000000111111000000000000000000000000000000011111000000000000111111000000000000000000111110000000000000000000000000000000000000011111000000000000000000,1,0
820,0,TypeA,50500,000000000000000000000000000000000001111111110000000000000001111111110000000000000000000000000000001111111110000000000000000011111111110000000000000000001111111110000000,1,0
821,1,TypeB,41200,000000000000001111111100000000000000000000000000111111100000000000000000000000000000000000000000000000111111110000000000000000000000011111110000000001111111000000000000,1,0
822,2,TypeB,41200,000000000000001111111100000000000000000000000000111111100000000000000000000000000000000000000000000000111111110000000000000000000000011111110000000001111111000000000000,1,0
823,3,TypeC,29900,011100000000000000011111100000000001111100000000000000000000000000000000000000111111000000000000000000000000000000000000000000000000000000000000000000001111110000000000,1,0
824,4,TypeC,29900,011100000000000000011111100000000001111100000000000000000000000000000000000000111111000000000000000000000000000000000000000000000000000000000000000000001111110000000000,1,0
825,0,TypeA,53400,000000000000000000000000000000000001111111110000000000000000011111111110000000000000000000000000001111111110000000000000000000000000011111111110000000000001111111111000,1,0
826,1,TypeB,42200,000000000000001111111100000000000000011111110000000000000000000000000000000000000000000000000000000000111111110000000001111111100000000000000000000001111111000000000000,1,0
827,2,TypeB,42200,000000000000001111111100000000000000011111110000000000000000000000000000000000000000000000000000000000111111110000000001111111100000000000000000000001111111000000000000,1,0
828,3,TypeC,32200,000000000000000000011111100000000001111100000000000000000000000000011111000000000000011111100000000000000000000000000000000000000000000000000000000000001111110000000000,0,0
829,4,TypeC,32200,000000000000000000011111100000000001111100000000000000000000000000011111000000000000011111100000000000000000000000000000000000000000000000000000000000001111110000000000,0,0
830,0,TypeA,52600,000000000000000000000000000000011111111100000000000000111111111000000000000000000000000011111111110000000000000000001111111110000000000000000000000000001111111110000000,1,0
831,1,TypeB,41400,011111111000000000000000111111110000000000000000111111100000000000000000000000000000000000000000000000111111110000000000000000000000000000000000011111111000000000000000,1,0
832,2,TypeB,41400,011111111000000000000000111111110000000000000000111111100000000000000000000000000000000000000000000000111111110000000000000000000000000000000000011111111000000000000000,1,0
833,3,TypeC,32100,011111000000000000000000000000000001111100000000000000000000011111000000000000111111000000000000000000000000000000000000000000000000000000000000000000001111110000000000,1,0
834,4,TypeC,32100,011111000000000000000000000000000001111100000000000000000000011111000000000000111111000000000000000000000000000000000000000000000000000000000000000000001111110000000000,1,0
835,0,TypeA,50800,000000111111111000000000000001111111110000000000000000111111111000000000000000000000000000000000000000000000000000000000000011111111110000000000000000001111111110000000,1,0
836,1,TypeB,41200,000000000000000000000000000000000000011111110000000000000000000001111111100000000000000000000000000000111111110000000000000000000000011111110000000001111111000000000000,1,0
837,2,TypeB,41200,000000000000000000000000000000000000011111110000000000000000000001111111100000000000000000000000000000111111110000000000000000000000011111110000000001111111000000000000,1,0
838,3,TypeC,31400,000000000000000000000000000000000001111100000000000000000000011111000000000000000000011111100000000000000000000000001111000000000000000000000000000000001111110000000000,1,0
839,4,TypeC,31400,000000000000000000000000000000000001111100000000000000000000011111000000000000000000011111100000000000000000000000001111000000000000000000000000000000001111110000000000,1,0
840,0,TypeA,52500,000000000000000000000000000000011111111100000000000011111111110000000000000000111111111100000000000000001111111110000000000000000000011111111110000000000000000000000000,1,0
841,1,TypeB,41200,011111111000000000000000000000000000011111110000000000000000000000000000000000000000000000000000000000111111110000000000000000000000011111110000000001111111000000000000,1,0
842,2,TypeB,41200,011111111000000000000000000000000000011111110000000000000000000000000000000000000000000000000000000000111111110000000000000000000000011111110000000001111111000000000000,1,0
843,3,TypeC,32800,011111100000000000000000000000000001111100000000000000000000000000011111000000000001111110000000000000001111110000000000000000000000000000000000000000000000000000000000,0,0
844,4,TypeC,32800,011111100000000000000000000000000001111100000000000000000000000000011111000000000001111110000000000000001111110000000000000000000000000000000000000000000000000000000000,0,0
845,0,TypeA,51500,000000000000000000000000000000011111111100000000000000111111111000000000000000111111111100000000000000111111111000000000000000000000011111111110000000000000000000000000,1,0
846,1,TypeB,41400,000000000000001111111100000000000000011111110000000000000000000000000000000000111111110000000000000000111111110000000000000000000000000000000000011111111000000000000000,1,0
847,2,TypeB,41400,000000000000001111111100000000000000011111110000000000000000000000000000000000111111110000000000000000111111110000000000000000000000000000000000011111111000000000000000,1,0
848,3,TypeC,33100,000000000000000000011111100000000001111100000000000000000000011111000000000000111111000000000000000000001111110000000000000000000000000000000000000000000000000000000000,1,0
849,4,TypeC,33100,000000000000000000011111100000000001111100000000000000000000011111000000000000111111000000000000000000001111110000000000000000000000000000000000000000000000000000000000,1,0
850,0,TypeA,51400,000000000000000000000000000000011111111100000000000000111111111000000000000000111111111100000000000000000000000000001111111110000000000000000000000000001111111110000000,1,0
851,1,TypeB,41200,000000000000001111111100000000000000011111110000000000000000000000000000000000000000000000000000000000111111110000000000000000000000011111110000000001111111000000000000,1,0
852,2,TypeB,41200,000000000000001111111100000000000000011111110000000000000000000000000000000000000000000000000000000000111111110000000000000000000000011111110000000001111111000000000000,1,1
853,3,TypeC,30200,000000000000000000000000000000000001111100000000000011100000000000011111100000000000011111100000000000001111110000000000000000000000000000000000000000000000000000000000,1,0
854,4,TypeC,30200,000000000000000000000000000000000001111100000000000011100000000000011111100000000000011111100000000000001111110000000000000000000000000000000000000000000000000000000000,1,0
855,0,TypeA,53300,000000000000000000000000000011111111110000000000000000000000000000000011111111100000000000000000000000001111111110000000000011111111110000000000000000001111111110000000,1,0
856,1,TypeB,39000,000000000000000000000000000000011111110000000000111111100000000000000000000000000000000011111111000000000000000000001111111000000000011111110000000000000000000000000000,1,0
857,2,TypeB,39000,000000000000000000000000000000011111110000000000111111100000000000000000000000000000000011111111000000000000000000001111111000000000011111110000000000000000000000000000,1,0
858,3,TypeC,27500,000000000000000000000000000000000001111100000000000000000000011111000000000000111111000000000000000000000000000000000000000000000000011100000000000000000000000000001111,1,0
859,4,TypeC,27500,000000000000000000000000000000000001111100000000000000000000011111000000000000111111000000000000000000000000000000000000000000000000011100000000000000000000000000001111,1,0
860,0,TypeA,52500,000000000111111111100000000000000000000000000000000000000001111111110000000000000000000000000000011111111110000000000000000011111111110000000000000000001111111110000000,1,0
861,1,TypeB,42400,000000000000001111111100000000000000000000000000111111100000000000000000000000000000000000000000000000000000000000001111111000000000011111110000000000000000000011111111,1,0
862,2,TypeB,42400,000000000000001111111100000000000000000000000000111111100000000000000000000000000000000000000000000000000000000000001111111000000000011111110000000000000000000011111111,1,0
863,3,TypeC,30600,000000000000000000000000000000000001111100000000000000000001111000000000000000111111000000000011111100000000000000000001111110000000000000000000000000000000000000000000,1,0
864,4,TypeC,30600,000000000000000000000000000000000001111100000000000000000001111000000000000000111111000000000011111100000000000000000001111110000000000000000000000000000000000000000000,1,0
865,0,TypeA,50800,000000000000000000000000000000000001111111110000000000000000000000000011111111100000000000000000000000001111111110000000000000000000011111111100000000000001111111111000,1,0
866,1,TypeB,42400,000000000000001111111100000000000000011111110000000000000000000000000000000000000000000000000000000000000000000000001111111000000000011111110000000000000000000011111111,1,0
867,2,TypeB,42400,000000000000001111111100000000000000011111110000000000000000000000000000000000000000000000000000000000000000000000001111111000000000011111110000000000000000000011111111,1,0
868,3,TypeC,32200,000000000000000000000000000000000001111100000000000000000000000000011111000000000000011111100000000000001111110000000000001111110000000000000000000000000000000000000000,0,0
869,4,TypeC,32200,000000000000000000000000000000000001111100000000000000000000000000011111000000000000011111100000000000001111110000000000001111110000000000000000000000000000000000000000,0,0
870,0,TypeA,51100,000000000000000000000000000000000001111111110000000000000000000000000011111111100000000000000000000000001111111110000000000011111111110000000000000000001111111110000000,1,0
871,1,TypeB,40400,000000001111111000000000111111110000000000000000111111100000000000000000000000000000000000000000000000111111110000000000000000000000000000000000000000000000000011111111,1,0
872,2,TypeB,40400,000000001111111000000000111111110000000000000000111111100000000000000000000000000000000000000000000000111111110000000000000000000000000000000000000000000000000011111111,1,0
873,3,TypeC,30900,000000000000000000000000000000000001111100000000000000000000000000000000000000111111000000000000000000001111110000000000001111110000000000000000000000000000000000001111,1,0
874,4,TypeC,30900,000000000000000000000000000000000001111100000000000000000000000000000000000000111111000000000000000000001111110000000000001111110000000000000000000000000000000000001111,1,0
875,0,TypeA,52100,000000001111111111000000000000000000000000000000000000000000000000000011111111100000000000000000000000001111111110000000000011111111110000000000000000001111111110000000,1,0
876,1,TypeB,40000,000000000000000000000111111110000000000000000000000000000000011111110000000000111111110000000000000000000000000000001111111000000000000000000000000001111111000000000000,1,0
877,2,TypeB,40000,000000000000000000000111111110000000000000000000000000000000011111110000000000111111110000000000000000000000000000001111111000000000000000000000000001111111000000000000,1,0
878,3,TypeC,33500,000000000000000000000000000000000001111100000000000000000000000000011111100000000000011111100000000000000000000000000001111110000000000000000000000000000001111110000000,1,0
879,4,TypeC,33500,000000000000000000000000000000000001111100000000000000000000000000011111100000000000011111100000000000000000000000000001111110000000000000000000000000000001111110000000,1,0
880,0,TypeA,50800,011111111100000000000000000000000000000000000000000000000001111111110000000000000000000000000000000000001111111110000000000011111111110000000000000000001111111110000000,1,0
881,1,TypeB,39100,000000000000000000000000000000011111110000000000111111100000000000000000000000111111110000000000000000111111110000000000000000000000000000000000000001111111000000000000,1,0
882,2,TypeB,39100,000000000000000000000000000000011111110000000000111111100000000000000000000000111111110000000000000000111111110000000000000000000000000000000000000001111111000000000000,1,0
883,3,TypeC,29700,000000000000000000000000000000000001111100000000000000000000000000011111100000000000011111100000000000000000000000000001111110000000000000000000000000000000000000001111,1,0
884,4,TypeC,29700,000000000000000000000000000000000001111100000000000000000000000000011111100000000000011111100000000000000000000000000001111110000000000000000000000000000000000000001111,1,0
885,0,TypeA,51400,011111111100000000000000000000000001111111110000000000000000001111111111000000000000000000000000000000001111111110000000000000000000011111111100000000000000000000000000,1,0
886,1,TypeB,41400,000000000000000001111111100000000000000000000000111111100000000000000000000000111111110000000000000000111111110000000000000000000000000000000000000000000000000011111111,0,0
887,2,TypeB,41400,000000000000000001111111100000000000000000000000111111100000000000000000000000111111110000000000000000111111110000000000000000000000000000000000000000000000000011111111,0,0
888,3,TypeC,34700,000000000000000000000000000000000001111100000000000000000000000000011111100000000000011111100000000000001111110000000000000000000000000000000000000000001111110000000000,1,0
889,4,TypeC,34700,000000000000000000000000000000000001111100000000000000000000000000011111100000000000011111100000000000001111110000000000000000000000000000000000000000001111110000000000,1,0
890,0,TypeA,54500,000001111111111000000000000000000001111111110000000000000000000000000011111111100000000000000000001111111110000000000000000000000000011111111110000000000000000000000000,1,0
891,1,TypeB,39100,000000000000000000000000000000000000000000000000111111100000000001111111100000000000000011111111000000000011111110000000000000000000011111110000000000000000000000000000,0,0
892,2,TypeB,39100,000000000000000000000000000000000000000000000000111111100000000001111111100000000000000011111111000000000011111110000000000000000000011111110000000000000000000000000000,0,0
893,3,TypeC,32200,000000000000000000000000000000000001111100000000000000000000000000011111100000000000011111100000000000000011111000000000001111110000000000000000000000000000000000000000,1,0
894,4,TypeC,32200,000000000000000000000000000000000001111100000000000000000000000000011111100000000000011111100000000000000011111000000000001111110000000000000000000000000000000000000000,1,0
895,0,TypeA,51200,000000111111111000000000000000000000000000000000000000111111111000000000000000111111111100000000000000001111111110000000000000000000011111111110000000000000000000000000,1,0
896,1,TypeB,38000,000000000000001111111100000000011111110000000000111111110000000000000000111111100000000011111111000000000000000000000000000000000000000000000000000000000000000000000000,1,0
897,2,TypeB,38000,000000000000001111111100000000011111110000000000111111110000000000000000111111100000000011111111000000000000000000000000000000000000000000000000000000000000000000000000,1,0
898,3,TypeC,32100,000000000011111000000000000000000001111100000000000000000000011111000000000000111111000000000000000000000000000000000000001111110000000000000000000000000000000000000000,1,0
899,4,TypeC,32100,000000000011111000000000000000000001111100000000000000000000011111000000000000111111000000000000000000000000000000000000001111110000000000000000000000000000000000000000,1,0
900,0,TypeA,52500,000001111111111000000000000000000000000000000000000000111111111000000000000000111111111100000000000000001111111110000000000000000000011111111110000000000000000000000000,1,0
901,1,TypeB,43400,000000000000000000000000000000000000000000000000000000000000000000000000000000111111110000000000000111111110000000001111111000000000000000011111110000000000000011111111,1,0
902,2,TypeB,43400,000000000000000000000000000000000000000000000000000000000000000000000000000000111111110000000000000111111110000000001111111000000000000000011111110000000000000011111111,1,0
903,3,TypeC,30600,000000000000000000000000000000000001111100000000000000000000011111000000000000111111000000000000000000000000000000000000001111110000000000000000011111000000000000000000,1,0
904,4,TypeC,30600,000000000000000000000000000000000001111100000000000000000000011111000000000000111111000000000000000000000000000000000000001111110000000000000000011111000000000000000000,1,0
905,0,TypeA,53000,011111111100000000000000000000000000000000000000000011111111110000000000000000000000000000000000000000001111111110000000000011111111110000000000000000001111111110000000,1,0
906,1,TypeB,40100,000000000000000000000000000000000000011111110000000000000000011111110000000000000001111111100000000000111111110000000001111111100000000000000000000000000000000000000000,1,0
907,2,TypeB,40100,000000000000000000000000000000000000011111110000000000000000011111110000000000000001111111100000000000111111110000000001111111100000000000000000000000000000000000000000,1,0
908,3,TypeC,30400,000000000000000000000000000000000001111100000000000011111000000000000000000000111111000000000000000111111000000000000000001111110000000000000000000000000000000000000000,1,0
909,4,TypeC,30400,000000000000000000000000000000000001111100000000000011111000000000000000000000111111000000000000000111111000000000000000001111110000000000000000000000000000000000000000,1,0
910,0,TypeA,53700,011111111110000000000000000000000000000000000000000000111111111000000000000000111111111100000000000000001111111110000000000000000000011111111110000000000000000000000000,1,0
911,1,TypeB,43200,000000000000000000000000111111110000000000000000000000000000000001111111100000000000000011111111000000000000000000000001111111100000000000000000000001111111000000000000,1,0
912,2,TypeB,43200,000000000000000000000000111111110000000000000000000000000000000001111111100000000000000011111111000000000000000000000001111111100000000000000000000001111111000000000000,1,0
913,3,TypeC,32300,000000000000000000000000000000000001111100000000000000000000001111110000000000111111000000000011111100000000000000000000001111110000000000000000000000000000000000000000,1,0
914,4,TypeC,32300,000000000000000000000000000000000001111100000000000000000000001111110000000000111111000000000011111100000000000000000000001111110000000000000000000000000000000000000000,1,0
915,0,TypeA,50900,000000111111111000000000000000000000000000000000000000111111111000000000000000000000000000000000000000001111111110000000000000000000011111111110000000000001111111111000,1,0
916,1,TypeB,42500,000000000000000000000000000000000000000000000000000000000000011111110000000000000001111111100000000000111111110000000000000000000000000000011111110000000000000011111111,1,0
917,2,TypeB,42500,000000000000000000000000000000000000000000000000000000000000011111110000000000000001111111100000000000111111110000000000000000000000000000011111110000000000000011111111,1,0
918,3,TypeC,29100,000000000000000000000000000000000000011111000000000000000000000000000000000000111111000000000011111100000000000000000000001111110000000000000000000000000000000000001111,1,0
919,4,TypeC,29100,000000000000000000000000000000000000011111000000000000000000000000000000000000111111000000000011111100000000000000000000001111110000000000000000000000000000000000001111,1,0
920,0,TypeA,52500,000001111111111000000000000000000001111111110000000000000000001111111111000000000000000000000000000000001111111110000000000000000000011111111110000000000000000000000000,1,0
921,1,TypeB,42100,000000000000000000000000000000000000000000000000111111110000000001111111100000000001111111100000000000111111110000000001111111100000000000000000000000000000000000000000,1,0
922,2,TypeB,42100,000000000000000000000000000000000000000000000000111111110000000001111111100000000001111111100000000000111111110000000001111111100000000000000000000000000000000000000000,1,0
923,3,TypeC,34100,000000000000000000000000000000000001111100000000000000000000000000011111100000000001111110000000000000000000000000000000001111110000000000000000000000000001111110000000,1,0
924,4,TypeC,34100,000000000000000000000000000000000001111100000000000000000000000000011111100000000001111110000000000000000000000000000000001111110000000000000000000000000001111110000000,1,0
925,0,TypeA,51200,000001111111111000000000000000000000000000000000000000111111111000000000000000000000000000000000000000001111111110000000000011111111110000000000000000001111111110000000,1,0
926,1,TypeB,42200,000000000000000000000000000000000000000000000000000000000000011111110000000000000001111111100000000000111111110000000001111111100000000000000000000000000011111110000000,1,0
927,2,TypeB,42200,000000000000000000000000000000000000000000000000000000000000011111110000000000000001111111100000000000111111110000000001111111100000000000000000000000000011111110000000,1,0
928,3,TypeC,31300,000000000000000000000000000000000001111100000000000011111000000000011111100000000001111110000000000000000000000000000000001111110000000000000000000000000000000000000000,1,0
929,4,TypeC,31300,000000000000000000000000000000000001111100000000000011111000000000011111100000000001111110000000000000000000000000000000001111110000000000000000000000000000000000000000,1,0
930,0,TypeA,51700,000000111111111000000000000000000000000000000000000000111111111000000000000000000000000000000000001111111110000000000000000011111111110000000000000000001111111110000000,1,0
931,1,TypeB,44500,000000000000000000000000000000000000000000000000000000000000000001111111100000000001111111100000000000111111110000000001111111100000000000000000000000000000000011111111,1,0
932,2,TypeB,44500,000000000000000000000000000000000000000000000000000000000000000001111111100000000001111111100000000000111111110000000001111111100000000000000000000000000000000011111111,1,0
933,3,TypeC,29400,000000000000000000000000000000000001111100000000000000000000000000000000000000111111000000000011111100000000000000000000001111110000000000000000000000000000000000001111,1,0
934,4,TypeC,29400,000000000000000000000000000000000001111100000000000000000000000000000000000000111111000000000011111100000000000000000000001111110000000000000000000000000000000000001111,1,0
935,0,TypeA,54000,011111111110000000000000000000000000000000000000000011111111110000000000000000000000000000000000000000001111111110000000000011111111110000000000000000001111111110000000,1,0
936,3,TypeC,29000,000000000000000000000000000000000000011111000000000000000000011100000000000000111111000000000011111100000000000000000000001111110000000000000000000000000000000000000000,1,0
937,4,TypeC,29000,000000000000000000000000000000000000011111000000000000000000011100000000000000111111000000000011111100000000000000000000001111110000000000000000000000000000000000000000,1,0
938,0,TypeA,52700,011111111100000000000000000000000001111111110000000000000000001111111111000000000000000000000000000000001111111110000000000000000000011111111110000000000000000000000000,1,0
939,1,TypeB,40000,000000000000000000000000000000000000000000000000000000000000011111110000000000111111110000000000000111111110000000001111111000000000011111110000000000000000000000000000,1,0
940,2,TypeB,40000,000000000000000000000000000000000000000000000000000000000000011111110000000000111111110000000000000111111110000000001111111000000000011111110000000000000000000000000000,1,0
941,3,TypeC,31000,000000000000000000001111100000000000011111000000000000000000000000011111100000000001111110000000000000000000000000000000001111110000000000000000000000000000000000000000,1,0
942,4,TypeC,31000,000000000000000000001111100000000000011111000000000000000000000000011111100000000001111110000000000000000000000000000000001111110000000000000000000000000000000000000000,1,0
943,0,TypeA,56200,011111111110000000000000000000000000000000000000000000111111111000000000000000000000000011111111110000000000000000000000000000000000011111111110000000000001111111111000,1,0
944,1,TypeB,42400,000000000000000000000000000000000000000000000000000000000000011111110000000000000000000011111111000000000000000000001111111000000000000000011111110000000000000011111111,1,0
945,2,TypeB,42400,000000000000000000000000000000000000000000000000000000000000011111110000000000000000000011111111000000000000000000001111111000000000000000011111110000000000000011111111,1,0
946,3,TypeC,30300,000000000000000000000000000000000001111100000000000000000000000000011111100000000001111110000000000000000000000000000000001111110000000000000000000000000000000000001111,1,0
947,4,TypeC,30300,000000000000000000000000000000000001111100000000000000000000000000011111100000000001111110000000000000000000000000000000001111110000000000000000000000000000000000001111,1,0
948,0,TypeA,53400,011111111110000000000000000000000000000000000000000000111111111000000000000000000000000000000000000000001111111110000000000000000000011111111110000000000001111111111000,1,0
949,1,TypeB,45600,000000000000000000000000000000000000000000000000000000000000000000000000000000000001111111100000000000111111110000000001111111100000000000011111110000000000000011111111,1,0
950,2,TypeB,45600,000000000000000000000000000000000000000000000000000000000000000000000000000000000001111111100000000000111111110000000001111111100000000000011111110000000000000011111111,1,0
951,3,TypeC,29300,000000000000000000000000000000000001111100000000000000000000011100000000000000111111000000000011111100000000000000000000001111110000000000000000000000000000000000000000,1,0
952,4,TypeC,29300,000000000000000000000000000000000001111100000000000000000000011100000000000000111111000000000011111100000000000000000000001111110000000000000000000000000000000000000000,1,0
