==========================================================
 ANALYSIS REPORT: Week 18
==========================================================

1. Performance Metrics
----------------------
  Objective Value : 2,175,000.00
  RMP Relaxed Value (Root): 1,174,290.85
  Integrality Gap       : 85.2182 %
  Execution Time  : 92.9718 sec
  Iterations      : 236
  RMP Time  : 51.4877 s
  MIP Time  : 3.6267 s
  Pool Search Time: 0.0009 s
  Graph Search Time: 37.6692 s
  MIP Decision Variables: 860 (Columns used in Final MIP)
  MIP Filtered Columns  : 330 (Removed before MIP)

2. Column Generation & Pool Statistics
--------------------------------------
  Total Columns Generated (History) : 1190
  Pool Hits (Reused from History)   : 0
  Graph Gen (Newly Created)         : 1180
  Pool Hit Rate                     : 0.0%

3. Shift Pattern Diversity (Unique Patterns)
------------------------------------------
  Type: TypeA  | Unique Patterns:  237 / Total Gen:  237
       -> Avg Length of Unique Patterns: 45.9 hours
  Type: TypeB  | Unique Patterns:  237 / Total Gen:  474
       -> Avg Length of Unique Patterns: 34.0 hours
  Type: TypeC  | Unique Patterns:  237 / Total Gen:  474
       -> Avg Length of Unique Patterns: 23.0 hours

4. Final Schedule Assignment Breakdown
--------------------------------------
  Emp 0  (TypeA): 45 hours worked
  Emp 1  (TypeB): 36 hours worked
  Emp 2  (TypeB): 36 hours worked
  Emp 3  (TypeC): 23 hours worked
  Emp 4  (TypeC): 23 hours worked

5. Iteration History (Convergence Log)
--------------------------------------
Iter  | RMP Obj Value   | Pool Hits  | Graph Gen 
--------------------------------------------------
1     | 113,012,000.00  | 0          | 5         
2     | 50,134,600.00   | 0          | 5         
3     | 20,197,800.00   | 0          | 5         
4     | 11,183,900.00   | 0          | 5         
5     | 9,517,533.25    | 0          | 5         
6     | 6,183,300.00    | 0          | 5         
7     | 6,183,300.00    | 0          | 5         
8     | 5,848,305.55    | 0          | 5         
9     | 5,192,816.51    | 0          | 5         
10    | 5,016,766.67    | 0          | 5         
11    | 4,885,248.17    | 0          | 5         
12    | 4,723,157.02    | 0          | 5         
13    | 4,353,979.83    | 0          | 5         
14    | 4,213,545.17    | 0          | 5         
15    | 3,871,577.65    | 0          | 5         
16    | 3,606,611.27    | 0          | 5         
17    | 3,503,632.94    | 0          | 5         
18    | 3,279,464.90    | 0          | 5         
19    | 3,191,233.00    | 0          | 5         
20    | 3,013,723.71    | 0          | 5         
21    | 2,915,410.78    | 0          | 5         
22    | 2,737,836.29    | 0          | 5         
23    | 2,615,798.66    | 0          | 5         
24    | 2,490,362.03    | 0          | 5         
25    | 2,458,999.07    | 0          | 5         
26    | 2,400,904.10    | 0          | 5         
27    | 2,285,051.55    | 0          | 5         
28    | 2,220,706.13    | 0          | 5         
29    | 2,166,487.61    | 0          | 5         
30    | 2,126,798.69    | 0          | 5         
31    | 2,115,678.13    | 0          | 5         
32    | 2,041,126.74    | 0          | 5         
33    | 2,015,259.86    | 0          | 5         
34    | 1,983,644.72    | 0          | 5         
35    | 1,897,781.84    | 0          | 5         
36    | 1,839,295.53    | 0          | 5         
37    | 1,828,252.05    | 0          | 5         
38    | 1,766,236.19    | 0          | 5         
39    | 1,727,820.29    | 0          | 5         
40    | 1,695,742.24    | 0          | 5         
41    | 1,639,008.40    | 0          | 5         
42    | 1,556,526.23    | 0          | 5         
43    | 1,504,244.78    | 0          | 5         
44    | 1,437,355.84    | 0          | 5         
45    | 1,428,047.96    | 0          | 5         
46    | 1,398,921.80    | 0          | 5         
47    | 1,374,321.35    | 0          | 5         
48    | 1,339,431.73    | 0          | 5         
49    | 1,339,012.80    | 0          | 5         
50    | 1,330,743.01    | 0          | 5         
51    | 1,329,607.27    | 0          | 5         
52    | 1,317,084.67    | 0          | 5         
53    | 1,305,455.15    | 0          | 5         
54    | 1,303,802.97    | 0          | 5         
55    | 1,282,191.66    | 0          | 5         
56    | 1,253,801.50    | 0          | 5         
57    | 1,249,721.35    | 0          | 5         
58    | 1,241,275.90    | 0          | 5         
59    | 1,227,061.18    | 0          | 5         
60    | 1,217,564.42    | 0          | 5         
61    | 1,217,564.42    | 0          | 5         
62    | 1,217,564.42    | 0          | 5         
63    | 1,209,620.04    | 0          | 5         
64    | 1,208,375.52    | 0          | 5         
65    | 1,207,168.46    | 0          | 5         
66    | 1,207,168.46    | 0          | 5         
67    | 1,196,700.60    | 0          | 5         
68    | 1,192,405.73    | 0          | 5         
69    | 1,191,922.49    | 0          | 5         
70    | 1,190,545.13    | 0          | 5         
71    | 1,188,924.26    | 0          | 5         
72    | 1,188,090.12    | 0          | 5         
73    | 1,187,426.39    | 0          | 5         
74    | 1,186,904.21    | 0          | 5         
75    | 1,186,594.41    | 0          | 5         
76    | 1,186,188.31    | 0          | 5         
77    | 1,186,174.77    | 0          | 5         
78    | 1,185,511.10    | 0          | 5         
79    | 1,185,081.59    | 0          | 5         
80    | 1,184,932.89    | 0          | 5         
81    | 1,184,932.89    | 0          | 5         
82    | 1,184,932.89    | 0          | 5         
83    | 1,184,932.89    | 0          | 5         
84    | 1,184,932.89    | 0          | 5         
85    | 1,184,447.42    | 0          | 5         
86    | 1,184,447.42    | 0          | 5         
87    | 1,183,356.50    | 0          | 5         
88    | 1,183,356.50    | 0          | 5         
89    | 1,183,356.50    | 0          | 5         
90    | 1,183,065.77    | 0          | 5         
91    | 1,182,185.38    | 0          | 5         
92    | 1,181,811.13    | 0          | 5         
93    | 1,181,811.14    | 0          | 5         
94    | 1,181,811.14    | 0          | 5         
95    | 1,181,811.14    | 0          | 5         
96    | 1,181,811.13    | 0          | 5         
97    | 1,181,673.54    | 0          | 5         
98    | 1,181,673.54    | 0          | 5         
99    | 1,181,610.31    | 0          | 5         
100   | 1,181,610.31    | 0          | 5         
101   | 1,181,610.31    | 0          | 5         
102   | 1,181,610.31    | 0          | 5         
103   | 1,181,610.31    | 0          | 5         
104   | 1,181,610.31    | 0          | 5         
105   | 1,181,327.46    | 0          | 5         
106   | 1,181,327.46    | 0          | 5         
107   | 1,181,097.02    | 0          | 5         
108   | 1,181,058.30    | 0          | 5         
109   | 1,181,058.30    | 0          | 5         
110   | 1,181,058.30    | 0          | 5         
111   | 1,181,058.30    | 0          | 5         
112   | 1,179,873.59    | 0          | 5         
113   | 1,178,854.52    | 0          | 5         
114   | 1,178,086.28    | 0          | 5         
115   | 1,177,779.04    | 0          | 5         
116   | 1,177,539.47    | 0          | 5         
117   | 1,177,391.01    | 0          | 5         
118   | 1,177,087.41    | 0          | 5         
119   | 1,177,087.41    | 0          | 5         
120   | 1,177,087.41    | 0          | 5         
121   | 1,177,087.41    | 0          | 5         
122   | 1,177,077.33    | 0          | 5         
123   | 1,177,077.33    | 0          | 5         
124   | 1,177,077.33    | 0          | 5         
125   | 1,177,077.33    | 0          | 5         
126   | 1,177,077.33    | 0          | 5         
127   | 1,176,791.89    | 0          | 5         
128   | 1,176,791.89    | 0          | 5         
129   | 1,176,791.89    | 0          | 5         
130   | 1,176,791.89    | 0          | 5         
131   | 1,176,791.89    | 0          | 5         
132   | 1,176,791.89    | 0          | 5         
133   | 1,176,791.89    | 0          | 5         
134   | 1,176,791.89    | 0          | 5         
135   | 1,176,791.89    | 0          | 5         
136   | 1,176,791.89    | 0          | 5         
137   | 1,176,791.89    | 0          | 5         
138   | 1,176,791.89    | 0          | 5         
139   | 1,176,791.89    | 0          | 5         
140   | 1,176,791.89    | 0          | 5         
141   | 1,176,789.97    | 0          | 5         
142   | 1,176,725.77    | 0          | 5         
143   | 1,176,568.75    | 0          | 5         
144   | 1,176,568.75    | 0          | 5         
145   | 1,176,568.75    | 0          | 5         
146   | 1,176,568.75    | 0          | 5         
147   | 1,176,568.75    | 0          | 5         
148   | 1,176,509.09    | 0          | 5         
149   | 1,176,509.09    | 0          | 5         
150   | 1,176,509.09    | 0          | 5         
151   | 1,176,509.09    | 0          | 5         
152   | 1,176,509.09    | 0          | 5         
153   | 1,176,509.09    | 0          | 5         
154   | 1,176,509.09    | 0          | 5         
155   | 1,176,509.09    | 0          | 5         
156   | 1,176,195.09    | 0          | 5         
157   | 1,176,195.09    | 0          | 5         
158   | 1,175,922.46    | 0          | 5         
159   | 1,175,922.46    | 0          | 5         
160   | 1,175,922.46    | 0          | 5         
161   | 1,175,922.46    | 0          | 5         
162   | 1,175,922.46    | 0          | 5         
163   | 1,175,864.39    | 0          | 5         
164   | 1,175,864.39    | 0          | 5         
165   | 1,175,296.57    | 0          | 5         
166   | 1,175,296.57    | 0          | 5         
167   | 1,175,296.57    | 0          | 5         
168   | 1,175,269.59    | 0          | 5         
169   | 1,175,269.59    | 0          | 5         
170   | 1,175,269.59    | 0          | 5         
171   | 1,175,269.59    | 0          | 5         
172   | 1,175,269.59    | 0          | 5         
173   | 1,175,269.59    | 0          | 5         
174   | 1,175,214.33    | 0          | 5         
175   | 1,175,089.76    | 0          | 5         
176   | 1,175,089.76    | 0          | 5         
177   | 1,175,089.76    | 0          | 5         
178   | 1,175,089.76    | 0          | 5         
179   | 1,174,941.18    | 0          | 5         
180   | 1,174,941.18    | 0          | 5         
181   | 1,174,586.27    | 0          | 5         
182   | 1,174,586.27    | 0          | 5         
183   | 1,174,586.27    | 0          | 5         
184   | 1,174,586.27    | 0          | 5         
185   | 1,174,586.27    | 0          | 5         
186   | 1,174,586.27    | 0          | 5         
187   | 1,174,586.27    | 0          | 5         
188   | 1,174,586.27    | 0          | 5         
189   | 1,174,586.27    | 0          | 5         
190   | 1,174,586.27    | 0          | 5         
191   | 1,174,586.27    | 0          | 5         
192   | 1,174,586.27    | 0          | 5         
193   | 1,174,586.27    | 0          | 5         
194   | 1,174,586.27    | 0          | 5         
195   | 1,174,424.21    | 0          | 5         
196   | 1,174,424.21    | 0          | 5         
197   | 1,174,424.21    | 0          | 5         
198   | 1,174,424.21    | 0          | 5         
199   | 1,174,406.30    | 0          | 5         
200   | 1,174,406.30    | 0          | 5         
201   | 1,174,406.30    | 0          | 5         
202   | 1,174,406.30    | 0          | 5         
203   | 1,174,406.30    | 0          | 5         
204   | 1,174,406.30    | 0          | 5         
205   | 1,174,406.30    | 0          | 5         
206   | 1,174,406.30    | 0          | 5         
207   | 1,174,406.30    | 0          | 5         
208   | 1,174,406.30    | 0          | 5         
209   | 1,174,406.30    | 0          | 5         
210   | 1,174,406.30    | 0          | 5         
211   | 1,174,344.00    | 0          | 5         
212   | 1,174,344.00    | 0          | 5         
213   | 1,174,344.00    | 0          | 5         
214   | 1,174,344.00    | 0          | 5         
215   | 1,174,344.00    | 0          | 5         
216   | 1,174,344.00    | 0          | 5         
217   | 1,174,344.00    | 0          | 5         
218   | 1,174,344.00    | 0          | 5         
219   | 1,174,344.00    | 0          | 5         
220   | 1,174,307.12    | 0          | 5         
221   | 1,174,290.85    | 0          | 5         
222   | 1,174,290.84    | 0          | 5         
223   | 1,174,290.85    | 0          | 5         
224   | 1,174,290.84    | 0          | 5         
225   | 1,174,290.85    | 0          | 5         
226   | 1,174,290.84    | 0          | 5         
227   | 1,174,290.85    | 0          | 5         
228   | 1,174,290.84    | 0          | 5         
229   | 1,174,290.84    | 0          | 5         
230   | 1,174,290.84    | 0          | 5         
231   | 1,174,290.85    | 0          | 5         
232   | 1,174,290.85    | 0          | 5         
233   | 1,174,290.85    | 0          | 5         
234   | 1,174,290.85    | 0          | 5         
235   | 1,174,290.84    | 0          | 5         
236   | 1,174,290.85    | 0          | 5         
