==========================================================
 ANALYSIS REPORT: Week 4
==========================================================

1. Performance Metrics
----------------------
  Objective Value : 169,900.00
  RMP Relaxed Value (Root): 161,175.00
  Integrality Gap       : 5.4134 %
  Execution Time  : 108.6109 sec
  Iterations      : 269
  RMP Time  : 64.2547 s
  MIP Time  : 3.2064 s
  Pool Search Time: 0.0010 s
  Graph Search Time: 40.9563 s
  MIP Decision Variables: 1295 (Columns used in Final MIP)
  MIP Filtered Columns  : 0 (Removed before MIP)

2. Column Generation & Pool Statistics
--------------------------------------
  Total Columns Generated (History) : 1295
  Pool Hits (Reused from History)   : 0
  Graph Gen (Newly Created)         : 1285
  Pool Hit Rate                     : 0.0%

3. Shift Pattern Diversity (Unique Patterns)
------------------------------------------
  Type: TypeA  | Unique Patterns:  220 / Total Gen:  220
       -> Avg Length of Unique Patterns: 45.9 hours
  Type: TypeB  | Unique Patterns:  265 / Total Gen:  530
       -> Avg Length of Unique Patterns: 30.3 hours
  Type: TypeC  | Unique Patterns:  270 / Total Gen:  540
       -> Avg Length of Unique Patterns: 21.5 hours

4. Final Schedule Assignment Breakdown
--------------------------------------
  Emp 0  (TypeA): 46 hours worked
  Emp 1  (TypeB): 34 hours worked
  Emp 2  (TypeB): 32 hours worked
  Emp 3  (TypeC): 23 hours worked
  Emp 4  (TypeC): 25 hours worked

5. Iteration History (Convergence Log)
--------------------------------------
Iter  | RMP Obj Value   | Pool Hits  | Graph Gen 
--------------------------------------------------
1     | 99,016,000.00   | 0          | 5         
2     | 42,131,500.00   | 0          | 5         
3     | 18,190,700.00   | 0          | 5         
4     | 8,187,200.00    | 0          | 5         
5     | 7,172,100.00    | 0          | 5         
6     | 6,676,050.00    | 0          | 5         
7     | 5,847,033.30    | 0          | 5         
8     | 5,412,741.17    | 0          | 5         
9     | 4,183,100.00    | 0          | 5         
10    | 3,677,800.00    | 0          | 5         
11    | 3,377,573.32    | 0          | 5         
12    | 3,130,542.86    | 0          | 5         
13    | 3,038,846.81    | 0          | 5         
14    | 2,935,420.23    | 0          | 5         
15    | 2,636,195.44    | 0          | 5         
16    | 2,386,586.04    | 0          | 5         
17    | 2,230,727.21    | 0          | 5         
18    | 2,012,919.61    | 0          | 5         
19    | 1,690,585.49    | 0          | 5         
20    | 1,600,995.13    | 0          | 5         
21    | 1,521,085.55    | 0          | 5         
22    | 1,373,718.46    | 0          | 5         
23    | 1,330,422.98    | 0          | 5         
24    | 1,276,038.99    | 0          | 5         
25    | 1,175,633.20    | 0          | 5         
26    | 971,867.52      | 0          | 5         
27    | 840,504.99      | 0          | 5         
28    | 732,171.85      | 0          | 5         
29    | 658,697.57      | 0          | 5         
30    | 467,216.52      | 0          | 5         
31    | 245,882.18      | 0          | 5         
32    | 182,024.69      | 0          | 5         
33    | 181,222.25      | 0          | 5         
34    | 179,075.24      | 0          | 5         
35    | 177,698.47      | 0          | 5         
36    | 176,855.24      | 0          | 5         
37    | 176,094.92      | 0          | 5         
38    | 175,978.73      | 0          | 5         
39    | 175,707.26      | 0          | 5         
40    | 175,620.26      | 0          | 5         
41    | 175,244.17      | 0          | 5         
42    | 174,802.00      | 0          | 5         
43    | 174,178.16      | 0          | 5         
44    | 173,550.57      | 0          | 5         
45    | 172,829.13      | 0          | 5         
46    | 172,273.93      | 0          | 5         
47    | 172,164.70      | 0          | 5         
48    | 171,789.06      | 0          | 5         
49    | 171,134.08      | 0          | 5         
50    | 171,081.16      | 0          | 5         
51    | 170,478.66      | 0          | 5         
52    | 170,133.37      | 0          | 5         
53    | 170,067.67      | 0          | 5         
54    | 169,976.51      | 0          | 5         
55    | 169,935.53      | 0          | 5         
56    | 169,815.73      | 0          | 5         
57    | 169,709.98      | 0          | 5         
58    | 169,555.77      | 0          | 5         
59    | 169,340.59      | 0          | 5         
60    | 169,277.53      | 0          | 5         
61    | 169,160.82      | 0          | 5         
62    | 168,832.84      | 0          | 5         
63    | 168,832.03      | 0          | 5         
64    | 168,738.19      | 0          | 5         
65    | 168,738.19      | 0          | 5         
66    | 168,135.16      | 0          | 5         
67    | 167,645.28      | 0          | 5         
68    | 167,469.68      | 0          | 5         
69    | 167,465.38      | 0          | 5         
70    | 167,156.37      | 0          | 5         
71    | 167,135.48      | 0          | 5         
72    | 167,107.48      | 0          | 5         
73    | 167,107.48      | 0          | 5         
74    | 167,107.48      | 0          | 5         
75    | 167,086.50      | 0          | 5         
76    | 167,052.83      | 0          | 5         
77    | 167,021.93      | 0          | 5         
78    | 166,830.92      | 0          | 5         
79    | 166,764.06      | 0          | 5         
80    | 166,605.29      | 0          | 5         
81    | 166,605.29      | 0          | 5         
82    | 166,602.87      | 0          | 5         
83    | 166,498.45      | 0          | 5         
84    | 166,137.11      | 0          | 5         
85    | 165,934.97      | 0          | 5         
86    | 165,915.01      | 0          | 5         
87    | 165,763.29      | 0          | 5         
88    | 165,480.32      | 0          | 5         
89    | 165,385.81      | 0          | 5         
90    | 165,339.57      | 0          | 5         
91    | 164,991.50      | 0          | 5         
92    | 164,874.10      | 0          | 5         
93    | 164,567.90      | 0          | 5         
94    | 164,567.90      | 0          | 5         
95    | 164,424.64      | 0          | 5         
96    | 164,103.77      | 0          | 5         
97    | 164,103.65      | 0          | 5         
98    | 163,860.18      | 0          | 5         
99    | 163,768.84      | 0          | 5         
100   | 163,555.65      | 0          | 5         
101   | 163,555.65      | 0          | 5         
102   | 163,361.95      | 0          | 5         
103   | 163,345.52      | 0          | 5         
104   | 163,343.13      | 0          | 5         
105   | 163,343.13      | 0          | 5         
106   | 163,333.05      | 0          | 5         
107   | 163,333.05      | 0          | 5         
108   | 163,324.47      | 0          | 5         
109   | 163,214.66      | 0          | 5         
110   | 163,149.90      | 0          | 5         
111   | 163,091.21      | 0          | 5         
112   | 162,994.07      | 0          | 5         
113   | 162,923.01      | 0          | 5         
114   | 162,913.11      | 0          | 5         
115   | 162,913.11      | 0          | 5         
116   | 162,913.11      | 0          | 5         
117   | 162,854.95      | 0          | 5         
118   | 162,829.24      | 0          | 5         
119   | 162,822.11      | 0          | 5         
120   | 162,822.11      | 0          | 5         
121   | 162,821.28      | 0          | 5         
122   | 162,817.75      | 0          | 5         
123   | 162,815.15      | 0          | 5         
124   | 162,762.22      | 0          | 5         
125   | 162,687.27      | 0          | 5         
126   | 162,680.08      | 0          | 5         
127   | 162,677.95      | 0          | 5         
128   | 162,677.05      | 0          | 5         
129   | 162,677.05      | 0          | 5         
130   | 162,614.42      | 0          | 5         
131   | 162,607.63      | 0          | 5         
132   | 162,607.63      | 0          | 5         
133   | 162,603.04      | 0          | 5         
134   | 162,572.06      | 0          | 5         
135   | 162,548.48      | 0          | 5         
136   | 162,548.48      | 0          | 5         
137   | 162,548.48      | 0          | 5         
138   | 162,548.48      | 0          | 5         
139   | 162,548.48      | 0          | 5         
140   | 162,548.48      | 0          | 5         
141   | 162,491.95      | 0          | 5         
142   | 162,476.45      | 0          | 5         
143   | 162,474.57      | 0          | 5         
144   | 162,474.57      | 0          | 4         
145   | 162,474.57      | 0          | 4         
146   | 162,399.84      | 0          | 5         
147   | 162,393.12      | 0          | 4         
148   | 162,302.70      | 0          | 5         
149   | 162,255.57      | 0          | 5         
150   | 162,255.57      | 0          | 4         
151   | 162,249.88      | 0          | 5         
152   | 162,249.88      | 0          | 5         
153   | 162,249.88      | 0          | 5         
154   | 162,249.88      | 0          | 5         
155   | 162,184.05      | 0          | 5         
156   | 162,184.05      | 0          | 5         
157   | 162,018.10      | 0          | 5         
158   | 161,906.33      | 0          | 5         
159   | 161,906.33      | 0          | 5         
160   | 161,906.33      | 0          | 5         
161   | 161,906.33      | 0          | 5         
162   | 161,906.33      | 0          | 5         
163   | 161,906.33      | 0          | 5         
164   | 161,903.10      | 0          | 5         
165   | 161,903.10      | 0          | 5         
166   | 161,903.10      | 0          | 5         
167   | 161,891.89      | 0          | 4         
168   | 161,891.89      | 0          | 4         
169   | 161,891.89      | 0          | 5         
170   | 161,891.89      | 0          | 5         
171   | 161,891.89      | 0          | 4         
172   | 161,891.89      | 0          | 4         
173   | 161,891.89      | 0          | 5         
174   | 161,880.39      | 0          | 5         
175   | 161,880.39      | 0          | 5         
176   | 161,880.39      | 0          | 4         
177   | 161,880.39      | 0          | 5         
178   | 161,880.39      | 0          | 5         
179   | 161,880.39      | 0          | 4         
180   | 161,843.67      | 0          | 5         
181   | 161,843.67      | 0          | 5         
182   | 161,843.34      | 0          | 4         
183   | 161,843.34      | 0          | 5         
184   | 161,843.34      | 0          | 4         
185   | 161,843.34      | 0          | 4         
186   | 161,821.55      | 0          | 5         
187   | 161,821.55      | 0          | 5         
188   | 161,821.55      | 0          | 5         
189   | 161,815.49      | 0          | 4         
190   | 161,815.49      | 0          | 4         
191   | 161,815.49      | 0          | 4         
192   | 161,815.49      | 0          | 5         
193   | 161,815.49      | 0          | 5         
194   | 161,651.75      | 0          | 5         
195   | 161,650.98      | 0          | 4         
196   | 161,650.98      | 0          | 4         
197   | 161,576.96      | 0          | 5         
198   | 161,576.96      | 0          | 5         
199   | 161,566.16      | 0          | 5         
200   | 161,532.14      | 0          | 5         
201   | 161,532.14      | 0          | 5         
202   | 161,532.14      | 0          | 5         
203   | 161,532.14      | 0          | 5         
204   | 161,532.14      | 0          | 4         
205   | 161,532.14      | 0          | 5         
206   | 161,532.14      | 0          | 4         
207   | 161,532.14      | 0          | 4         
208   | 161,532.14      | 0          | 5         
209   | 161,520.00      | 0          | 4         
210   | 161,520.00      | 0          | 5         
211   | 161,520.00      | 0          | 4         
212   | 161,520.00      | 0          | 2         
213   | 161,520.00      | 0          | 2         
214   | 161,520.00      | 0          | 2         
215   | 161,520.00      | 0          | 5         
216   | 161,520.00      | 0          | 4         
217   | 161,520.00      | 0          | 5         
218   | 161,520.00      | 0          | 2         
219   | 161,520.00      | 0          | 4         
220   | 161,520.00      | 0          | 3         
221   | 161,461.54      | 0          | 5         
222   | 161,461.54      | 0          | 5         
223   | 161,448.35      | 0          | 5         
224   | 161,448.35      | 0          | 5         
225   | 161,439.02      | 0          | 5         
226   | 161,394.43      | 0          | 5         
227   | 161,384.32      | 0          | 4         
228   | 161,384.32      | 0          | 4         
229   | 161,384.32      | 0          | 5         
230   | 161,384.32      | 0          | 4         
231   | 161,378.24      | 0          | 5         
232   | 161,367.65      | 0          | 4         
233   | 161,367.65      | 0          | 4         
234   | 161,367.65      | 0          | 5         
235   | 161,367.65      | 0          | 4         
236   | 161,367.65      | 0          | 4         
237   | 161,367.65      | 0          | 5         
238   | 161,367.65      | 0          | 5         
239   | 161,367.65      | 0          | 5         
240   | 161,367.65      | 0          | 4         
241   | 161,332.14      | 0          | 4         
242   | 161,280.77      | 0          | 5         
243   | 161,269.77      | 0          | 5         
244   | 161,269.77      | 0          | 5         
245   | 161,269.77      | 0          | 5         
246   | 161,269.77      | 0          | 5         
247   | 161,269.77      | 0          | 4         
248   | 161,269.77      | 0          | 4         
249   | 161,269.77      | 0          | 5         
250   | 161,269.77      | 0          | 5         
251   | 161,269.77      | 0          | 5         
252   | 161,269.77      | 0          | 5         
253   | 161,269.77      | 0          | 5         
254   | 161,175.00      | 0          | 5         
255   | 161,175.00      | 0          | 5         
256   | 161,175.00      | 0          | 5         
257   | 161,175.00      | 0          | 5         
258   | 161,175.00      | 0          | 4         
259   | 161,175.00      | 0          | 4         
260   | 161,175.00      | 0          | 5         
261   | 161,175.00      | 0          | 4         
262   | 161,175.00      | 0          | 4         
263   | 161,175.00      | 0          | 5         
264   | 161,175.00      | 0          | 4         
265   | 161,175.00      | 0          | 4         
266   | 161,175.00      | 0          | 4         
267   | 161,175.00      | 0          | 4         
268   | 161,175.00      | 0          | 4         
269   | 161,175.00      | 0          | 4         
