==========================================================
 ANALYSIS REPORT: Week 12
==========================================================

1. Performance Metrics
----------------------
  Objective Value : 4,190,000.00
  RMP Relaxed Value (Root): 2,192,716.67
  Integrality Gap       : 91.0872 %
  MIP Best Bound (Final)  : 4,190,000.00
  Final MIP Gap           : 0.0000 %
  Execution Time  : 60.1878 sec
  Iterations      : 118
  RMP Time  : 32.0522 s
  MIP Time  : 3.5762 s
  Pool Search Time: 2.3530 s
  Graph Search Time: 22.0822 s
  MIP Decision Variables: 709 (Columns used in Final MIP)
  MIP Filtered Columns  : 0 (Removed before MIP)

2. Column Generation & Pool Statistics
--------------------------------------
  Total Columns Generated (History) : 1494
  Pool Hits (Reused from History)   : 215
  Graph Gen (Newly Created)         : 484
  Pool Hit Rate                     : 30.8%

3. Shift Pattern Diversity (Unique Patterns)
------------------------------------------
  Type: TypeA  | Unique Patterns:  282 / Total Gen:  282
       -> Avg Length of Unique Patterns: 47.5 hours
  Type: TypeB  | Unique Patterns:  302 / Total Gen:  603
       -> Avg Length of Unique Patterns: 37.3 hours
  Type: TypeC  | Unique Patterns:  302 / Total Gen:  604
       -> Avg Length of Unique Patterns: 25.9 hours

4. Final Schedule Assignment Breakdown
--------------------------------------
  Emp 0  (TypeA): 49 hours worked
  Emp 1  (TypeB): 38 hours worked
  Emp 2  (TypeB): 37 hours worked
  Emp 3  (TypeC): 23 hours worked
  Emp 4  (TypeC): 28 hours worked

5. Iteration History (Convergence Log)
--------------------------------------
Iter  | RMP Obj Value   | Pool Hits  | Graph Gen 
--------------------------------------------------
1     | 114,011,900.00  | 10         | 0         
2     | 80,058,500.00   | 10         | 0         
3     | 41,142,000.00   | 10         | 0         
4     | 25,201,600.00   | 10         | 0         
5     | 22,198,170.00   | 10         | 0         
6     | 20,486,457.02   | 10         | 0         
7     | 18,198,050.00   | 10         | 0         
8     | 17,557,342.89   | 10         | 0         
9     | 17,279,968.00   | 10         | 0         
10    | 16,963,690.49   | 10         | 0         
11    | 16,576,544.89   | 10         | 0         
12    | 16,534,950.83   | 0          | 5         
13    | 12,461,206.82   | 10         | 0         
14    | 12,281,984.86   | 10         | 0         
15    | 12,177,568.53   | 10         | 0         
16    | 12,033,090.88   | 5          | 5         
17    | 8,785,621.50    | 10         | 0         
18    | 8,717,359.30    | 8          | 0         
19    | 8,687,826.14    | 9          | 0         
20    | 8,686,685.72    | 0          | 5         
21    | 7,667,372.12    | 10         | 0         
22    | 7,631,122.94    | 10         | 0         
23    | 7,613,328.34    | 2          | 5         
24    | 6,826,610.00    | 0          | 5         
25    | 6,245,830.23    | 0          | 5         
26    | 5,495,403.43    | 0          | 5         
27    | 5,404,634.02    | 0          | 5         
28    | 5,276,353.22    | 2          | 5         
29    | 5,082,294.32    | 2          | 5         
30    | 4,914,650.63    | 3          | 5         
31    | 4,839,932.66    | 2          | 5         
32    | 4,593,720.50    | 0          | 5         
33    | 4,448,825.14    | 2          | 5         
34    | 4,207,005.64    | 10         | 0         
35    | 4,203,085.20    | 0          | 5         
36    | 4,017,388.39    | 0          | 5         
37    | 3,924,289.26    | 0          | 5         
38    | 3,857,102.17    | 0          | 5         
39    | 3,815,413.42    | 0          | 5         
40    | 3,621,144.69    | 0          | 5         
41    | 3,614,102.74    | 0          | 5         
42    | 3,578,572.10    | 0          | 5         
43    | 3,517,093.95    | 0          | 5         
44    | 3,479,243.64    | 0          | 5         
45    | 3,405,552.81    | 0          | 5         
46    | 3,360,780.29    | 0          | 5         
47    | 3,315,305.29    | 0          | 5         
48    | 3,243,192.49    | 0          | 5         
49    | 2,931,458.34    | 0          | 5         
50    | 2,864,670.52    | 0          | 5         
51    | 2,856,338.94    | 0          | 5         
52    | 2,824,709.43    | 0          | 5         
53    | 2,805,800.26    | 0          | 5         
54    | 2,751,757.19    | 0          | 5         
55    | 2,749,714.59    | 0          | 5         
56    | 2,738,874.36    | 0          | 5         
57    | 2,719,964.69    | 0          | 5         
58    | 2,706,960.39    | 0          | 5         
59    | 2,692,116.24    | 0          | 5         
60    | 2,672,807.81    | 0          | 5         
61    | 2,648,817.81    | 0          | 5         
62    | 2,606,061.93    | 0          | 5         
63    | 2,605,970.31    | 0          | 5         
64    | 2,563,495.78    | 0          | 5         
65    | 2,562,905.37    | 0          | 5         
66    | 2,562,905.37    | 0          | 5         
67    | 2,556,805.32    | 0          | 5         
68    | 2,524,478.81    | 0          | 5         
69    | 2,484,198.95    | 0          | 5         
70    | 2,468,331.51    | 0          | 5         
71    | 2,439,878.82    | 0          | 5         
72    | 2,439,878.82    | 0          | 5         
73    | 2,411,733.51    | 0          | 5         
74    | 2,411,733.52    | 0          | 5         
75    | 2,407,027.01    | 0          | 5         
76    | 2,395,613.32    | 0          | 5         
77    | 2,395,613.32    | 0          | 5         
78    | 2,395,613.32    | 0          | 5         
79    | 2,374,295.38    | 0          | 5         
80    | 2,359,175.97    | 0          | 5         
81    | 2,354,966.01    | 0          | 5         
82    | 2,348,511.88    | 0          | 5         
83    | 2,299,422.06    | 0          | 5         
84    | 2,299,422.06    | 0          | 5         
85    | 2,279,619.58    | 0          | 5         
86    | 2,265,825.74    | 0          | 5         
87    | 2,255,553.27    | 0          | 5         
88    | 2,255,553.27    | 0          | 5         
89    | 2,255,212.87    | 0          | 5         
90    | 2,245,063.73    | 0          | 5         
91    | 2,237,889.38    | 0          | 5         
92    | 2,234,754.95    | 0          | 5         
93    | 2,234,754.95    | 0          | 5         
94    | 2,234,656.78    | 0          | 5         
95    | 2,234,656.78    | 0          | 5         
96    | 2,234,394.11    | 0          | 5         
97    | 2,234,082.29    | 0          | 4         
98    | 2,234,081.48    | 0          | 5         
99    | 2,234,081.48    | 0          | 4         
100   | 2,234,081.48    | 0          | 5         
101   | 2,234,048.96    | 0          | 5         
102   | 2,233,834.26    | 0          | 4         
103   | 2,233,769.60    | 0          | 5         
104   | 2,233,769.60    | 0          | 4         
105   | 2,233,740.33    | 0          | 5         
106   | 2,218,262.50    | 0          | 5         
107   | 2,218,262.50    | 0          | 5         
108   | 2,218,262.50    | 0          | 5         
109   | 2,212,239.16    | 0          | 5         
110   | 2,198,158.01    | 0          | 5         
111   | 2,196,618.55    | 0          | 4         
112   | 2,192,941.35    | 0          | 5         
113   | 2,192,716.67    | 0          | 5         
114   | 2,192,716.67    | 0          | 5         
115   | 2,192,716.67    | 0          | 5         
116   | 2,192,716.67    | 0          | 4         
117   | 2,192,716.67    | 0          | 5         
118   | 2,192,716.67    | 0          | 5         
