==========================================================
 ANALYSIS REPORT: Week 26
==========================================================

1. Performance Metrics
----------------------
  Objective Value : 2,181,600.00
  RMP Relaxed Value (Root): 679,900.00
  Integrality Gap       : 220.8707 %
  MIP Best Bound (Final)  : 2,181,600.00
  Final MIP Gap           : 0.0000 %
  Execution Time  : 268.6921 sec
  Iterations      : 353
  RMP Time  : 190.4896 s
  MIP Time  : 2.1285 s
  Pool Search Time: 0.0019 s
  Graph Search Time: 75.6018 s
  MIP Decision Variables: 254 (Columns used in Final MIP)
  MIP Filtered Columns  : 1402 (Removed before MIP)

2. Column Generation & Pool Statistics
--------------------------------------
  Total Columns Generated (History) : 1656
  Pool Hits (Reused from History)   : 0
  Graph Gen (Newly Created)         : 1646
  Pool Hit Rate                     : 0.0%

3. Shift Pattern Diversity (Unique Patterns)
------------------------------------------
  Type: TypeA  | Unique Patterns:  319 / Total Gen:  319
       -> Avg Length of Unique Patterns: 46.8 hours
  Type: TypeB  | Unique Patterns:  326 / Total Gen:  652
       -> Avg Length of Unique Patterns: 35.0 hours
  Type: TypeC  | Unique Patterns:  340 / Total Gen:  680
       -> Avg Length of Unique Patterns: 23.8 hours

4. Final Schedule Assignment Breakdown
--------------------------------------
  Emp 0  (TypeA): 47 hours worked
  Emp 1  (TypeB): 36 hours worked
  Emp 2  (TypeB): 40 hours worked
  Emp 3  (TypeC): 26 hours worked
  Emp 4  (TypeC): 23 hours worked

5. Iteration History (Convergence Log)
--------------------------------------
Iter  | RMP Obj Value   | Pool Hits  | Graph Gen 
--------------------------------------------------
1     | 105,012,000.00  | 0          | 5         
2     | 45,129,100.00   | 0          | 5         
3     | 21,185,800.00   | 0          | 5         
4     | 9,182,600.00    | 0          | 5         
5     | 9,174,900.00    | 0          | 5         
6     | 8,377,640.00    | 0          | 5         
7     | 7,206,140.55    | 0          | 5         
8     | 6,778,760.00    | 0          | 5         
9     | 5,425,300.00    | 0          | 5         
10    | 5,375,090.00    | 0          | 5         
11    | 5,067,383.56    | 0          | 5         
12    | 4,958,866.08    | 0          | 5         
13    | 4,435,965.84    | 0          | 5         
14    | 4,371,885.90    | 0          | 5         
15    | 4,089,584.68    | 0          | 5         
16    | 3,883,783.70    | 0          | 5         
17    | 3,788,052.36    | 0          | 5         
18    | 3,720,112.35    | 0          | 5         
19    | 3,307,299.82    | 0          | 5         
20    | 3,009,644.05    | 0          | 5         
21    | 2,896,184.24    | 0          | 5         
22    | 2,691,975.09    | 0          | 5         
23    | 2,551,580.64    | 0          | 5         
24    | 2,437,948.98    | 0          | 5         
25    | 2,318,119.18    | 0          | 5         
26    | 2,199,968.48    | 0          | 5         
27    | 2,111,300.21    | 0          | 5         
28    | 1,988,793.25    | 0          | 5         
29    | 1,896,026.10    | 0          | 5         
30    | 1,797,687.60    | 0          | 5         
31    | 1,661,314.10    | 0          | 5         
32    | 1,622,514.11    | 0          | 5         
33    | 1,595,318.05    | 0          | 5         
34    | 1,562,995.99    | 0          | 5         
35    | 1,546,978.38    | 0          | 5         
36    | 1,475,480.82    | 0          | 5         
37    | 1,397,172.35    | 0          | 5         
38    | 1,272,767.46    | 0          | 5         
39    | 1,244,566.19    | 0          | 5         
40    | 1,173,694.64    | 0          | 5         
41    | 1,106,727.19    | 0          | 5         
42    | 1,052,322.46    | 0          | 5         
43    | 1,007,977.46    | 0          | 5         
44    | 977,734.87      | 0          | 5         
45    | 961,951.47      | 0          | 5         
46    | 961,638.09      | 0          | 5         
47    | 908,086.16      | 0          | 5         
48    | 858,481.98      | 0          | 5         
49    | 827,504.73      | 0          | 5         
50    | 800,490.05      | 0          | 5         
51    | 780,847.86      | 0          | 5         
52    | 773,272.29      | 0          | 5         
53    | 723,705.41      | 0          | 5         
54    | 714,240.54      | 0          | 5         
55    | 701,924.27      | 0          | 5         
56    | 693,610.00      | 0          | 5         
57    | 693,610.00      | 0          | 5         
58    | 693,196.42      | 0          | 5         
59    | 692,994.76      | 0          | 5         
60    | 692,136.14      | 0          | 5         
61    | 690,630.44      | 0          | 5         
62    | 690,480.56      | 0          | 5         
63    | 690,388.45      | 0          | 5         
64    | 689,947.44      | 0          | 5         
65    | 689,527.50      | 0          | 5         
66    | 688,886.83      | 0          | 5         
67    | 688,809.78      | 0          | 5         
68    | 688,809.78      | 0          | 5         
69    | 688,604.25      | 0          | 5         
70    | 688,584.18      | 0          | 5         
71    | 688,255.15      | 0          | 5         
72    | 688,242.49      | 0          | 5         
73    | 687,637.00      | 0          | 5         
74    | 687,618.33      | 0          | 5         
75    | 687,618.33      | 0          | 5         
76    | 686,890.13      | 0          | 5         
77    | 686,266.26      | 0          | 5         
78    | 686,266.26      | 0          | 5         
79    | 686,189.97      | 0          | 5         
80    | 686,189.97      | 0          | 5         
81    | 686,189.97      | 0          | 5         
82    | 686,049.18      | 0          | 5         
83    | 686,030.39      | 0          | 5         
84    | 686,005.70      | 0          | 5         
85    | 686,002.98      | 0          | 5         
86    | 685,050.08      | 0          | 5         
87    | 685,014.06      | 0          | 5         
88    | 684,850.80      | 0          | 5         
89    | 684,850.80      | 0          | 5         
90    | 684,836.50      | 0          | 5         
91    | 684,744.37      | 0          | 5         
92    | 684,664.83      | 0          | 5         
93    | 684,664.83      | 0          | 5         
94    | 684,636.78      | 0          | 5         
95    | 684,636.78      | 0          | 5         
96    | 684,636.78      | 0          | 5         
97    | 684,518.74      | 0          | 5         
98    | 684,513.65      | 0          | 5         
99    | 684,444.42      | 0          | 5         
100   | 684,442.20      | 0          | 5         
101   | 684,371.10      | 0          | 5         
102   | 684,357.57      | 0          | 5         
103   | 684,211.62      | 0          | 5         
104   | 684,211.13      | 0          | 5         
105   | 684,179.37      | 0          | 5         
106   | 684,168.55      | 0          | 5         
107   | 684,026.55      | 0          | 5         
108   | 683,858.15      | 0          | 5         
109   | 683,858.15      | 0          | 5         
110   | 683,686.73      | 0          | 5         
111   | 683,572.51      | 0          | 5         
112   | 683,391.76      | 0          | 5         
113   | 683,383.01      | 0          | 5         
114   | 683,377.20      | 0          | 5         
115   | 683,155.59      | 0          | 5         
116   | 683,148.10      | 0          | 5         
117   | 682,955.69      | 0          | 5         
118   | 682,826.40      | 0          | 5         
119   | 682,765.28      | 0          | 5         
120   | 682,727.02      | 0          | 5         
121   | 682,677.44      | 0          | 5         
122   | 682,469.00      | 0          | 5         
123   | 682,166.14      | 0          | 5         
124   | 682,037.45      | 0          | 5         
125   | 682,037.45      | 0          | 5         
126   | 681,959.56      | 0          | 5         
127   | 681,959.57      | 0          | 5         
128   | 681,959.57      | 0          | 5         
129   | 681,853.39      | 0          | 5         
130   | 681,853.39      | 0          | 5         
131   | 681,846.23      | 0          | 5         
132   | 681,843.02      | 0          | 5         
133   | 681,710.75      | 0          | 5         
134   | 681,710.76      | 0          | 5         
135   | 681,610.78      | 0          | 5         
136   | 681,592.08      | 0          | 5         
137   | 681,567.58      | 0          | 5         
138   | 681,567.58      | 0          | 5         
139   | 681,492.24      | 0          | 5         
140   | 681,428.31      | 0          | 5         
141   | 681,349.98      | 0          | 5         
142   | 681,349.98      | 0          | 5         
143   | 681,349.98      | 0          | 5         
144   | 681,346.22      | 0          | 5         
145   | 681,342.53      | 0          | 5         
146   | 681,227.46      | 0          | 5         
147   | 681,227.46      | 0          | 5         
148   | 681,227.46      | 0          | 5         
149   | 681,182.71      | 0          | 5         
150   | 680,859.51      | 0          | 5         
151   | 680,833.22      | 0          | 5         
152   | 680,833.22      | 0          | 5         
153   | 680,795.77      | 0          | 5         
154   | 680,795.77      | 0          | 5         
155   | 680,792.14      | 0          | 5         
156   | 680,792.14      | 0          | 5         
157   | 680,792.14      | 0          | 5         
158   | 680,792.14      | 0          | 5         
159   | 680,792.14      | 0          | 5         
160   | 680,789.56      | 0          | 5         
161   | 680,734.22      | 0          | 5         
162   | 680,734.22      | 0          | 5         
163   | 680,734.22      | 0          | 5         
164   | 680,734.22      | 0          | 5         
165   | 680,734.22      | 0          | 5         
166   | 680,730.36      | 0          | 5         
167   | 680,730.36      | 0          | 5         
168   | 680,730.36      | 0          | 5         
169   | 680,725.66      | 0          | 5         
170   | 680,725.66      | 0          | 5         
171   | 680,725.66      | 0          | 5         
172   | 680,725.66      | 0          | 5         
173   | 680,711.61      | 0          | 5         
174   | 680,711.61      | 0          | 5         
175   | 680,711.61      | 0          | 5         
176   | 680,711.61      | 0          | 5         
177   | 680,711.61      | 0          | 5         
178   | 680,711.61      | 0          | 5         
179   | 680,636.96      | 0          | 5         
180   | 680,636.94      | 0          | 5         
181   | 680,636.94      | 0          | 5         
182   | 680,636.23      | 0          | 5         
183   | 680,636.23      | 0          | 5         
184   | 680,624.07      | 0          | 5         
185   | 680,624.07      | 0          | 5         
186   | 680,624.07      | 0          | 5         
187   | 680,624.07      | 0          | 5         
188   | 680,622.54      | 0          | 5         
189   | 680,622.54      | 0          | 5         
190   | 680,622.54      | 0          | 5         
191   | 680,622.54      | 0          | 5         
192   | 680,622.54      | 0          | 5         
193   | 680,622.54      | 0          | 5         
194   | 680,622.54      | 0          | 5         
195   | 680,622.54      | 0          | 5         
196   | 680,622.54      | 0          | 5         
197   | 680,622.54      | 0          | 5         
198   | 680,622.54      | 0          | 5         
199   | 680,622.54      | 0          | 5         
200   | 680,495.97      | 0          | 5         
201   | 680,488.49      | 0          | 5         
202   | 680,488.49      | 0          | 5         
203   | 680,459.90      | 0          | 5         
204   | 680,459.90      | 0          | 5         
205   | 680,459.90      | 0          | 5         
206   | 680,459.90      | 0          | 5         
207   | 680,348.14      | 0          | 5         
208   | 680,348.14      | 0          | 5         
209   | 680,305.56      | 0          | 5         
210   | 680,305.56      | 0          | 5         
211   | 680,305.56      | 0          | 5         
212   | 680,276.99      | 0          | 4         
213   | 680,261.61      | 0          | 5         
214   | 680,261.61      | 0          | 5         
215   | 680,261.61      | 0          | 5         
216   | 680,257.78      | 0          | 5         
217   | 680,257.78      | 0          | 5         
218   | 680,257.78      | 0          | 5         
219   | 680,257.78      | 0          | 5         
220   | 680,257.78      | 0          | 5         
221   | 680,257.78      | 0          | 5         
222   | 680,257.78      | 0          | 4         
223   | 680,156.16      | 0          | 5         
224   | 680,138.15      | 0          | 4         
225   | 680,138.15      | 0          | 5         
226   | 680,138.15      | 0          | 5         
227   | 680,138.15      | 0          | 4         
228   | 680,138.15      | 0          | 5         
229   | 680,071.43      | 0          | 5         
230   | 680,071.43      | 0          | 5         
231   | 680,071.43      | 0          | 5         
232   | 680,065.46      | 0          | 5         
233   | 680,065.46      | 0          | 5         
234   | 680,065.46      | 0          | 5         
235   | 680,052.24      | 0          | 5         
236   | 680,041.98      | 0          | 5         
237   | 680,041.98      | 0          | 4         
238   | 680,041.98      | 0          | 5         
239   | 680,041.98      | 0          | 3         
240   | 680,039.19      | 0          | 5         
241   | 680,039.19      | 0          | 3         
242   | 680,039.19      | 0          | 5         
243   | 680,039.19      | 0          | 4         
244   | 680,039.19      | 0          | 3         
245   | 680,039.19      | 0          | 5         
246   | 680,039.19      | 0          | 3         
247   | 680,039.19      | 0          | 4         
248   | 680,039.19      | 0          | 5         
249   | 680,022.81      | 0          | 5         
250   | 680,022.81      | 0          | 5         
251   | 680,022.81      | 0          | 5         
252   | 680,022.81      | 0          | 5         
253   | 680,022.81      | 0          | 5         
254   | 680,022.81      | 0          | 2         
255   | 680,022.81      | 0          | 2         
256   | 680,022.81      | 0          | 4         
257   | 680,022.81      | 0          | 4         
258   | 680,022.81      | 0          | 5         
259   | 680,022.81      | 0          | 5         
260   | 680,022.81      | 0          | 5         
261   | 680,022.81      | 0          | 4         
262   | 680,022.81      | 0          | 5         
263   | 680,000.00      | 0          | 5         
264   | 680,000.00      | 0          | 2         
265   | 680,000.00      | 0          | 5         
266   | 680,000.00      | 0          | 3         
267   | 679,963.64      | 0          | 5         
268   | 679,963.64      | 0          | 3         
269   | 679,900.00      | 0          | 5         
270   | 679,900.00      | 0          | 3         
271   | 679,900.00      | 0          | 3         
272   | 679,900.00      | 0          | 5         
273   | 679,900.00      | 0          | 3         
274   | 679,900.00      | 0          | 5         
275   | 679,900.00      | 0          | 5         
276   | 679,900.00      | 0          | 5         
277   | 679,900.00      | 0          | 5         
278   | 679,900.00      | 0          | 5         
279   | 679,900.00      | 0          | 5         
280   | 679,900.00      | 0          | 5         
281   | 679,900.00      | 0          | 2         
282   | 679,900.00      | 0          | 5         
283   | 679,900.00      | 0          | 2         
284   | 679,900.00      | 0          | 4         
285   | 679,900.00      | 0          | 5         
286   | 679,900.00      | 0          | 5         
287   | 679,900.00      | 0          | 4         
288   | 679,900.00      | 0          | 4         
289   | 679,900.00      | 0          | 5         
290   | 679,900.00      | 0          | 3         
291   | 679,900.00      | 0          | 5         
292   | 679,900.00      | 0          | 5         
293   | 679,900.00      | 0          | 5         
294   | 679,900.00      | 0          | 3         
295   | 679,900.00      | 0          | 4         
296   | 679,900.00      | 0          | 4         
297   | 679,900.00      | 0          | 5         
298   | 679,900.00      | 0          | 5         
299   | 679,900.00      | 0          | 5         
300   | 679,900.00      | 0          | 3         
301   | 679,900.00      | 0          | 2         
302   | 679,900.00      | 0          | 3         
303   | 679,900.00      | 0          | 2         
304   | 679,900.00      | 0          | 4         
305   | 679,900.00      | 0          | 3         
306   | 679,900.00      | 0          | 2         
307   | 679,900.00      | 0          | 5         
308   | 679,900.00      | 0          | 5         
309   | 679,900.00      | 0          | 3         
310   | 679,900.00      | 0          | 2         
311   | 679,900.00      | 0          | 5         
312   | 679,900.00      | 0          | 3         
313   | 679,900.00      | 0          | 5         
314   | 679,900.00      | 0          | 3         
315   | 679,900.00      | 0          | 3         
316   | 679,900.00      | 0          | 3         
317   | 679,900.00      | 0          | 5         
318   | 679,900.00      | 0          | 2         
319   | 679,900.00      | 0          | 5         
320   | 679,900.00      | 0          | 5         
321   | 679,900.00      | 0          | 2         
322   | 679,900.00      | 0          | 4         
323   | 679,900.00      | 0          | 4         
324   | 679,900.00      | 0          | 5         
325   | 679,900.00      | 0          | 1         
326   | 679,900.00      | 0          | 5         
327   | 679,900.00      | 0          | 4         
328   | 679,900.00      | 0          | 5         
329   | 679,900.00      | 0          | 3         
330   | 679,900.00      | 0          | 5         
331   | 679,900.00      | 0          | 5         
332   | 679,900.00      | 0          | 5         
333   | 679,900.00      | 0          | 3         
334   | 679,900.00      | 0          | 5         
335   | 679,900.00      | 0          | 5         
336   | 679,900.00      | 0          | 5         
337   | 679,900.00      | 0          | 5         
338   | 679,900.00      | 0          | 3         
339   | 679,900.00      | 0          | 3         
340   | 679,900.00      | 0          | 5         
341   | 679,900.00      | 0          | 2         
342   | 679,900.00      | 0          | 4         
343   | 679,900.00      | 0          | 3         
344   | 679,900.00      | 0          | 5         
345   | 679,900.00      | 0          | 4         
346   | 679,900.00      | 0          | 5         
347   | 679,900.00      | 0          | 3         
348   | 679,900.00      | 0          | 5         
349   | 679,900.00      | 0          | 5         
350   | 679,900.00      | 0          | 5         
351   | 679,900.00      | 0          | 3         
352   | 679,900.00      | 0          | 4         
353   | 679,900.00      | 0          | 0         
