==========================================================
 ANALYSIS REPORT: Week 6
==========================================================

0. Solver Configuration
-----------------------
  max_iter             : 1000
  time_limit           : 3600
  tol                  : 1e-08
  patience             : 3
  mip_rc_threshold     : 1e+10
  mip_gap              : 0.0001

1. Performance Metrics
----------------------
  Objective Value : 10,695,700.00
  RMP Relaxed Value (Root): 656,800.00
  Integrality Gap       : 1528.4562 %
  MIP Best Bound (Final)  : 3,918,267.13
  Final MIP Gap           : 172.9702 %
  Execution Time  : 1677.2413 sec
  Iterations      : 342
  RMP Time  : 1317.9510 s
  MIP Time  : 30.8463 s
  Pool Search Time: 78.2198 s
  Graph Search Time: 247.4076 s
  MIP Decision Variables: 1757 (Columns used in Final MIP)
  MIP Filtered Columns  : 7031 (Removed before MIP)

2. Column Generation & Pool Statistics
--------------------------------------
  Total Columns Generated (History) : 8788
  Pool Hits (Reused from History)   : 3644
  Graph Gen (Newly Created)         : 5104
  Pool Hit Rate                     : 41.7%

3. Shift Pattern Diversity (Unique Patterns)
------------------------------------------
  Type: TypeA  | Unique Patterns:  390 / Total Gen: 1560
       -> Avg Length of Unique Patterns: 45.6 hours
  Type: TypeB  | Unique Patterns:  443 / Total Gen: 3544
       -> Avg Length of Unique Patterns: 34.1 hours
  Type: TypeC  | Unique Patterns:  458 / Total Gen: 3664
       -> Avg Length of Unique Patterns: 23.2 hours

4. Final Schedule Assignment Breakdown
--------------------------------------
  Emp 0  (TypeA): 47 hours worked
  Emp 1  (TypeA): 46 hours worked
  Emp 2  (TypeA): 47 hours worked
  Emp 3  (TypeA): 44 hours worked
  Emp 4  (TypeB): 37 hours worked
  Emp 5  (TypeB): 37 hours worked
  Emp 6  (TypeB): 38 hours worked
  Emp 7  (TypeB): 36 hours worked
  Emp 8  (TypeB): 34 hours worked
  Emp 9  (TypeB): 36 hours worked
  Emp 10 (TypeB): 38 hours worked
  Emp 11 (TypeB): 39 hours worked
  Emp 12 (TypeC): 24 hours worked
  Emp 13 (TypeC): 26 hours worked
  Emp 14 (TypeC): 21 hours worked
  Emp 15 (TypeC): 26 hours worked
  Emp 16 (TypeC): 26 hours worked
  Emp 17 (TypeC): 27 hours worked
  Emp 18 (TypeC): 19 hours worked
  Emp 19 (TypeC): 21 hours worked

5. Iteration History (Convergence Log)
--------------------------------------
Iter  | RMP Obj Value   | Pool Hits  | Graph Gen 
--------------------------------------------------
1     | 565,052,000.00  | 60         | 0         
2     | 128,767,400.00  | 60         | 0         
3     | 48,559,550.00   | 60         | 0         
4     | 32,424,275.00   | 60         | 0         
5     | 20,753,599.50   | 60         | 0         
6     | 13,294,080.32   | 60         | 0         
7     | 10,010,538.94   | 60         | 0         
8     | 7,385,668.05    | 60         | 0         
9     | 5,233,192.64    | 60         | 0         
10    | 4,452,325.83    | 60         | 0         
11    | 3,821,902.44    | 60         | 0         
12    | 2,737,008.59    | 60         | 0         
13    | 2,135,859.28    | 60         | 0         
14    | 1,769,894.40    | 60         | 0         
15    | 1,722,353.10    | 60         | 0         
16    | 1,586,303.93    | 60         | 0         
17    | 1,560,086.79    | 60         | 0         
18    | 1,524,687.59    | 60         | 0         
19    | 1,486,886.81    | 8          | 12        
20    | 742,639.73      | 60         | 0         
21    | 731,983.95      | 60         | 0         
22    | 730,407.04      | 60         | 0         
23    | 728,846.31      | 60         | 0         
24    | 727,184.68      | 48         | 4         
25    | 722,968.06      | 60         | 0         
26    | 721,956.77      | 60         | 0         
27    | 721,627.60      | 44         | 0         
28    | 721,492.80      | 24         | 12        
29    | 711,455.21      | 60         | 0         
30    | 709,664.12      | 60         | 0         
31    | 709,221.35      | 56         | 0         
32    | 708,977.87      | 40         | 4         
33    | 707,658.03      | 32         | 4         
34    | 706,385.00      | 48         | 4         
35    | 703,751.52      | 48         | 4         
36    | 703,323.28      | 48         | 4         
37    | 702,268.45      | 32         | 4         
38    | 701,373.20      | 8          | 12        
39    | 697,985.83      | 56         | 0         
40    | 697,289.15      | 32         | 4         
41    | 696,809.86      | 44         | 0         
42    | 696,739.63      | 40         | 4         
43    | 696,438.59      | 40         | 4         
44    | 696,327.42      | 0          | 20        
45    | 689,781.59      | 60         | 0         
46    | 689,072.95      | 60         | 0         
47    | 688,901.53      | 56         | 0         
48    | 688,879.82      | 32         | 4         
49    | 688,283.77      | 48         | 4         
50    | 687,617.15      | 16         | 4         
51    | 687,002.53      | 16         | 8         
52    | 686,555.31      | 52         | 0         
53    | 686,382.35      | 8          | 12        
54    | 685,601.25      | 60         | 0         
55    | 685,449.40      | 40         | 4         
56    | 685,149.80      | 36         | 0         
57    | 685,146.91      | 8          | 12        
58    | 684,378.62      | 32         | 4         
59    | 684,252.32      | 28         | 8         
60    | 684,065.87      | 16         | 4         
61    | 683,840.87      | 0          | 20        
62    | 683,058.50      | 40         | 4         
63    | 682,269.58      | 0          | 20        
64    | 681,274.05      | 28         | 8         
65    | 680,567.84      | 40         | 4         
66    | 679,958.59      | 12         | 8         
67    | 679,526.03      | 16         | 8         
68    | 679,377.44      | 8          | 12        
69    | 679,234.61      | 16         | 4         
70    | 678,853.55      | 16         | 12        
71    | 678,211.04      | 32         | 4         
72    | 678,140.99      | 24         | 12        
73    | 677,719.01      | 32         | 4         
74    | 677,539.52      | 0          | 20        
75    | 676,398.80      | 28         | 0         
76    | 676,395.29      | 16         | 4         
77    | 676,388.16      | 0          | 20        
78    | 675,118.91      | 20         | 8         
79    | 674,332.89      | 16         | 4         
80    | 674,270.32      | 0          | 20        
81    | 673,458.16      | 16         | 12        
82    | 672,910.47      | 44         | 0         
83    | 672,909.35      | 8          | 12        
84    | 672,642.29      | 8          | 12        
85    | 672,179.62      | 32         | 4         
86    | 672,035.20      | 8          | 12        
87    | 671,554.13      | 12         | 8         
88    | 671,373.62      | 8          | 12        
89    | 670,884.28      | 24         | 4         
90    | 670,793.28      | 8          | 12        
91    | 670,658.14      | 12         | 8         
92    | 670,468.98      | 24         | 12        
93    | 670,189.94      | 20         | 8         
94    | 669,972.66      | 0          | 20        
95    | 669,522.32      | 16         | 12        
96    | 669,348.02      | 8          | 12        
97    | 668,740.46      | 16         | 8         
98    | 668,427.51      | 0          | 20        
99    | 668,156.20      | 0          | 20        
100   | 667,720.57      | 8          | 12        
101   | 667,267.37      | 0          | 20        
102   | 666,937.27      | 0          | 20        
103   | 666,730.87      | 0          | 20        
104   | 666,627.74      | 0          | 20        
105   | 666,498.32      | 16         | 12        
106   | 666,346.00      | 8          | 16        
107   | 666,179.13      | 8          | 12        
108   | 666,096.22      | 0          | 20        
109   | 665,954.29      | 0          | 20        
110   | 665,762.99      | 16         | 12        
111   | 665,553.34      | 0          | 20        
112   | 665,330.70      | 8          | 12        
113   | 665,032.09      | 8          | 12        
114   | 664,934.61      | 24         | 12        
115   | 664,789.33      | 0          | 20        
116   | 664,717.91      | 0          | 20        
117   | 664,551.24      | 24         | 12        
118   | 664,452.63      | 8          | 12        
119   | 664,399.75      | 8          | 12        
120   | 664,264.28      | 12         | 8         
121   | 664,224.96      | 16         | 12        
122   | 664,132.78      | 0          | 20        
123   | 663,889.22      | 0          | 20        
124   | 663,772.45      | 8          | 12        
125   | 663,712.65      | 0          | 20        
126   | 663,696.37      | 8          | 12        
127   | 663,650.99      | 8          | 12        
128   | 663,541.02      | 8          | 12        
129   | 663,469.30      | 0          | 20        
130   | 663,426.49      | 0          | 20        
131   | 663,261.34      | 20         | 8         
132   | 663,255.31      | 0          | 20        
133   | 663,168.81      | 0          | 20        
134   | 663,051.89      | 0          | 20        
135   | 663,022.71      | 0          | 20        
136   | 662,957.34      | 12         | 8         
137   | 662,806.85      | 0          | 20        
138   | 662,752.61      | 0          | 20        
139   | 662,697.84      | 0          | 20        
140   | 662,584.53      | 0          | 20        
141   | 662,548.93      | 0          | 20        
142   | 662,429.88      | 0          | 20        
143   | 662,312.30      | 0          | 20        
144   | 662,226.95      | 0          | 20        
145   | 662,096.97      | 0          | 20        
146   | 661,971.51      | 0          | 20        
147   | 661,801.11      | 0          | 20        
148   | 661,698.08      | 0          | 20        
149   | 661,576.02      | 0          | 20        
150   | 661,425.99      | 0          | 20        
151   | 661,119.97      | 0          | 20        
152   | 661,068.47      | 0          | 20        
153   | 660,994.10      | 0          | 20        
154   | 660,880.43      | 0          | 20        
155   | 660,873.01      | 4          | 16        
156   | 660,812.97      | 0          | 20        
157   | 660,764.09      | 0          | 20        
158   | 660,738.63      | 0          | 20        
159   | 660,714.16      | 0          | 20        
160   | 660,688.12      | 8          | 12        
161   | 660,674.12      | 0          | 20        
162   | 660,623.66      | 8          | 12        
163   | 660,527.38      | 0          | 20        
164   | 660,492.57      | 0          | 20        
165   | 660,436.92      | 0          | 20        
166   | 660,417.71      | 0          | 20        
167   | 660,395.39      | 0          | 20        
168   | 660,330.00      | 0          | 20        
169   | 660,288.59      | 0          | 20        
170   | 660,276.37      | 0          | 20        
171   | 660,187.14      | 0          | 20        
172   | 660,059.44      | 0          | 20        
173   | 659,976.89      | 4          | 16        
174   | 659,755.69      | 8          | 12        
175   | 659,641.24      | 0          | 20        
176   | 659,589.33      | 0          | 20        
177   | 659,579.63      | 0          | 20        
178   | 659,487.67      | 0          | 20        
179   | 659,450.45      | 0          | 20        
180   | 659,379.67      | 0          | 20        
181   | 659,308.29      | 0          | 20        
182   | 659,250.74      | 0          | 20        
183   | 659,217.00      | 0          | 20        
184   | 659,158.66      | 0          | 20        
185   | 659,062.11      | 0          | 20        
186   | 658,960.01      | 0          | 20        
187   | 658,919.31      | 0          | 20        
188   | 658,901.17      | 0          | 20        
189   | 658,848.64      | 0          | 20        
190   | 658,820.67      | 0          | 20        
191   | 658,729.29      | 0          | 20        
192   | 658,726.40      | 0          | 20        
193   | 658,586.42      | 0          | 20        
194   | 658,558.58      | 0          | 20        
195   | 658,508.73      | 0          | 20        
196   | 658,488.04      | 0          | 20        
197   | 658,430.24      | 0          | 20        
198   | 658,415.16      | 0          | 20        
199   | 658,322.02      | 0          | 20        
200   | 658,268.37      | 0          | 20        
201   | 658,258.25      | 0          | 20        
202   | 658,239.34      | 0          | 20        
203   | 658,229.35      | 0          | 20        
204   | 658,207.62      | 0          | 20        
205   | 658,156.36      | 0          | 20        
206   | 658,151.00      | 0          | 20        
207   | 658,137.16      | 0          | 20        
208   | 658,131.54      | 0          | 20        
209   | 658,093.41      | 0          | 20        
210   | 658,082.02      | 0          | 20        
211   | 658,043.12      | 0          | 20        
212   | 658,035.44      | 0          | 20        
213   | 658,019.78      | 0          | 20        
214   | 657,965.09      | 0          | 20        
215   | 657,916.59      | 0          | 20        
216   | 657,916.59      | 0          | 20        
217   | 657,903.74      | 0          | 20        
218   | 657,849.79      | 0          | 20        
219   | 657,826.25      | 0          | 20        
220   | 657,822.36      | 0          | 20        
221   | 657,819.47      | 0          | 20        
222   | 657,808.35      | 0          | 20        
223   | 657,805.12      | 0          | 20        
224   | 657,780.48      | 0          | 20        
225   | 657,774.42      | 0          | 20        
226   | 657,770.00      | 0          | 20        
227   | 657,769.25      | 0          | 20        
228   | 657,761.53      | 0          | 20        
229   | 657,748.21      | 0          | 20        
230   | 657,735.22      | 0          | 20        
231   | 657,719.54      | 0          | 20        
232   | 657,701.45      | 0          | 20        
233   | 657,699.48      | 0          | 20        
234   | 657,697.48      | 0          | 20        
235   | 657,670.12      | 0          | 20        
236   | 657,664.10      | 0          | 20        
237   | 657,660.80      | 0          | 20        
238   | 657,658.58      | 0          | 16        
239   | 657,650.75      | 0          | 20        
240   | 657,643.64      | 0          | 20        
241   | 657,606.37      | 0          | 20        
242   | 657,600.44      | 0          | 20        
243   | 657,592.30      | 0          | 20        
244   | 657,572.55      | 0          | 20        
245   | 657,572.55      | 0          | 20        
246   | 657,568.24      | 0          | 20        
247   | 657,564.33      | 0          | 20        
248   | 657,564.15      | 0          | 16        
249   | 657,562.80      | 0          | 20        
250   | 657,559.70      | 0          | 20        
251   | 657,542.49      | 0          | 20        
252   | 657,488.03      | 0          | 20        
253   | 657,446.82      | 0          | 20        
254   | 657,420.97      | 0          | 20        
255   | 657,411.60      | 0          | 16        
256   | 657,411.60      | 0          | 16        
257   | 657,401.86      | 0          | 20        
258   | 657,393.38      | 0          | 20        
259   | 657,349.35      | 0          | 20        
260   | 657,321.59      | 0          | 20        
261   | 657,288.11      | 0          | 20        
262   | 657,262.33      | 0          | 20        
263   | 657,228.41      | 0          | 20        
264   | 657,211.98      | 0          | 20        
265   | 657,190.43      | 0          | 20        
266   | 657,134.63      | 0          | 20        
267   | 657,134.38      | 0          | 20        
268   | 657,099.13      | 0          | 20        
269   | 657,082.26      | 0          | 20        
270   | 657,077.44      | 0          | 20        
271   | 657,073.35      | 0          | 20        
272   | 657,016.81      | 0          | 20        
273   | 656,996.84      | 0          | 20        
274   | 656,966.79      | 0          | 20        
275   | 656,966.79      | 0          | 20        
276   | 656,965.92      | 0          | 20        
277   | 656,951.48      | 0          | 20        
278   | 656,937.49      | 0          | 20        
279   | 656,930.44      | 0          | 16        
280   | 656,929.93      | 0          | 16        
281   | 656,922.78      | 0          | 20        
282   | 656,920.52      | 0          | 20        
283   | 656,918.95      | 0          | 20        
284   | 656,912.24      | 0          | 20        
285   | 656,908.17      | 0          | 16        
286   | 656,905.41      | 0          | 20        
287   | 656,899.83      | 0          | 20        
288   | 656,894.33      | 0          | 20        
289   | 656,892.53      | 0          | 20        
290   | 656,886.73      | 0          | 20        
291   | 656,885.40      | 0          | 20        
292   | 656,878.89      | 0          | 20        
293   | 656,878.88      | 0          | 20        
294   | 656,873.12      | 0          | 20        
295   | 656,863.51      | 0          | 20        
296   | 656,861.49      | 0          | 20        
297   | 656,861.49      | 0          | 20        
298   | 656,861.31      | 0          | 20        
299   | 656,858.62      | 0          | 16        
300   | 656,858.62      | 0          | 20        
301   | 656,858.62      | 0          | 20        
302   | 656,857.18      | 0          | 20        
303   | 656,855.31      | 0          | 20        
304   | 656,855.31      | 0          | 20        
305   | 656,855.31      | 0          | 20        
306   | 656,854.89      | 0          | 20        
307   | 656,854.89      | 0          | 20        
308   | 656,854.81      | 0          | 16        
309   | 656,854.81      | 0          | 8         
310   | 656,853.46      | 0          | 20        
311   | 656,849.28      | 0          | 20        
312   | 656,849.28      | 0          | 20        
313   | 656,847.72      | 0          | 20        
314   | 656,846.13      | 0          | 20        
315   | 656,843.59      | 0          | 20        
316   | 656,834.94      | 0          | 20        
317   | 656,831.70      | 0          | 16        
318   | 656,831.69      | 0          | 16        
319   | 656,831.70      | 0          | 8         
320   | 656,829.12      | 0          | 16        
321   | 656,829.12      | 0          | 16        
322   | 656,829.12      | 0          | 16        
323   | 656,829.12      | 0          | 16        
324   | 656,822.04      | 0          | 20        
325   | 656,819.81      | 0          | 20        
326   | 656,819.81      | 0          | 20        
327   | 656,819.80      | 0          | 20        
328   | 656,815.41      | 0          | 20        
329   | 656,815.41      | 0          | 16        
330   | 656,815.41      | 0          | 20        
331   | 656,808.80      | 0          | 20        
332   | 656,807.68      | 0          | 20        
333   | 656,804.15      | 0          | 16        
334   | 656,804.15      | 0          | 16        
335   | 656,801.98      | 0          | 16        
336   | 656,801.98      | 0          | 20        
337   | 656,801.98      | 0          | 20        
338   | 656,801.98      | 0          | 20        
339   | 656,801.98      | 0          | 20        
340   | 656,800.61      | 0          | 16        
341   | 656,800.61      | 0          | 16        
342   | 656,800.00      | 0          | 0         
