==========================================================
 ANALYSIS REPORT: Week 10
==========================================================

1. Performance Metrics
----------------------
  Objective Value : 1,199,300.00
  RMP Relaxed Value (Root): 526,300.00
  Integrality Gap       : 127.8738 %
  Execution Time  : 168.8812 sec
  Iterations      : 197
  RMP Time  : 97.3608 s
  MIP Time  : 3.1766 s
  Pool Search Time: 39.0730 s
  Graph Search Time: 28.9680 s
  MIP Decision Variables: 1340 (Columns used in Final MIP)
  MIP Filtered Columns  : 0 (Removed before MIP)

2. Column Generation & Pool Statistics
--------------------------------------
  Total Columns Generated (History) : 8720
  Pool Hits (Reused from History)   : 645
  Graph Gen (Newly Created)         : 685
  Pool Hit Rate                     : 48.5%

3. Shift Pattern Diversity (Unique Patterns)
------------------------------------------
  Type: TypeA  | Unique Patterns: 1663 / Total Gen: 1663
       -> Avg Length of Unique Patterns: 47.2 hours
  Type: TypeB  | Unique Patterns: 1748 / Total Gen: 3496
       -> Avg Length of Unique Patterns: 36.0 hours
  Type: TypeC  | Unique Patterns: 1778 / Total Gen: 3556
       -> Avg Length of Unique Patterns: 24.6 hours

4. Final Schedule Assignment Breakdown
--------------------------------------
  Emp 0  (TypeA): 48 hours worked
  Emp 1  (TypeB): 39 hours worked
  Emp 2  (TypeB): 36 hours worked
  Emp 3  (TypeC): 29 hours worked
  Emp 4  (TypeC): 23 hours worked

5. Iteration History (Convergence Log)
--------------------------------------
Iter  | RMP Obj Value   | Pool Hits  | Graph Gen 
--------------------------------------------------
1     | 105,011,900.00  | 10         | 0         
2     | 76,057,800.00   | 10         | 0         
3     | 44,142,900.00   | 10         | 0         
4     | 36,807,450.23   | 10         | 0         
5     | 15,197,460.00   | 10         | 0         
6     | 12,889,455.47   | 10         | 0         
7     | 11,480,597.60   | 10         | 0         
8     | 10,768,786.23   | 10         | 0         
9     | 9,986,459.72    | 10         | 0         
10    | 9,875,729.21    | 10         | 0         
11    | 9,519,074.95    | 10         | 0         
12    | 9,305,705.34    | 10         | 0         
13    | 8,884,222.49    | 10         | 0         
14    | 8,633,232.14    | 10         | 0         
15    | 8,417,310.22    | 10         | 0         
16    | 8,245,750.49    | 10         | 0         
17    | 8,152,991.50    | 10         | 0         
18    | 8,089,816.48    | 10         | 0         
19    | 8,077,094.58    | 10         | 0         
20    | 8,046,276.62    | 10         | 0         
21    | 8,038,444.58    | 10         | 0         
22    | 8,036,993.37    | 8          | 0         
23    | 8,036,219.45    | 3          | 5         
24    | 6,131,008.24    | 10         | 0         
25    | 5,968,785.33    | 10         | 0         
26    | 5,855,042.49    | 10         | 0         
27    | 5,825,698.91    | 10         | 0         
28    | 5,774,692.44    | 10         | 0         
29    | 5,729,772.97    | 10         | 0         
30    | 5,715,259.75    | 10         | 0         
31    | 5,714,983.72    | 5          | 5         
32    | 4,979,874.28    | 10         | 0         
33    | 4,925,087.85    | 10         | 0         
34    | 4,891,866.02    | 10         | 0         
35    | 4,839,040.44    | 10         | 0         
36    | 4,807,977.99    | 10         | 0         
37    | 4,802,312.06    | 9          | 0         
38    | 4,794,662.67    | 10         | 0         
39    | 4,792,930.71    | 6          | 0         
40    | 4,792,930.71    | 0          | 5         
41    | 4,153,071.07    | 10         | 0         
42    | 4,116,610.02    | 10         | 0         
43    | 4,107,973.72    | 10         | 0         
44    | 4,105,671.78    | 5          | 5         
45    | 3,747,543.80    | 10         | 0         
46    | 3,713,726.69    | 8          | 0         
47    | 3,713,140.91    | 4          | 5         
48    | 3,395,203.54    | 10         | 0         
49    | 3,387,144.71    | 2          | 5         
50    | 3,182,351.97    | 10         | 0         
51    | 3,167,649.70    | 4          | 5         
52    | 2,989,609.22    | 10         | 0         
53    | 2,985,057.74    | 0          | 5         
54    | 2,827,272.17    | 10         | 0         
55    | 2,820,143.23    | 10         | 0         
56    | 2,819,349.42    | 7          | 0         
57    | 2,819,339.06    | 0          | 5         
58    | 2,524,081.07    | 10         | 0         
59    | 2,505,990.61    | 10         | 0         
60    | 2,502,470.90    | 10         | 0         
61    | 2,497,935.61    | 2          | 5         
62    | 2,430,220.47    | 10         | 0         
63    | 2,417,750.17    | 3          | 5         
64    | 2,349,435.90    | 10         | 0         
65    | 2,334,850.66    | 1          | 5         
66    | 2,140,719.91    | 10         | 0         
67    | 2,137,316.14    | 8          | 0         
68    | 2,136,963.25    | 0          | 5         
69    | 2,046,025.14    | 9          | 0         
70    | 2,043,629.00    | 2          | 5         
71    | 1,989,123.29    | 8          | 0         
72    | 1,986,113.39    | 2          | 5         
73    | 1,870,884.89    | 4          | 5         
74    | 1,813,606.45    | 10         | 0         
75    | 1,813,606.45    | 2          | 5         
76    | 1,750,897.87    | 8          | 0         
77    | 1,750,349.46    | 0          | 5         
78    | 1,705,165.17    | 0          | 5         
79    | 1,681,065.68    | 10         | 0         
80    | 1,680,305.82    | 0          | 5         
81    | 1,644,499.26    | 0          | 5         
82    | 1,601,792.79    | 2          | 5         
83    | 1,588,217.18    | 0          | 5         
84    | 1,564,533.61    | 2          | 5         
85    | 1,544,097.51    | 0          | 5         
86    | 1,485,842.33    | 0          | 5         
87    | 1,448,721.94    | 5          | 5         
88    | 1,382,012.51    | 0          | 5         
89    | 1,310,525.97    | 0          | 5         
90    | 1,279,606.80    | 0          | 5         
91    | 1,251,525.39    | 0          | 5         
92    | 1,242,150.98    | 0          | 5         
93    | 1,229,129.11    | 0          | 5         
94    | 1,212,864.95    | 0          | 5         
95    | 1,170,077.57    | 4          | 5         
96    | 1,147,473.56    | 4          | 5         
97    | 1,113,967.45    | 0          | 5         
98    | 1,084,240.50    | 0          | 5         
99    | 1,053,257.65    | 0          | 5         
100   | 1,039,613.67    | 0          | 5         
101   | 1,019,276.82    | 0          | 5         
102   | 1,004,202.54    | 0          | 5         
103   | 992,590.75      | 0          | 5         
104   | 984,150.55      | 0          | 5         
105   | 956,558.85      | 0          | 5         
106   | 932,008.08      | 0          | 5         
107   | 903,226.44      | 0          | 5         
108   | 890,459.52      | 0          | 5         
109   | 875,897.44      | 2          | 5         
110   | 870,981.29      | 0          | 5         
111   | 867,200.79      | 0          | 5         
112   | 847,926.99      | 0          | 5         
113   | 825,882.21      | 0          | 5         
114   | 816,567.00      | 0          | 5         
115   | 801,504.29      | 0          | 5         
116   | 801,248.82      | 2          | 5         
117   | 798,345.64      | 0          | 5         
118   | 790,404.73      | 0          | 5         
119   | 775,939.43      | 0          | 5         
120   | 769,587.21      | 0          | 5         
121   | 756,011.59      | 0          | 5         
122   | 752,310.19      | 0          | 5         
123   | 744,295.52      | 0          | 5         
124   | 727,786.46      | 0          | 5         
125   | 719,316.01      | 0          | 5         
126   | 715,719.98      | 0          | 5         
127   | 709,143.83      | 0          | 5         
128   | 704,917.90      | 0          | 5         
129   | 681,830.86      | 0          | 5         
130   | 674,075.49      | 0          | 5         
131   | 669,296.31      | 0          | 5         
132   | 645,333.21      | 0          | 5         
133   | 641,298.15      | 0          | 5         
134   | 641,298.15      | 0          | 5         
135   | 635,873.91      | 0          | 5         
136   | 635,339.60      | 0          | 5         
137   | 635,256.20      | 0          | 5         
138   | 606,684.64      | 0          | 5         
139   | 595,766.07      | 0          | 5         
140   | 595,766.07      | 0          | 5         
141   | 594,434.44      | 0          | 5         
142   | 570,981.92      | 0          | 5         
143   | 566,676.25      | 0          | 5         
144   | 566,550.03      | 0          | 5         
145   | 564,637.11      | 0          | 5         
146   | 564,637.11      | 0          | 5         
147   | 559,550.00      | 0          | 5         
148   | 559,550.00      | 0          | 5         
149   | 559,550.00      | 0          | 5         
150   | 559,550.00      | 4          | 5         
151   | 559,550.00      | 0          | 5         
152   | 559,550.00      | 0          | 5         
153   | 559,550.00      | 0          | 5         
154   | 559,550.00      | 0          | 5         
155   | 559,550.00      | 0          | 5         
156   | 559,550.00      | 0          | 5         
157   | 559,550.00      | 0          | 5         
158   | 559,550.00      | 0          | 5         
159   | 559,550.00      | 0          | 5         
160   | 557,876.19      | 0          | 5         
161   | 553,924.90      | 0          | 5         
162   | 553,924.90      | 0          | 5         
163   | 553,805.19      | 0          | 5         
164   | 550,598.98      | 0          | 5         
165   | 550,598.98      | 0          | 5         
166   | 548,144.90      | 0          | 5         
167   | 548,144.90      | 0          | 5         
168   | 548,144.90      | 0          | 5         
169   | 543,418.97      | 0          | 5         
170   | 543,081.68      | 0          | 5         
171   | 543,081.68      | 0          | 5         
172   | 542,859.29      | 0          | 5         
173   | 542,859.29      | 0          | 5         
174   | 540,689.31      | 0          | 5         
175   | 540,689.31      | 0          | 5         
176   | 540,689.31      | 0          | 5         
177   | 540,689.31      | 0          | 5         
178   | 538,159.38      | 0          | 5         
179   | 537,912.12      | 0          | 5         
180   | 537,912.12      | 0          | 5         
181   | 537,912.12      | 0          | 5         
182   | 526,300.00      | 0          | 5         
183   | 526,300.00      | 0          | 5         
184   | 526,300.00      | 0          | 5         
185   | 526,300.00      | 0          | 5         
186   | 526,300.00      | 0          | 5         
187   | 526,300.00      | 0          | 5         
188   | 526,300.00      | 0          | 5         
189   | 526,300.00      | 0          | 5         
190   | 526,300.00      | 0          | 5         
191   | 526,300.00      | 0          | 5         
192   | 526,300.00      | 0          | 5         
193   | 526,300.00      | 0          | 5         
194   | 526,300.00      | 0          | 5         
195   | 526,300.00      | 0          | 5         
196   | 526,300.00      | 0          | 5         
197   | 526,300.00      | 0          | 5         
