==========================================================
 ANALYSIS REPORT: Week 13
==========================================================

1. Performance Metrics
----------------------
  Objective Value : 1,182,400.00
  RMP Relaxed Value (Root): 680,400.00
  Integrality Gap       : 73.7801 %
  Execution Time  : 223.6260 sec
  Iterations      : 235
  RMP Time  : 118.4790 s
  MIP Time  : 3.5363 s
  Pool Search Time: 58.8779 s
  Graph Search Time: 42.3307 s
  MIP Decision Variables: 1405 (Columns used in Final MIP)
  MIP Filtered Columns  : 0 (Removed before MIP)

2. Column Generation & Pool Statistics
--------------------------------------
  Total Columns Generated (History) : 10683
  Pool Hits (Reused from History)   : 493
  Graph Gen (Newly Created)         : 902
  Pool Hit Rate                     : 35.3%

3. Shift Pattern Diversity (Unique Patterns)
------------------------------------------
  Type: TypeA  | Unique Patterns: 2008 / Total Gen: 2008
       -> Avg Length of Unique Patterns: 47.2 hours
  Type: TypeB  | Unique Patterns: 2149 / Total Gen: 4298
       -> Avg Length of Unique Patterns: 35.9 hours
  Type: TypeC  | Unique Patterns: 2186 / Total Gen: 4372
       -> Avg Length of Unique Patterns: 24.5 hours

4. Final Schedule Assignment Breakdown
--------------------------------------
  Emp 0  (TypeA): 48 hours worked
  Emp 1  (TypeB): 38 hours worked
  Emp 2  (TypeB): 31 hours worked
  Emp 3  (TypeC): 24 hours worked
  Emp 4  (TypeC): 24 hours worked

5. Iteration History (Convergence Log)
--------------------------------------
Iter  | RMP Obj Value   | Pool Hits  | Graph Gen 
--------------------------------------------------
1     | 106,016,000.00  | 10         | 0         
2     | 72,058,600.00   | 10         | 0         
3     | 39,136,800.00   | 10         | 0         
4     | 17,696,550.00   | 10         | 0         
5     | 13,395,520.00   | 10         | 0         
6     | 10,194,450.00   | 10         | 0         
7     | 8,796,970.00    | 10         | 0         
8     | 8,516,154.53    | 10         | 0         
9     | 7,865,833.31    | 10         | 0         
10    | 7,074,658.92    | 10         | 0         
11    | 6,277,750.65    | 10         | 0         
12    | 5,847,584.66    | 10         | 0         
13    | 5,722,758.15    | 10         | 0         
14    | 5,596,729.61    | 10         | 0         
15    | 5,547,713.16    | 10         | 0         
16    | 5,530,461.99    | 10         | 0         
17    | 5,483,192.29    | 10         | 0         
18    | 5,462,687.45    | 10         | 0         
19    | 5,449,278.75    | 4          | 5         
20    | 4,125,411.13    | 10         | 0         
21    | 4,086,908.11    | 10         | 0         
22    | 4,070,998.80    | 10         | 0         
23    | 4,066,238.45    | 0          | 5         
24    | 3,297,198.40    | 10         | 0         
25    | 3,140,352.44    | 10         | 0         
26    | 3,109,936.50    | 10         | 0         
27    | 3,101,259.65    | 10         | 0         
28    | 3,088,199.69    | 6          | 0         
29    | 3,083,311.65    | 0          | 5         
30    | 2,784,270.33    | 10         | 0         
31    | 2,755,430.11    | 10         | 0         
32    | 2,744,769.24    | 6          | 0         
33    | 2,744,352.64    | 6          | 0         
34    | 2,744,352.64    | 0          | 5         
35    | 2,457,265.01    | 10         | 0         
36    | 2,443,722.80    | 10         | 0         
37    | 2,430,684.95    | 8          | 0         
38    | 2,430,274.94    | 6          | 0         
39    | 2,430,274.94    | 0          | 5         
40    | 2,279,593.07    | 10         | 0         
41    | 2,279,593.07    | 4          | 5         
42    | 2,116,869.91    | 10         | 0         
43    | 2,097,435.33    | 4          | 5         
44    | 1,797,223.78    | 10         | 0         
45    | 1,776,040.80    | 2          | 5         
46    | 1,635,650.69    | 6          | 0         
47    | 1,635,538.42    | 0          | 5         
48    | 1,529,792.22    | 10         | 0         
49    | 1,529,792.22    | 10         | 0         
50    | 1,529,040.19    | 6          | 0         
51    | 1,528,923.58    | 4          | 5         
52    | 1,480,278.32    | 10         | 0         
53    | 1,470,090.67    | 2          | 5         
54    | 1,350,447.79    | 2          | 5         
55    | 1,295,064.31    | 10         | 0         
56    | 1,265,021.71    | 0          | 5         
57    | 1,202,682.05    | 0          | 5         
58    | 1,092,362.76    | 10         | 0         
59    | 1,092,362.76    | 0          | 5         
60    | 1,046,025.00    | 2          | 5         
61    | 1,037,521.71    | 2          | 5         
62    | 942,393.15      | 4          | 5         
63    | 900,949.91      | 0          | 5         
64    | 842,156.75      | 8          | 0         
65    | 839,990.22      | 6          | 0         
66    | 839,990.22      | 0          | 5         
67    | 832,011.15      | 0          | 5         
68    | 787,130.31      | 0          | 5         
69    | 787,130.31      | 0          | 5         
70    | 753,309.74      | 0          | 5         
71    | 752,590.90      | 4          | 5         
72    | 752,590.90      | 0          | 5         
73    | 748,900.00      | 0          | 5         
74    | 735,822.49      | 0          | 5         
75    | 726,153.45      | 0          | 5         
76    | 708,078.19      | 0          | 5         
77    | 705,271.77      | 0          | 5         
78    | 705,271.77      | 0          | 5         
79    | 692,380.00      | 10         | 0         
80    | 692,380.00      | 2          | 5         
81    | 691,750.00      | 0          | 5         
82    | 691,750.00      | 2          | 5         
83    | 691,750.00      | 2          | 5         
84    | 691,317.16      | 0          | 5         
85    | 691,208.33      | 0          | 5         
86    | 690,603.60      | 0          | 5         
87    | 690,603.60      | 0          | 5         
88    | 690,603.60      | 0          | 5         
89    | 690,603.60      | 0          | 5         
90    | 690,386.06      | 0          | 5         
91    | 689,357.74      | 0          | 5         
92    | 688,387.81      | 0          | 5         
93    | 688,387.81      | 0          | 5         
94    | 687,859.70      | 2          | 5         
95    | 687,327.84      | 0          | 5         
96    | 687,327.84      | 10         | 0         
97    | 687,327.84      | 0          | 5         
98    | 687,185.28      | 0          | 5         
99    | 687,185.28      | 0          | 5         
100   | 686,400.41      | 0          | 5         
101   | 686,126.98      | 0          | 5         
102   | 685,938.12      | 0          | 5         
103   | 685,699.03      | 0          | 5         
104   | 685,371.63      | 0          | 5         
105   | 685,371.63      | 0          | 5         
106   | 685,371.63      | 0          | 5         
107   | 685,371.63      | 0          | 5         
108   | 685,140.70      | 0          | 5         
109   | 685,140.70      | 0          | 5         
110   | 685,140.70      | 0          | 5         
111   | 684,944.66      | 0          | 5         
112   | 684,523.58      | 0          | 5         
113   | 684,320.64      | 0          | 5         
114   | 684,320.64      | 0          | 5         
115   | 683,886.85      | 0          | 5         
116   | 683,164.12      | 0          | 5         
117   | 683,164.12      | 0          | 5         
118   | 683,164.12      | 0          | 5         
119   | 683,163.48      | 0          | 5         
120   | 683,163.48      | 0          | 5         
121   | 683,163.48      | 0          | 5         
122   | 683,163.48      | 0          | 5         
123   | 682,745.33      | 0          | 5         
124   | 682,745.33      | 0          | 5         
125   | 682,745.33      | 0          | 5         
126   | 682,745.33      | 0          | 5         
127   | 682,745.33      | 2          | 5         
128   | 682,059.85      | 0          | 5         
129   | 682,059.85      | 0          | 5         
130   | 681,903.32      | 0          | 5         
131   | 681,903.32      | 0          | 5         
132   | 681,832.45      | 0          | 5         
133   | 681,830.33      | 0          | 5         
134   | 681,830.33      | 0          | 5         
135   | 681,656.24      | 0          | 5         
136   | 681,656.24      | 0          | 5         
137   | 681,654.94      | 0          | 5         
138   | 681,652.18      | 0          | 5         
139   | 681,652.18      | 0          | 5         
140   | 681,643.11      | 0          | 5         
141   | 681,643.11      | 0          | 5         
142   | 681,643.11      | 0          | 5         
143   | 681,530.95      | 0          | 5         
144   | 681,530.95      | 0          | 5         
145   | 681,279.01      | 0          | 5         
146   | 681,279.01      | 0          | 5         
147   | 681,279.01      | 0          | 5         
148   | 681,144.73      | 0          | 5         
149   | 681,144.73      | 0          | 5         
150   | 681,076.21      | 1          | 5         
151   | 681,054.92      | 0          | 5         
152   | 681,054.92      | 0          | 5         
153   | 681,054.92      | 0          | 5         
154   | 681,054.92      | 0          | 5         
155   | 681,054.92      | 0          | 5         
156   | 680,990.61      | 0          | 5         
157   | 680,976.83      | 0          | 5         
158   | 680,976.83      | 0          | 5         
159   | 680,976.83      | 0          | 5         
160   | 680,965.59      | 0          | 5         
161   | 680,965.59      | 0          | 5         
162   | 680,794.29      | 0          | 5         
163   | 680,794.29      | 0          | 5         
164   | 680,794.29      | 0          | 5         
165   | 680,794.29      | 0          | 5         
166   | 680,794.29      | 0          | 5         
167   | 680,794.29      | 0          | 5         
168   | 680,794.29      | 0          | 5         
169   | 680,794.29      | 0          | 5         
170   | 680,794.29      | 0          | 5         
171   | 680,794.29      | 0          | 5         
172   | 680,775.00      | 0          | 4         
173   | 680,775.00      | 0          | 5         
174   | 680,775.00      | 0          | 4         
175   | 680,775.00      | 0          | 3         
176   | 680,775.00      | 0          | 3         
177   | 680,754.88      | 0          | 5         
178   | 680,754.88      | 0          | 5         
179   | 680,754.88      | 0          | 5         
180   | 680,717.31      | 0          | 5         
181   | 680,717.31      | 0          | 5         
182   | 680,717.31      | 0          | 5         
183   | 680,717.31      | 0          | 5         
184   | 680,717.31      | 0          | 5         
185   | 680,717.31      | 0          | 5         
186   | 680,717.31      | 0          | 5         
187   | 680,717.31      | 0          | 5         
188   | 680,717.31      | 0          | 5         
189   | 680,614.86      | 0          | 5         
190   | 680,614.86      | 0          | 5         
191   | 680,614.86      | 0          | 5         
192   | 680,614.86      | 0          | 5         
193   | 680,614.86      | 0          | 5         
194   | 680,609.69      | 0          | 5         
195   | 680,609.69      | 0          | 5         
196   | 680,609.69      | 0          | 5         
197   | 680,609.69      | 0          | 5         
198   | 680,609.69      | 0          | 5         
199   | 680,609.69      | 0          | 5         
200   | 680,609.69      | 0          | 5         
201   | 680,609.69      | 0          | 5         
202   | 680,600.43      | 0          | 5         
203   | 680,600.43      | 0          | 5         
204   | 680,600.43      | 0          | 5         
205   | 680,569.23      | 0          | 5         
206   | 680,569.23      | 0          | 5         
207   | 680,569.23      | 0          | 4         
208   | 680,515.38      | 0          | 5         
209   | 680,515.38      | 0          | 5         
210   | 680,515.38      | 0          | 5         
211   | 680,515.38      | 0          | 5         
212   | 680,462.50      | 0          | 4         
213   | 680,462.50      | 0          | 5         
214   | 680,462.50      | 0          | 5         
215   | 680,462.50      | 0          | 5         
216   | 680,410.00      | 0          | 5         
217   | 680,410.00      | 0          | 5         
218   | 680,410.00      | 0          | 5         
219   | 680,410.00      | 0          | 4         
220   | 680,410.00      | 0          | 5         
221   | 680,410.00      | 0          | 5         
222   | 680,410.00      | 0          | 4         
223   | 680,410.00      | 0          | 4         
224   | 680,410.00      | 0          | 5         
225   | 680,410.00      | 0          | 5         
226   | 680,410.00      | 0          | 4         
227   | 680,410.00      | 0          | 4         
228   | 680,410.00      | 0          | 4         
229   | 680,410.00      | 0          | 4         
230   | 680,400.00      | 0          | 2         
231   | 680,400.00      | 0          | 1         
232   | 680,400.00      | 0          | 2         
233   | 680,400.00      | 0          | 2         
234   | 680,400.00      | 0          | 5         
235   | 680,400.00      | 0          | 0         
