==========================================================
 ANALYSIS REPORT: Week 8
==========================================================

1. Performance Metrics
----------------------
  Objective Value : 2,188,400.00
  RMP Relaxed Value (Root): 940,890.00
  Integrality Gap       : 132.5883 %
  Execution Time  : 178.0180 sec
  Iterations      : 212
  RMP Time  : 101.2786 s
  MIP Time  : 6.1718 s
  Pool Search Time: 33.7349 s
  Graph Search Time: 36.5169 s
  MIP Decision Variables: 1289 (Columns used in Final MIP)
  MIP Filtered Columns  : 0 (Removed before MIP)

2. Column Generation & Pool Statistics
--------------------------------------
  Total Columns Generated (History) : 7244
  Pool Hits (Reused from History)   : 464
  Graph Gen (Newly Created)         : 815
  Pool Hit Rate                     : 36.3%

3. Shift Pattern Diversity (Unique Patterns)
------------------------------------------
  Type: TypeA  | Unique Patterns: 1379 / Total Gen: 1379
       -> Avg Length of Unique Patterns: 47.2 hours
  Type: TypeB  | Unique Patterns: 1451 / Total Gen: 2902
       -> Avg Length of Unique Patterns: 36.0 hours
  Type: TypeC  | Unique Patterns: 1479 / Total Gen: 2958
       -> Avg Length of Unique Patterns: 24.5 hours

4. Final Schedule Assignment Breakdown
--------------------------------------
  Emp 0  (TypeA): 46 hours worked
  Emp 1  (TypeB): 39 hours worked
  Emp 2  (TypeB): 40 hours worked
  Emp 3  (TypeC): 26 hours worked
  Emp 4  (TypeC): 23 hours worked

5. Iteration History (Convergence Log)
--------------------------------------
Iter  | RMP Obj Value   | Pool Hits  | Graph Gen 
--------------------------------------------------
1     | 100,016,000.00  | 10         | 0         
2     | 70,060,000.00   | 10         | 0         
3     | 35,138,400.00   | 10         | 0         
4     | 19,191,800.00   | 10         | 0         
5     | 17,528,055.46   | 10         | 0         
6     | 16,057,245.37   | 10         | 0         
7     | 13,382,949.95   | 10         | 0         
8     | 12,630,626.12   | 10         | 0         
9     | 11,731,429.03   | 10         | 0         
10    | 11,096,970.47   | 10         | 0         
11    | 10,627,178.83   | 10         | 0         
12    | 10,202,628.02   | 10         | 0         
13    | 9,652,955.94    | 10         | 0         
14    | 9,388,462.90    | 10         | 0         
15    | 9,203,987.06    | 10         | 0         
16    | 9,102,566.02    | 10         | 0         
17    | 8,960,583.64    | 10         | 0         
18    | 8,935,555.49    | 10         | 0         
19    | 8,870,704.31    | 10         | 0         
20    | 8,861,884.19    | 10         | 0         
21    | 8,857,788.69    | 0          | 5         
22    | 6,771,035.25    | 10         | 0         
23    | 6,479,129.03    | 10         | 0         
24    | 6,246,543.54    | 10         | 0         
25    | 6,212,729.23    | 10         | 0         
26    | 6,193,778.13    | 2          | 5         
27    | 5,145,536.56    | 10         | 0         
28    | 5,052,959.48    | 10         | 0         
29    | 4,934,089.09    | 1          | 5         
30    | 4,442,519.29    | 10         | 0         
31    | 4,397,498.43    | 5          | 5         
32    | 4,095,427.55    | 10         | 0         
33    | 4,035,141.29    | 5          | 5         
34    | 3,868,358.97    | 4          | 5         
35    | 3,668,734.21    | 10         | 0         
36    | 3,647,759.92    | 10         | 0         
37    | 3,629,771.74    | 6          | 0         
38    | 3,629,298.79    | 1          | 5         
39    | 3,272,641.32    | 10         | 0         
40    | 3,264,273.61    | 6          | 0         
41    | 3,260,306.76    | 0          | 5         
42    | 2,957,806.83    | 10         | 0         
43    | 2,946,006.70    | 5          | 5         
44    | 2,741,266.17    | 10         | 0         
45    | 2,733,566.75    | 10         | 0         
46    | 2,732,341.70    | 2          | 5         
47    | 2,585,869.32    | 2          | 5         
48    | 2,537,067.71    | 5          | 5         
49    | 2,438,482.37    | 10         | 0         
50    | 2,412,184.16    | 3          | 5         
51    | 2,332,492.79    | 9          | 0         
52    | 2,326,330.22    | 0          | 5         
53    | 2,231,219.93    | 10         | 0         
54    | 2,230,898.49    | 0          | 5         
55    | 1,905,946.15    | 10         | 0         
56    | 1,904,958.27    | 4          | 5         
57    | 1,788,308.98    | 4          | 5         
58    | 1,730,277.52    | 4          | 5         
59    | 1,699,678.92    | 1          | 5         
60    | 1,647,293.00    | 0          | 5         
61    | 1,615,462.98    | 5          | 5         
62    | 1,571,713.61    | 2          | 5         
63    | 1,528,271.79    | 2          | 5         
64    | 1,495,644.38    | 8          | 0         
65    | 1,495,644.38    | 0          | 5         
66    | 1,468,935.22    | 0          | 5         
67    | 1,401,475.36    | 2          | 5         
68    | 1,375,391.90    | 0          | 5         
69    | 1,375,391.90    | 1          | 5         
70    | 1,297,487.84    | 0          | 5         
71    | 1,266,814.18    | 0          | 5         
72    | 1,261,170.40    | 0          | 5         
73    | 1,259,208.33    | 2          | 5         
74    | 1,258,563.07    | 0          | 5         
75    | 1,245,485.58    | 0          | 5         
76    | 1,244,763.00    | 1          | 5         
77    | 1,215,631.87    | 0          | 5         
78    | 1,207,042.30    | 0          | 5         
79    | 1,189,032.87    | 0          | 5         
80    | 1,168,480.36    | 0          | 5         
81    | 1,168,480.36    | 0          | 5         
82    | 1,163,248.70    | 0          | 5         
83    | 1,149,952.27    | 0          | 5         
84    | 1,116,916.90    | 0          | 5         
85    | 1,095,260.01    | 0          | 5         
86    | 1,080,518.05    | 1          | 5         
87    | 1,065,221.75    | 0          | 5         
88    | 1,051,783.70    | 0          | 5         
89    | 1,050,744.64    | 0          | 5         
90    | 1,044,994.28    | 0          | 5         
91    | 1,017,267.54    | 0          | 5         
92    | 1,002,451.56    | 0          | 5         
93    | 992,522.91      | 0          | 5         
94    | 983,708.22      | 0          | 5         
95    | 972,505.33      | 0          | 5         
96    | 972,505.33      | 0          | 5         
97    | 970,515.22      | 0          | 5         
98    | 968,241.74      | 0          | 5         
99    | 965,630.55      | 0          | 5         
100   | 953,966.03      | 0          | 5         
101   | 953,616.83      | 0          | 5         
102   | 948,327.06      | 0          | 5         
103   | 947,896.74      | 0          | 5         
104   | 947,896.74      | 0          | 5         
105   | 947,887.71      | 0          | 5         
106   | 947,748.07      | 0          | 5         
107   | 947,725.86      | 0          | 5         
108   | 947,260.07      | 0          | 5         
109   | 947,219.81      | 0          | 5         
110   | 947,049.05      | 0          | 5         
111   | 947,049.05      | 0          | 5         
112   | 946,807.48      | 1          | 5         
113   | 946,807.48      | 0          | 5         
114   | 946,715.40      | 0          | 5         
115   | 946,568.37      | 0          | 5         
116   | 946,508.48      | 0          | 5         
117   | 946,302.83      | 0          | 5         
118   | 946,302.83      | 0          | 5         
119   | 945,902.34      | 0          | 5         
120   | 945,788.12      | 0          | 5         
121   | 945,580.01      | 0          | 5         
122   | 945,139.31      | 0          | 5         
123   | 944,488.65      | 0          | 5         
124   | 944,027.61      | 0          | 5         
125   | 944,027.61      | 0          | 5         
126   | 944,027.61      | 0          | 5         
127   | 943,553.16      | 0          | 5         
128   | 943,553.16      | 0          | 5         
129   | 943,311.61      | 0          | 5         
130   | 943,288.07      | 0          | 5         
131   | 943,288.07      | 0          | 5         
132   | 942,868.62      | 0          | 5         
133   | 942,825.10      | 0          | 5         
134   | 942,825.10      | 0          | 5         
135   | 942,825.10      | 0          | 5         
136   | 942,816.65      | 0          | 5         
137   | 942,816.65      | 0          | 5         
138   | 942,816.65      | 0          | 5         
139   | 942,471.09      | 0          | 5         
140   | 942,471.09      | 0          | 5         
141   | 942,334.21      | 0          | 5         
142   | 942,330.53      | 0          | 5         
143   | 942,282.06      | 0          | 5         
144   | 942,282.06      | 0          | 5         
145   | 942,282.06      | 0          | 5         
146   | 942,282.06      | 0          | 5         
147   | 942,282.06      | 0          | 5         
148   | 942,152.14      | 0          | 5         
149   | 942,152.14      | 0          | 5         
150   | 942,047.06      | 0          | 5         
151   | 942,047.06      | 0          | 3         
152   | 942,047.06      | 0          | 5         
153   | 942,041.01      | 0          | 5         
154   | 942,041.01      | 0          | 5         
155   | 942,041.01      | 0          | 5         
156   | 942,041.01      | 0          | 5         
157   | 942,041.01      | 0          | 3         
158   | 941,916.97      | 0          | 3         
159   | 941,916.97      | 0          | 3         
160   | 941,916.97      | 0          | 3         
161   | 941,916.97      | 0          | 3         
162   | 941,916.97      | 0          | 3         
163   | 941,916.97      | 0          | 3         
164   | 941,895.19      | 0          | 3         
165   | 941,895.19      | 0          | 3         
166   | 941,872.72      | 0          | 5         
167   | 941,872.72      | 0          | 5         
168   | 941,787.26      | 0          | 5         
169   | 941,787.26      | 0          | 5         
170   | 941,731.82      | 0          | 3         
171   | 941,731.82      | 0          | 5         
172   | 941,731.82      | 0          | 5         
173   | 941,731.82      | 0          | 5         
174   | 941,731.82      | 0          | 5         
175   | 941,438.89      | 0          | 3         
176   | 941,438.89      | 0          | 5         
177   | 941,438.89      | 0          | 3         
178   | 941,438.89      | 0          | 5         
179   | 941,422.61      | 0          | 3         
180   | 941,376.63      | 0          | 5         
181   | 941,376.63      | 0          | 5         
182   | 941,338.64      | 0          | 3         
183   | 941,338.64      | 0          | 3         
184   | 941,338.64      | 0          | 5         
185   | 941,161.36      | 0          | 5         
186   | 941,161.36      | 0          | 5         
187   | 941,161.36      | 0          | 5         
188   | 941,161.36      | 0          | 3         
189   | 941,161.36      | 0          | 5         
190   | 941,161.36      | 0          | 5         
191   | 941,161.36      | 0          | 5         
192   | 941,161.36      | 0          | 5         
193   | 941,161.36      | 0          | 5         
194   | 941,161.36      | 0          | 5         
195   | 941,161.36      | 0          | 5         
196   | 941,161.36      | 0          | 5         
197   | 940,890.00      | 0          | 5         
198   | 940,890.00      | 0          | 3         
199   | 940,890.00      | 0          | 5         
200   | 940,890.00      | 0          | 5         
201   | 940,890.00      | 0          | 5         
202   | 940,890.00      | 0          | 5         
203   | 940,890.00      | 0          | 5         
204   | 940,890.00      | 0          | 5         
205   | 940,890.00      | 0          | 5         
206   | 940,890.00      | 0          | 3         
207   | 940,890.00      | 0          | 5         
208   | 940,890.00      | 0          | 3         
209   | 940,890.00      | 0          | 5         
210   | 940,890.00      | 0          | 5         
211   | 940,890.00      | 0          | 5         
212   | 940,890.00      | 0          | 5         
