==========================================================
 ANALYSIS REPORT: Week 12
==========================================================

1. Performance Metrics
----------------------
  Objective Value : 4,192,400.00
  RMP Relaxed Value (Root): 2,193,925.00
  Integrality Gap       : 91.0913 %
  Execution Time  : 38.5719 sec
  Iterations      : 106
  RMP Time  : 17.9612 s
  MIP Time  : 2.0650 s
  Pool Search Time: 8.1493 s
  Graph Search Time: 10.2995 s
  MIP Decision Variables: 379 (Columns used in Final MIP)
  MIP Filtered Columns  : 373 (Removed before MIP)

2. Column Generation & Pool Statistics
--------------------------------------
  Total Columns Generated (History) : 6225
  Pool Hits (Reused from History)   : 409
  Graph Gen (Newly Created)         : 333
  Pool Hit Rate                     : 55.1%

3. Shift Pattern Diversity (Unique Patterns)
------------------------------------------
  Type: TypeA  | Unique Patterns: 1204 / Total Gen: 1204
       -> Avg Length of Unique Patterns: 47.2 hours
  Type: TypeB  | Unique Patterns: 1253 / Total Gen: 2506
       -> Avg Length of Unique Patterns: 36.5 hours
  Type: TypeC  | Unique Patterns: 1255 / Total Gen: 2510
       -> Avg Length of Unique Patterns: 25.0 hours

4. Final Schedule Assignment Breakdown
--------------------------------------
  Emp 0  (TypeA): 50 hours worked
  Emp 1  (TypeB): 35 hours worked
  Emp 2  (TypeB): 39 hours worked
  Emp 3  (TypeC): 27 hours worked
  Emp 4  (TypeC): 27 hours worked

5. Iteration History (Convergence Log)
--------------------------------------
Iter  | RMP Obj Value   | Pool Hits  | Graph Gen 
--------------------------------------------------
1     | 114,011,900.00  | 10         | 0         
2     | 79,062,400.00   | 10         | 0         
3     | 40,144,000.00   | 10         | 0         
4     | 18,196,500.00   | 10         | 0         
5     | 16,196,260.00   | 10         | 0         
6     | 14,493,976.50   | 10         | 0         
7     | 13,199,325.00   | 10         | 0         
8     | 12,589,644.44   | 10         | 0         
9     | 11,677,894.55   | 10         | 0         
10    | 11,379,937.70   | 10         | 0         
11    | 11,097,172.80   | 10         | 0         
12    | 10,707,102.18   | 10         | 0         
13    | 10,615,930.41   | 10         | 0         
14    | 10,496,890.47   | 10         | 0         
15    | 10,474,741.16   | 9          | 0         
16    | 10,466,909.05   | 3          | 5         
17    | 8,103,098.85    | 10         | 0         
18    | 7,844,300.58    | 10         | 0         
19    | 7,694,296.82    | 10         | 0         
20    | 7,510,622.68    | 10         | 0         
21    | 7,451,457.61    | 10         | 0         
22    | 7,422,386.83    | 10         | 0         
23    | 7,418,529.65    | 1          | 5         
24    | 6,495,164.89    | 10         | 0         
25    | 6,305,225.80    | 10         | 0         
26    | 6,239,371.98    | 10         | 0         
27    | 6,233,187.08    | 6          | 0         
28    | 6,217,402.51    | 4          | 5         
29    | 5,816,656.10    | 10         | 0         
30    | 5,759,746.17    | 2          | 5         
31    | 5,218,940.06    | 10         | 0         
32    | 5,216,868.02    | 10         | 0         
33    | 5,213,657.74    | 2          | 5         
34    | 4,876,651.73    | 10         | 0         
35    | 4,866,441.66    | 10         | 0         
36    | 4,851,191.02    | 9          | 0         
37    | 4,850,280.04    | 0          | 5         
38    | 4,634,891.85    | 10         | 0         
39    | 4,612,598.62    | 0          | 5         
40    | 4,341,505.13    | 8          | 0         
41    | 4,324,994.17    | 0          | 5         
42    | 4,183,593.76    | 4          | 5         
43    | 4,116,274.93    | 8          | 0         
44    | 4,109,507.91    | 0          | 5         
45    | 3,832,531.95    | 2          | 5         
46    | 3,685,116.32    | 8          | 0         
47    | 3,680,052.80    | 2          | 5         
48    | 3,442,924.53    | 8          | 0         
49    | 3,441,800.59    | 3          | 5         
50    | 3,358,427.32    | 0          | 5         
51    | 3,294,340.88    | 10         | 0         
52    | 3,288,253.40    | 2          | 5         
53    | 3,149,827.09    | 4          | 5         
54    | 3,077,806.70    | 2          | 5         
55    | 3,039,513.49    | 0          | 5         
56    | 2,993,927.95    | 0          | 5         
57    | 2,993,927.95    | 2          | 5         
58    | 2,918,969.39    | 0          | 5         
59    | 2,828,034.70    | 2          | 5         
60    | 2,726,459.73    | 8          | 0         
61    | 2,725,936.88    | 0          | 5         
62    | 2,652,169.14    | 0          | 5         
63    | 2,587,686.02    | 0          | 5         
64    | 2,546,520.24    | 0          | 5         
65    | 2,524,289.68    | 0          | 5         
66    | 2,511,191.40    | 0          | 5         
67    | 2,483,736.25    | 0          | 5         
68    | 2,444,866.67    | 2          | 5         
69    | 2,437,508.57    | 4          | 5         
70    | 2,435,323.94    | 0          | 5         
71    | 2,428,007.82    | 0          | 5         
72    | 2,427,867.21    | 0          | 5         
73    | 2,394,702.43    | 0          | 5         
74    | 2,379,571.64    | 0          | 5         
75    | 2,374,528.27    | 0          | 5         
76    | 2,368,275.87    | 0          | 5         
77    | 2,364,141.19    | 0          | 5         
78    | 2,364,141.19    | 0          | 5         
79    | 2,362,217.58    | 0          | 5         
80    | 2,335,400.57    | 0          | 5         
81    | 2,319,044.30    | 0          | 5         
82    | 2,300,077.63    | 0          | 5         
83    | 2,292,369.44    | 0          | 5         
84    | 2,292,369.44    | 2          | 5         
85    | 2,275,725.67    | 0          | 5         
86    | 2,270,991.43    | 2          | 5         
87    | 2,262,646.54    | 0          | 5         
88    | 2,262,050.74    | 0          | 5         
89    | 2,261,745.30    | 0          | 5         
90    | 2,257,289.91    | 0          | 5         
91    | 2,249,747.44    | 0          | 5         
92    | 2,234,132.32    | 0          | 5         
93    | 2,231,389.32    | 0          | 5         
94    | 2,229,651.57    | 0          | 5         
95    | 2,229,651.57    | 0          | 5         
96    | 2,229,651.57    | 0          | 4         
97    | 2,229,651.57    | 0          | 5         
98    | 2,219,190.67    | 0          | 4         
99    | 2,200,574.74    | 0          | 4         
100   | 2,200,574.74    | 0          | 5         
101   | 2,193,925.00    | 0          | 5         
102   | 2,193,925.00    | 0          | 4         
103   | 2,193,925.00    | 0          | 4         
104   | 2,193,925.00    | 0          | 4         
105   | 2,193,925.00    | 0          | 5         
106   | 2,193,925.00    | 0          | 4         
