==========================================================
 ANALYSIS REPORT: Week 15
==========================================================

1. Performance Metrics
----------------------
  Objective Value : 3,159,600.00
  RMP Relaxed Value (Root): 158,400.23
  Integrality Gap       : 1894.6940 %
  Execution Time  : 57.7288 sec
  Iterations      : 111
  RMP Time  : 31.9720 s
  MIP Time  : 1.4809 s
  Pool Search Time: 8.2380 s
  Graph Search Time: 15.9194 s
  MIP Decision Variables: 112 (Columns used in Final MIP)
  MIP Filtered Columns  : 674 (Removed before MIP)

2. Column Generation & Pool Statistics
--------------------------------------
  Total Columns Generated (History) : 3713
  Pool Hits (Reused from History)   : 401
  Graph Gen (Newly Created)         : 375
  Pool Hit Rate                     : 51.7%

3. Shift Pattern Diversity (Unique Patterns)
------------------------------------------
  Type: TypeA  | Unique Patterns:  746 / Total Gen:  746
       -> Avg Length of Unique Patterns: 47.2 hours
  Type: TypeB  | Unique Patterns:  814 / Total Gen: 1476
       -> Avg Length of Unique Patterns: 36.4 hours
  Type: TypeC  | Unique Patterns:  831 / Total Gen: 1486
       -> Avg Length of Unique Patterns: 25.2 hours

4. Final Schedule Assignment Breakdown
--------------------------------------
  Emp 0  (TypeA): 44 hours worked
  Emp 1  (TypeB): 30 hours worked
  Emp 2  (TypeB): 34 hours worked
  Emp 3  (TypeC): 22 hours worked
  Emp 4  (TypeC): 20 hours worked

5. Iteration History (Convergence Log)
--------------------------------------
Iter  | RMP Obj Value   | Pool Hits  | Graph Gen 
--------------------------------------------------
1     | 90,016,000.00   | 10         | 0         
2     | 57,059,300.00   | 10         | 0         
3     | 23,638,100.00   | 10         | 0         
4     | 10,195,566.65   | 10         | 0         
5     | 7,795,440.00    | 10         | 0         
6     | 7,052,085.71    | 10         | 0         
7     | 5,846,391.93    | 10         | 0         
8     | 5,045,265.52    | 10         | 0         
9     | 4,448,380.80    | 10         | 0         
10    | 4,124,305.90    | 10         | 0         
11    | 3,538,402.58    | 10         | 0         
12    | 3,429,759.11    | 10         | 0         
13    | 3,247,833.43    | 10         | 0         
14    | 3,147,272.93    | 10         | 0         
15    | 3,074,743.98    | 10         | 0         
16    | 3,055,259.20    | 5          | 5         
17    | 2,291,530.47    | 10         | 0         
18    | 2,111,760.03    | 10         | 0         
19    | 2,054,695.30    | 10         | 0         
20    | 1,987,912.78    | 10         | 0         
21    | 1,975,873.93    | 4          | 5         
22    | 1,298,823.07    | 10         | 0         
23    | 1,228,533.39    | 10         | 0         
24    | 1,178,618.65    | 7          | 0         
25    | 1,170,589.60    | 5          | 5         
26    | 776,015.52      | 10         | 0         
27    | 757,024.30      | 10         | 0         
28    | 753,372.43      | 5          | 5         
29    | 653,130.73      | 10         | 0         
30    | 637,258.34      | 4          | 5         
31    | 485,686.17      | 10         | 0         
32    | 470,454.04      | 6          | 0         
33    | 441,769.81      | 6          | 0         
34    | 440,221.30      | 0          | 5         
35    | 414,715.14      | 10         | 0         
36    | 406,847.13      | 0          | 5         
37    | 256,051.28      | 10         | 0         
38    | 253,451.96      | 0          | 5         
39    | 192,032.96      | 10         | 0         
40    | 191,923.80      | 10         | 0         
41    | 191,788.30      | 7          | 0         
42    | 191,743.90      | 0          | 5         
43    | 189,221.56      | 10         | 0         
44    | 188,983.42      | 2          | 5         
45    | 187,885.48      | 6          | 0         
46    | 187,810.16      | 5          | 5         
47    | 186,428.90      | 5          | 5         
48    | 185,261.71      | 1          | 5         
49    | 182,539.64      | 4          | 5         
50    | 181,327.76      | 9          | 0         
51    | 181,202.77      | 0          | 5         
52    | 179,549.48      | 2          | 5         
53    | 179,088.27      | 4          | 5         
54    | 178,081.12      | 2          | 5         
55    | 177,067.99      | 2          | 5         
56    | 175,802.32      | 2          | 5         
57    | 175,387.48      | 0          | 5         
58    | 174,502.46      | 0          | 5         
59    | 173,556.07      | 4          | 5         
60    | 173,415.02      | 0          | 5         
61    | 173,093.65      | 0          | 5         
62    | 171,914.88      | 0          | 5         
63    | 171,726.45      | 0          | 5         
64    | 170,968.69      | 0          | 5         
65    | 169,848.66      | 0          | 5         
66    | 169,458.37      | 0          | 5         
67    | 168,804.11      | 0          | 5         
68    | 167,752.73      | 0          | 5         
69    | 166,939.31      | 0          | 5         
70    | 165,413.55      | 0          | 5         
71    | 165,407.80      | 0          | 5         
72    | 165,135.60      | 0          | 5         
73    | 165,003.80      | 0          | 5         
74    | 164,149.06      | 0          | 5         
75    | 163,528.53      | 0          | 5         
76    | 162,517.58      | 2          | 5         
77    | 162,156.38      | 0          | 5         
78    | 161,129.71      | 0          | 5         
79    | 161,064.17      | 0          | 5         
80    | 160,790.45      | 0          | 5         
81    | 160,545.89      | 0          | 5         
82    | 160,191.05      | 2          | 5         
83    | 159,936.35      | 0          | 5         
84    | 159,651.69      | 0          | 5         
85    | 159,608.08      | 0          | 5         
86    | 159,608.08      | 0          | 5         
87    | 159,575.97      | 0          | 5         
88    | 159,430.53      | 0          | 5         
89    | 159,330.04      | 0          | 5         
90    | 159,286.97      | 0          | 5         
91    | 159,156.09      | 0          | 5         
92    | 159,078.98      | 0          | 5         
93    | 159,054.71      | 0          | 5         
94    | 158,965.96      | 0          | 5         
95    | 158,922.64      | 0          | 5         
96    | 158,922.64      | 0          | 5         
97    | 158,874.61      | 0          | 5         
98    | 158,874.15      | 0          | 5         
99    | 158,852.61      | 0          | 5         
100   | 158,819.56      | 0          | 5         
101   | 158,819.56      | 0          | 5         
102   | 158,729.45      | 0          | 5         
103   | 158,690.43      | 0          | 5         
104   | 158,620.26      | 0          | 5         
105   | 158,530.95      | 0          | 5         
106   | 158,516.18      | 0          | 5         
107   | 158,444.73      | 0          | 5         
108   | 158,413.46      | 0          | 5         
109   | 158,413.46      | 0          | 5         
110   | 158,400.58      | 0          | 5         
111   | 158,400.23      | 0          | 5         
