==========================================================
 ANALYSIS REPORT: Week 13
==========================================================

1. Performance Metrics
----------------------
  Objective Value : 1,179,500.00
  RMP Relaxed Value (Root): 680,602.94
  Integrality Gap       : 73.3022 %
  Execution Time  : 152.2942 sec
  Iterations      : 186
  RMP Time  : 77.7772 s
  MIP Time  : 1.7679 s
  Pool Search Time: 40.5469 s
  Graph Search Time: 31.9294 s
  MIP Decision Variables: 1176 (Columns used in Final MIP)
  MIP Filtered Columns  : 0 (Removed before MIP)

2. Column Generation & Pool Statistics
--------------------------------------
  Total Columns Generated (History) : 9609
  Pool Hits (Reused from History)   : 461
  Graph Gen (Newly Created)         : 705
  Pool Hit Rate                     : 39.5%

3. Shift Pattern Diversity (Unique Patterns)
------------------------------------------
  Type: TypeA  | Unique Patterns: 1850 / Total Gen: 1850
       -> Avg Length of Unique Patterns: 47.1 hours
  Type: TypeB  | Unique Patterns: 1920 / Total Gen: 3840
       -> Avg Length of Unique Patterns: 36.2 hours
  Type: TypeC  | Unique Patterns: 1957 / Total Gen: 3914
       -> Avg Length of Unique Patterns: 24.6 hours

4. Final Schedule Assignment Breakdown
--------------------------------------
  Emp 0  (TypeA): 48 hours worked
  Emp 1  (TypeB): 36 hours worked
  Emp 2  (TypeB): 33 hours worked
  Emp 3  (TypeC): 23 hours worked
  Emp 4  (TypeC): 23 hours worked

5. Iteration History (Convergence Log)
--------------------------------------
Iter  | RMP Obj Value   | Pool Hits  | Graph Gen 
--------------------------------------------------
1     | 106,016,000.00  | 10         | 0         
2     | 72,058,600.00   | 10         | 0         
3     | 34,142,600.00   | 10         | 0         
4     | 19,521,066.67   | 10         | 0         
5     | 13,863,500.00   | 10         | 0         
6     | 10,416,707.12   | 10         | 0         
7     | 8,900,081.84    | 10         | 0         
8     | 8,194,050.03    | 10         | 0         
9     | 7,524,005.02    | 10         | 0         
10    | 7,055,096.02    | 10         | 0         
11    | 6,171,053.00    | 10         | 0         
12    | 6,099,893.85    | 10         | 0         
13    | 5,836,792.81    | 10         | 0         
14    | 5,654,421.49    | 10         | 0         
15    | 5,584,328.45    | 10         | 0         
16    | 5,468,948.38    | 10         | 0         
17    | 5,405,896.44    | 10         | 0         
18    | 5,361,728.59    | 7          | 0         
19    | 5,355,886.83    | 4          | 5         
20    | 4,141,016.90    | 10         | 0         
21    | 3,676,442.68    | 10         | 0         
22    | 3,467,446.66    | 10         | 0         
23    | 3,358,871.96    | 9          | 0         
24    | 3,358,535.68    | 5          | 5         
25    | 2,826,544.98    | 10         | 0         
26    | 2,797,596.09    | 10         | 0         
27    | 2,778,530.44    | 0          | 5         
28    | 2,594,394.08    | 10         | 0         
29    | 2,590,113.89    | 10         | 0         
30    | 2,588,136.93    | 8          | 0         
31    | 2,585,541.58    | 2          | 5         
32    | 2,349,101.79    | 10         | 0         
33    | 2,343,500.64    | 10         | 0         
34    | 2,336,294.91    | 8          | 0         
35    | 2,321,181.41    | 4          | 5         
36    | 2,148,145.68    | 10         | 0         
37    | 2,136,103.46    | 5          | 5         
38    | 2,112,635.29    | 0          | 5         
39    | 1,935,432.97    | 10         | 0         
40    | 1,916,225.13    | 10         | 0         
41    | 1,906,152.18    | 4          | 5         
42    | 1,804,788.59    | 10         | 0         
43    | 1,789,690.11    | 8          | 0         
44    | 1,789,448.50    | 0          | 5         
45    | 1,788,112.64    | 4          | 5         
46    | 1,733,566.36    | 4          | 5         
47    | 1,646,438.27    | 0          | 5         
48    | 1,528,149.14    | 3          | 5         
49    | 1,481,162.02    | 10         | 0         
50    | 1,481,162.02    | 2          | 5         
51    | 1,370,099.67    | 0          | 5         
52    | 1,283,566.48    | 8          | 0         
53    | 1,279,317.95    | 0          | 5         
54    | 1,252,833.20    | 0          | 5         
55    | 1,143,932.18    | 2          | 5         
56    | 1,034,590.92    | 4          | 5         
57    | 1,001,689.18    | 8          | 0         
58    | 998,591.76      | 0          | 5         
59    | 956,507.70      | 2          | 5         
60    | 948,486.95      | 4          | 5         
61    | 885,472.95      | 10         | 0         
62    | 885,361.25      | 2          | 5         
63    | 847,224.31      | 0          | 5         
64    | 793,172.96      | 10         | 0         
65    | 793,001.54      | 2          | 5         
66    | 766,026.50      | 0          | 5         
67    | 758,170.58      | 0          | 5         
68    | 742,570.93      | 0          | 5         
69    | 739,079.99      | 0          | 5         
70    | 730,889.56      | 0          | 5         
71    | 727,555.77      | 0          | 5         
72    | 724,916.21      | 0          | 5         
73    | 711,325.22      | 0          | 5         
74    | 699,946.64      | 0          | 5         
75    | 687,690.00      | 2          | 5         
76    | 687,190.60      | 7          | 0         
77    | 687,190.60      | 0          | 5         
78    | 687,133.33      | 0          | 5         
79    | 686,724.24      | 0          | 5         
80    | 686,471.00      | 0          | 5         
81    | 686,169.26      | 0          | 5         
82    | 686,157.18      | 0          | 5         
83    | 685,898.93      | 10         | 0         
84    | 685,898.93      | 1          | 5         
85    | 685,898.93      | 0          | 5         
86    | 685,898.93      | 0          | 5         
87    | 685,898.93      | 0          | 5         
88    | 685,898.93      | 0          | 5         
89    | 685,409.89      | 0          | 5         
90    | 685,238.46      | 0          | 5         
91    | 685,183.51      | 0          | 5         
92    | 684,975.81      | 0          | 5         
93    | 684,975.81      | 0          | 5         
94    | 684,975.81      | 0          | 5         
95    | 684,852.02      | 0          | 5         
96    | 684,781.01      | 0          | 5         
97    | 684,492.67      | 0          | 5         
98    | 684,492.67      | 2          | 5         
99    | 684,492.67      | 0          | 5         
100   | 684,492.67      | 0          | 5         
101   | 684,378.75      | 0          | 5         
102   | 684,378.75      | 0          | 5         
103   | 684,378.75      | 0          | 5         
104   | 684,378.75      | 0          | 5         
105   | 684,378.75      | 0          | 5         
106   | 684,378.75      | 0          | 5         
107   | 684,325.58      | 0          | 5         
108   | 684,325.58      | 0          | 5         
109   | 684,165.21      | 0          | 5         
110   | 684,165.21      | 0          | 5         
111   | 683,614.06      | 0          | 5         
112   | 683,614.06      | 0          | 5         
113   | 683,614.06      | 0          | 5         
114   | 683,467.81      | 0          | 5         
115   | 683,465.66      | 0          | 5         
116   | 683,280.00      | 0          | 5         
117   | 683,280.00      | 0          | 5         
118   | 683,180.45      | 0          | 5         
119   | 682,911.77      | 0          | 5         
120   | 682,911.77      | 0          | 5         
121   | 682,715.85      | 0          | 5         
122   | 682,715.85      | 0          | 5         
123   | 682,715.85      | 0          | 5         
124   | 682,586.70      | 0          | 5         
125   | 682,586.70      | 0          | 5         
126   | 682,132.93      | 0          | 5         
127   | 682,060.00      | 0          | 5         
128   | 682,060.00      | 0          | 5         
129   | 682,060.00      | 0          | 5         
130   | 681,695.83      | 0          | 5         
131   | 681,422.64      | 0          | 5         
132   | 681,422.64      | 0          | 5         
133   | 681,243.09      | 0          | 5         
134   | 681,243.09      | 0          | 5         
135   | 681,085.00      | 0          | 5         
136   | 681,085.00      | 0          | 5         
137   | 681,085.00      | 0          | 5         
138   | 681,064.43      | 0          | 5         
139   | 681,064.43      | 0          | 5         
140   | 681,064.43      | 0          | 5         
141   | 681,064.43      | 0          | 5         
142   | 681,064.43      | 0          | 5         
143   | 681,064.43      | 0          | 5         
144   | 681,026.12      | 0          | 5         
145   | 681,007.92      | 0          | 5         
146   | 680,859.98      | 0          | 5         
147   | 680,859.98      | 0          | 5         
148   | 680,859.98      | 0          | 5         
149   | 680,836.28      | 0          | 5         
150   | 680,836.28      | 0          | 5         
151   | 680,836.28      | 0          | 5         
152   | 680,836.28      | 0          | 5         
153   | 680,836.28      | 0          | 5         
154   | 680,836.28      | 0          | 5         
155   | 680,836.28      | 0          | 5         
156   | 680,836.28      | 0          | 5         
157   | 680,836.28      | 0          | 5         
158   | 680,799.27      | 0          | 5         
159   | 680,799.27      | 0          | 5         
160   | 680,799.27      | 0          | 5         
161   | 680,799.27      | 0          | 5         
162   | 680,775.00      | 0          | 3         
163   | 680,775.00      | 0          | 3         
164   | 680,775.00      | 0          | 3         
165   | 680,775.00      | 0          | 3         
166   | 680,775.00      | 0          | 3         
167   | 680,775.00      | 0          | 5         
168   | 680,775.00      | 0          | 3         
169   | 680,739.00      | 0          | 5         
170   | 680,739.00      | 0          | 5         
171   | 680,739.00      | 0          | 5         
172   | 680,705.94      | 0          | 5         
173   | 680,705.94      | 0          | 5         
174   | 680,705.94      | 0          | 5         
175   | 680,690.00      | 0          | 5         
176   | 680,602.94      | 0          | 5         
177   | 680,602.94      | 0          | 4         
178   | 680,602.94      | 0          | 5         
179   | 680,602.94      | 0          | 5         
180   | 680,602.94      | 0          | 5         
181   | 680,602.94      | 0          | 5         
182   | 680,602.94      | 0          | 5         
183   | 680,602.94      | 0          | 5         
184   | 680,602.94      | 0          | 5         
185   | 680,602.94      | 0          | 4         
186   | 680,602.94      | 0          | 4         
