==========================================================
 ANALYSIS REPORT: Week 12
==========================================================

1. Performance Metrics
----------------------
  Objective Value : 3,193,400.00
  RMP Relaxed Value (Root): 2,189,997.92
  Integrality Gap       : 45.8175 %
  Execution Time  : 158.3435 sec
  Iterations      : 191
  RMP Time  : 83.3541 s
  MIP Time  : 3.3733 s
  Pool Search Time: 37.9340 s
  Graph Search Time: 33.4012 s
  MIP Decision Variables: 1165 (Columns used in Final MIP)
  MIP Filtered Columns  : 0 (Removed before MIP)

2. Column Generation & Pool Statistics
--------------------------------------
  Total Columns Generated (History) : 8904
  Pool Hits (Reused from History)   : 431
  Graph Gen (Newly Created)         : 724
  Pool Hit Rate                     : 37.3%

3. Shift Pattern Diversity (Unique Patterns)
------------------------------------------
  Type: TypeA  | Unique Patterns: 1709 / Total Gen: 1709
       -> Avg Length of Unique Patterns: 47.2 hours
  Type: TypeB  | Unique Patterns: 1776 / Total Gen: 3552
       -> Avg Length of Unique Patterns: 36.4 hours
  Type: TypeC  | Unique Patterns: 1819 / Total Gen: 3638
       -> Avg Length of Unique Patterns: 24.8 hours

4. Final Schedule Assignment Breakdown
--------------------------------------
  Emp 0  (TypeA): 49 hours worked
  Emp 1  (TypeB): 37 hours worked
  Emp 2  (TypeB): 38 hours worked
  Emp 3  (TypeC): 28 hours worked
  Emp 4  (TypeC): 24 hours worked

5. Iteration History (Convergence Log)
--------------------------------------
Iter  | RMP Obj Value   | Pool Hits  | Graph Gen 
--------------------------------------------------
1     | 114,011,900.00  | 10         | 0         
2     | 79,059,800.00   | 10         | 0         
3     | 40,640,450.00   | 10         | 0         
4     | 18,697,350.00   | 10         | 0         
5     | 16,945,625.00   | 10         | 0         
6     | 15,332,466.65   | 10         | 0         
7     | 13,589,296.55   | 10         | 0         
8     | 12,105,113.66   | 10         | 0         
9     | 11,466,848.87   | 10         | 0         
10    | 10,639,090.14   | 10         | 0         
11    | 10,005,431.29   | 10         | 0         
12    | 9,704,455.35    | 10         | 0         
13    | 9,660,133.82    | 10         | 0         
14    | 9,497,629.17    | 10         | 0         
15    | 9,424,954.82    | 10         | 0         
16    | 9,379,139.56    | 10         | 0         
17    | 9,369,328.20    | 2          | 5         
18    | 7,946,048.46    | 10         | 0         
19    | 7,694,684.86    | 10         | 0         
20    | 7,633,378.29    | 10         | 0         
21    | 7,470,706.40    | 10         | 0         
22    | 7,468,703.26    | 10         | 0         
23    | 7,453,293.05    | 9          | 0         
24    | 7,452,870.09    | 8          | 0         
25    | 7,452,597.90    | 3          | 5         
26    | 6,389,734.46    | 10         | 0         
27    | 6,337,543.43    | 10         | 0         
28    | 6,306,542.45    | 8          | 0         
29    | 6,306,180.72    | 4          | 5         
30    | 5,961,953.51    | 10         | 0         
31    | 5,942,863.25    | 10         | 0         
32    | 5,914,932.97    | 9          | 0         
33    | 5,909,917.63    | 5          | 5         
34    | 5,546,496.31    | 10         | 0         
35    | 5,506,369.70    | 2          | 5         
36    | 5,147,015.79    | 10         | 0         
37    | 5,137,136.00    | 0          | 5         
38    | 4,665,720.08    | 10         | 0         
39    | 4,625,941.01    | 4          | 5         
40    | 4,250,952.55    | 10         | 0         
41    | 4,207,469.97    | 4          | 5         
42    | 3,964,766.73    | 4          | 5         
43    | 3,780,023.40    | 10         | 0         
44    | 3,771,606.66    | 10         | 0         
45    | 3,763,103.19    | 6          | 0         
46    | 3,762,675.64    | 0          | 5         
47    | 3,685,948.97    | 10         | 0         
48    | 3,667,593.46    | 6          | 0         
49    | 3,666,486.20    | 1          | 5         
50    | 3,565,395.98    | 6          | 0         
51    | 3,561,683.96    | 0          | 5         
52    | 3,488,505.92    | 8          | 0         
53    | 3,488,505.93    | 0          | 5         
54    | 3,417,769.91    | 0          | 5         
55    | 3,303,509.12    | 8          | 0         
56    | 3,303,287.65    | 0          | 5         
57    | 3,206,048.06    | 2          | 5         
58    | 3,124,458.85    | 2          | 5         
59    | 3,053,490.33    | 2          | 5         
60    | 2,892,529.76    | 0          | 5         
61    | 2,804,248.19    | 2          | 5         
62    | 2,756,898.57    | 0          | 5         
63    | 2,752,916.49    | 2          | 5         
64    | 2,737,773.06    | 0          | 5         
65    | 2,706,893.29    | 0          | 5         
66    | 2,661,262.25    | 0          | 5         
67    | 2,594,036.35    | 2          | 5         
68    | 2,564,322.27    | 0          | 5         
69    | 2,548,023.05    | 0          | 5         
70    | 2,545,574.08    | 0          | 5         
71    | 2,544,043.46    | 0          | 5         
72    | 2,544,043.46    | 0          | 5         
73    | 2,510,717.87    | 0          | 5         
74    | 2,489,400.55    | 0          | 5         
75    | 2,453,107.52    | 0          | 5         
76    | 2,450,329.36    | 0          | 5         
77    | 2,442,954.29    | 0          | 5         
78    | 2,436,410.83    | 0          | 5         
79    | 2,431,954.87    | 0          | 5         
80    | 2,414,413.50    | 0          | 5         
81    | 2,397,556.59    | 0          | 5         
82    | 2,375,077.52    | 0          | 5         
83    | 2,366,671.76    | 0          | 5         
84    | 2,366,671.76    | 0          | 5         
85    | 2,346,590.97    | 0          | 5         
86    | 2,333,596.99    | 2          | 5         
87    | 2,332,287.01    | 0          | 5         
88    | 2,319,813.92    | 0          | 5         
89    | 2,316,396.43    | 0          | 5         
90    | 2,304,791.01    | 0          | 5         
91    | 2,301,876.72    | 0          | 5         
92    | 2,301,837.29    | 0          | 5         
93    | 2,297,047.84    | 0          | 5         
94    | 2,288,924.66    | 0          | 5         
95    | 2,285,273.66    | 0          | 5         
96    | 2,284,620.75    | 0          | 5         
97    | 2,268,234.30    | 0          | 5         
98    | 2,267,882.73    | 0          | 5         
99    | 2,249,156.61    | 0          | 5         
100   | 2,233,622.64    | 0          | 5         
101   | 2,233,592.74    | 0          | 5         
102   | 2,221,179.90    | 0          | 5         
103   | 2,205,666.54    | 0          | 5         
104   | 2,205,666.54    | 0          | 5         
105   | 2,194,406.58    | 0          | 5         
106   | 2,194,160.71    | 0          | 5         
107   | 2,194,160.71    | 0          | 5         
108   | 2,194,160.71    | 0          | 5         
109   | 2,193,364.28    | 0          | 4         
110   | 2,193,364.28    | 0          | 4         
111   | 2,193,364.28    | 0          | 4         
112   | 2,192,747.37    | 0          | 5         
113   | 2,192,747.37    | 0          | 5         
114   | 2,192,747.37    | 0          | 5         
115   | 2,192,076.92    | 0          | 4         
116   | 2,192,076.92    | 0          | 5         
117   | 2,192,076.92    | 0          | 5         
118   | 2,192,076.92    | 0          | 5         
119   | 2,192,076.92    | 0          | 4         
120   | 2,192,076.92    | 0          | 4         
121   | 2,191,565.52    | 0          | 4         
122   | 2,191,565.52    | 0          | 5         
123   | 2,191,565.52    | 0          | 5         
124   | 2,191,537.37    | 0          | 5         
125   | 2,191,537.37    | 0          | 4         
126   | 2,191,537.37    | 0          | 5         
127   | 2,191,340.15    | 0          | 5         
128   | 2,191,340.15    | 0          | 5         
129   | 2,191,340.15    | 0          | 5         
130   | 2,191,340.15    | 0          | 5         
131   | 2,191,340.15    | 0          | 5         
132   | 2,191,340.15    | 0          | 5         
133   | 2,191,340.15    | 0          | 5         
134   | 2,191,297.44    | 0          | 5         
135   | 2,191,163.64    | 0          | 4         
136   | 2,191,163.64    | 0          | 4         
137   | 2,191,163.64    | 0          | 5         
138   | 2,191,163.64    | 0          | 5         
139   | 2,191,163.64    | 0          | 5         
140   | 2,191,163.64    | 0          | 5         
141   | 2,191,033.33    | 0          | 5         
142   | 2,191,033.33    | 0          | 5         
143   | 2,191,033.33    | 0          | 5         
144   | 2,191,033.33    | 0          | 5         
145   | 2,190,613.54    | 0          | 5         
146   | 2,190,613.54    | 0          | 5         
147   | 2,190,613.54    | 0          | 5         
148   | 2,190,613.54    | 0          | 5         
149   | 2,190,613.54    | 0          | 5         
150   | 2,190,613.54    | 0          | 4         
151   | 2,190,613.54    | 0          | 5         
152   | 2,190,613.54    | 0          | 5         
153   | 2,190,613.54    | 0          | 4         
154   | 2,190,613.54    | 0          | 5         
155   | 2,190,540.71    | 0          | 5         
156   | 2,190,540.71    | 0          | 5         
157   | 2,190,540.71    | 0          | 4         
158   | 2,190,540.71    | 0          | 5         
159   | 2,190,411.11    | 0          | 5         
160   | 2,190,411.11    | 0          | 5         
161   | 2,190,266.67    | 0          | 5         
162   | 2,190,266.67    | 0          | 4         
163   | 2,190,266.67    | 0          | 5         
164   | 2,190,266.67    | 0          | 5         
165   | 2,190,266.67    | 0          | 5         
166   | 2,190,209.54    | 0          | 4         
167   | 2,190,209.54    | 0          | 5         
168   | 2,190,209.54    | 0          | 4         
169   | 2,190,209.54    | 0          | 5         
170   | 2,190,209.54    | 0          | 5         
171   | 2,190,192.86    | 0          | 5         
172   | 2,190,192.86    | 0          | 4         
173   | 2,190,192.86    | 0          | 4         
174   | 2,190,192.86    | 0          | 4         
175   | 2,190,094.17    | 0          | 5         
176   | 2,190,094.17    | 0          | 5         
177   | 2,190,094.17    | 0          | 4         
178   | 2,190,094.17    | 0          | 5         
179   | 2,190,094.17    | 0          | 4         
180   | 2,190,094.17    | 0          | 4         
181   | 2,189,997.92    | 0          | 4         
182   | 2,189,997.92    | 0          | 4         
183   | 2,189,997.92    | 0          | 5         
184   | 2,189,997.92    | 0          | 4         
185   | 2,189,997.92    | 0          | 4         
186   | 2,189,997.92    | 0          | 5         
187   | 2,189,997.92    | 0          | 5         
188   | 2,189,997.92    | 0          | 5         
189   | 2,189,997.92    | 0          | 5         
190   | 2,189,997.92    | 0          | 5         
191   | 2,189,997.92    | 0          | 5         
