==========================================================
 ANALYSIS REPORT: Week 14
==========================================================

1. Performance Metrics
----------------------
  Objective Value : 1,190,800.00
  RMP Relaxed Value (Root): 191,025.00
  Integrality Gap       : 523.3739 %
  Execution Time  : 112.5665 sec
  Iterations      : 141
  RMP Time  : 51.1844 s
  MIP Time  : 4.7143 s
  Pool Search Time: 33.1668 s
  Graph Search Time: 23.2955 s
  MIP Decision Variables: 953 (Columns used in Final MIP)
  MIP Filtered Columns  : 0 (Removed before MIP)

2. Column Generation & Pool Statistics
--------------------------------------
  Total Columns Generated (History) : 10123
  Pool Hits (Reused from History)   : 429
  Graph Gen (Newly Created)         : 514
  Pool Hit Rate                     : 45.5%

3. Shift Pattern Diversity (Unique Patterns)
------------------------------------------
  Type: TypeA  | Unique Patterns: 1952 / Total Gen: 1952
       -> Avg Length of Unique Patterns: 47.1 hours
  Type: TypeB  | Unique Patterns: 2023 / Total Gen: 4046
       -> Avg Length of Unique Patterns: 36.2 hours
  Type: TypeC  | Unique Patterns: 2060 / Total Gen: 4120
       -> Avg Length of Unique Patterns: 24.7 hours

4. Final Schedule Assignment Breakdown
--------------------------------------
  Emp 0  (TypeA): 47 hours worked
  Emp 1  (TypeB): 38 hours worked
  Emp 2  (TypeB): 37 hours worked
  Emp 3  (TypeC): 27 hours worked
  Emp 4  (TypeC): 25 hours worked

5. Iteration History (Convergence Log)
--------------------------------------
Iter  | RMP Obj Value   | Pool Hits  | Graph Gen 
--------------------------------------------------
1     | 106,012,000.00  | 10         | 0         
2     | 75,059,800.00   | 10         | 0         
3     | 34,536,960.00   | 10         | 0         
4     | 20,198,500.00   | 10         | 0         
5     | 13,197,650.00   | 10         | 0         
6     | 10,697,950.00   | 10         | 0         
7     | 10,397,200.00   | 10         | 0         
8     | 9,592,934.77    | 10         | 0         
9     | 8,848,639.51    | 10         | 0         
10    | 8,409,775.39    | 10         | 0         
11    | 8,246,998.65    | 10         | 0         
12    | 7,773,275.86    | 10         | 0         
13    | 7,570,385.88    | 10         | 0         
14    | 7,368,371.21    | 10         | 0         
15    | 7,182,617.87    | 10         | 0         
16    | 7,112,570.56    | 10         | 0         
17    | 7,006,663.69    | 10         | 0         
18    | 6,986,728.08    | 10         | 0         
19    | 6,966,929.62    | 10         | 0         
20    | 6,952,709.51    | 5          | 5         
21    | 5,696,672.39    | 10         | 0         
22    | 5,336,757.34    | 10         | 0         
23    | 5,235,450.16    | 10         | 0         
24    | 5,165,613.43    | 10         | 0         
25    | 5,119,806.88    | 10         | 0         
26    | 5,100,566.15    | 8          | 0         
27    | 5,098,291.59    | 0          | 5         
28    | 3,464,093.77    | 10         | 0         
29    | 3,286,213.56    | 10         | 0         
30    | 3,250,414.32    | 10         | 0         
31    | 3,243,776.02    | 9          | 0         
32    | 3,242,794.96    | 4          | 5         
33    | 3,009,977.29    | 10         | 0         
34    | 2,961,155.81    | 10         | 0         
35    | 2,950,526.14    | 7          | 0         
36    | 2,948,866.83    | 1          | 5         
37    | 2,503,767.94    | 9          | 0         
38    | 2,498,603.70    | 2          | 5         
39    | 2,374,260.42    | 5          | 5         
40    | 2,130,118.43    | 4          | 5         
41    | 1,960,011.40    | 6          | 0         
42    | 1,959,369.16    | 2          | 5         
43    | 1,899,087.79    | 0          | 5         
44    | 1,785,671.26    | 0          | 5         
45    | 1,526,118.77    | 4          | 5         
46    | 1,431,984.92    | 8          | 0         
47    | 1,430,766.39    | 0          | 5         
48    | 1,337,854.96    | 10         | 0         
49    | 1,323,769.86    | 0          | 5         
50    | 1,160,639.95    | 10         | 0         
51    | 1,157,332.42    | 2          | 5         
52    | 1,058,705.23    | 10         | 0         
53    | 1,055,046.44    | 0          | 5         
54    | 992,543.07      | 4          | 5         
55    | 926,231.51      | 2          | 5         
56    | 903,443.17      | 2          | 5         
57    | 870,325.40      | 5          | 5         
58    | 832,269.76      | 0          | 5         
59    | 788,726.02      | 0          | 5         
60    | 728,625.02      | 0          | 5         
61    | 676,911.38      | 0          | 5         
62    | 649,342.86      | 0          | 5         
63    | 623,180.15      | 2          | 5         
64    | 592,238.92      | 2          | 5         
65    | 577,218.82      | 0          | 5         
66    | 571,076.39      | 0          | 5         
67    | 540,638.15      | 0          | 5         
68    | 511,773.21      | 0          | 5         
69    | 485,169.10      | 4          | 5         
70    | 481,564.99      | 0          | 5         
71    | 463,486.61      | 4          | 5         
72    | 441,536.43      | 0          | 5         
73    | 422,563.28      | 0          | 5         
74    | 420,982.02      | 0          | 5         
75    | 404,505.57      | 0          | 5         
76    | 394,233.71      | 0          | 5         
77    | 380,499.76      | 0          | 5         
78    | 379,280.95      | 0          | 5         
79    | 371,296.42      | 0          | 5         
80    | 359,524.35      | 0          | 5         
81    | 349,240.16      | 0          | 5         
82    | 311,637.67      | 0          | 5         
83    | 286,763.15      | 0          | 5         
84    | 274,253.75      | 0          | 5         
85    | 264,157.11      | 0          | 5         
86    | 264,157.11      | 0          | 5         
87    | 226,106.78      | 0          | 5         
88    | 224,422.76      | 0          | 5         
89    | 221,135.81      | 0          | 5         
90    | 215,570.43      | 0          | 5         
91    | 208,342.27      | 0          | 5         
92    | 205,335.14      | 0          | 5         
93    | 205,197.62      | 0          | 5         
94    | 204,185.96      | 4          | 5         
95    | 204,185.96      | 0          | 5         
96    | 199,696.65      | 0          | 5         
97    | 199,581.89      | 0          | 5         
98    | 197,712.75      | 2          | 5         
99    | 197,712.74      | 0          | 5         
100   | 196,203.37      | 0          | 5         
101   | 196,082.68      | 0          | 5         
102   | 196,027.31      | 0          | 5         
103   | 195,435.98      | 0          | 5         
104   | 194,540.80      | 2          | 5         
105   | 194,540.80      | 0          | 5         
106   | 194,540.80      | 0          | 5         
107   | 194,540.80      | 0          | 5         
108   | 194,540.80      | 0          | 5         
109   | 194,207.32      | 0          | 5         
110   | 194,207.32      | 0          | 5         
111   | 194,207.32      | 0          | 5         
112   | 194,200.00      | 0          | 5         
113   | 193,885.42      | 0          | 5         
114   | 193,885.42      | 0          | 5         
115   | 193,865.52      | 0          | 4         
116   | 192,927.59      | 0          | 5         
117   | 192,927.59      | 0          | 5         
118   | 192,822.39      | 0          | 5         
119   | 192,822.39      | 0          | 5         
120   | 192,822.39      | 0          | 5         
121   | 192,822.39      | 0          | 5         
122   | 192,551.14      | 0          | 5         
123   | 192,336.76      | 0          | 5         
124   | 192,336.76      | 0          | 5         
125   | 192,054.17      | 0          | 5         
126   | 191,851.35      | 0          | 5         
127   | 191,553.91      | 0          | 5         
128   | 191,553.91      | 0          | 5         
129   | 191,553.91      | 0          | 5         
130   | 191,553.91      | 0          | 5         
131   | 191,025.00      | 0          | 5         
132   | 191,025.00      | 0          | 5         
133   | 191,025.00      | 0          | 5         
134   | 191,025.00      | 0          | 5         
135   | 191,025.00      | 0          | 5         
136   | 191,025.00      | 0          | 5         
137   | 191,025.00      | 0          | 5         
138   | 191,025.00      | 0          | 5         
139   | 191,025.00      | 0          | 5         
140   | 191,025.00      | 0          | 5         
141   | 191,025.00      | 0          | 5         
