==========================================================
 ANALYSIS REPORT: Week 15
==========================================================

1. Performance Metrics
----------------------
  Objective Value : 1,160,800.00
  RMP Relaxed Value (Root): 154,311.30
  Integrality Gap       : 652.2456 %
  MIP Best Bound (Final)  : 1,160,800.00
  Final MIP Gap           : 0.0000 %
  Execution Time  : 101.1912 sec
  Iterations      : 174
  RMP Time  : 55.2543 s
  MIP Time  : 6.9598 s
  Pool Search Time: 3.7019 s
  Graph Search Time: 35.1151 s
  MIP Decision Variables: 1020 (Columns used in Final MIP)
  MIP Filtered Columns  : 0 (Removed before MIP)

2. Column Generation & Pool Statistics
--------------------------------------
  Total Columns Generated (History) : 1770
  Pool Hits (Reused from History)   : 250
  Graph Gen (Newly Created)         : 760
  Pool Hit Rate                     : 24.8%

3. Shift Pattern Diversity (Unique Patterns)
------------------------------------------
  Type: TypeA  | Unique Patterns:  334 / Total Gen:  334
       -> Avg Length of Unique Patterns: 45.4 hours
  Type: TypeB  | Unique Patterns:  358 / Total Gen:  716
       -> Avg Length of Unique Patterns: 34.4 hours
  Type: TypeC  | Unique Patterns:  358 / Total Gen:  715
       -> Avg Length of Unique Patterns: 23.1 hours

4. Final Schedule Assignment Breakdown
--------------------------------------
  Emp 0  (TypeA): 43 hours worked
  Emp 1  (TypeB): 37 hours worked
  Emp 2  (TypeB): 31 hours worked
  Emp 3  (TypeC): 22 hours worked
  Emp 4  (TypeC): 20 hours worked

5. Iteration History (Convergence Log)
--------------------------------------
Iter  | RMP Obj Value   | Pool Hits  | Graph Gen 
--------------------------------------------------
1     | 90,016,000.00   | 10         | 0         
2     | 58,059,600.00   | 10         | 0         
3     | 28,136,400.00   | 10         | 0         
4     | 15,699,050.00   | 10         | 0         
5     | 12,197,700.00   | 10         | 0         
6     | 12,197,700.00   | 10         | 0         
7     | 11,130,400.01   | 10         | 0         
8     | 10,198,150.00   | 10         | 0         
9     | 9,714,628.50    | 10         | 0         
10    | 9,519,432.25    | 10         | 0         
11    | 9,255,636.63    | 10         | 0         
12    | 9,112,444.29    | 10         | 0         
13    | 8,854,822.62    | 7          | 0         
14    | 8,846,965.59    | 4          | 5         
15    | 5,388,218.44    | 10         | 0         
16    | 5,321,025.80    | 7          | 0         
17    | 5,254,383.05    | 6          | 0         
18    | 5,254,383.05    | 0          | 5         
19    | 4,104,239.80    | 10         | 0         
20    | 3,924,761.12    | 4          | 5         
21    | 3,029,984.35    | 9          | 0         
22    | 3,008,311.35    | 4          | 5         
23    | 2,764,785.02    | 10         | 0         
24    | 2,732,148.32    | 4          | 5         
25    | 2,571,832.55    | 4          | 5         
26    | 2,234,296.93    | 5          | 5         
27    | 1,967,051.26    | 10         | 0         
28    | 1,958,881.56    | 2          | 5         
29    | 1,792,760.09    | 2          | 5         
30    | 1,727,465.71    | 2          | 5         
31    | 1,595,447.76    | 0          | 5         
32    | 1,375,558.04    | 0          | 5         
33    | 1,222,408.29    | 4          | 5         
34    | 1,090,657.42    | 0          | 5         
35    | 920,876.42      | 0          | 5         
36    | 830,393.37      | 2          | 5         
37    | 779,712.25      | 4          | 5         
38    | 633,872.73      | 4          | 5         
39    | 493,610.76      | 0          | 5         
40    | 420,343.18      | 0          | 5         
41    | 362,473.93      | 5          | 5         
42    | 351,934.22      | 4          | 5         
43    | 320,686.12      | 0          | 5         
44    | 277,490.58      | 0          | 5         
45    | 246,657.33      | 0          | 5         
46    | 246,304.09      | 0          | 5         
47    | 176,808.69      | 4          | 5         
48    | 175,332.24      | 2          | 5         
49    | 173,883.57      | 0          | 5         
50    | 171,967.94      | 0          | 5         
51    | 170,759.22      | 1          | 5         
52    | 169,989.19      | 0          | 5         
53    | 169,553.85      | 0          | 5         
54    | 169,080.20      | 0          | 5         
55    | 168,262.57      | 0          | 5         
56    | 167,272.86      | 0          | 5         
57    | 167,121.92      | 0          | 5         
58    | 167,017.20      | 0          | 5         
59    | 166,570.50      | 0          | 5         
60    | 166,369.23      | 0          | 5         
61    | 165,647.28      | 0          | 5         
62    | 165,167.43      | 0          | 5         
63    | 165,009.16      | 0          | 5         
64    | 164,913.11      | 0          | 5         
65    | 164,374.87      | 0          | 5         
66    | 164,007.32      | 0          | 5         
67    | 163,887.41      | 0          | 5         
68    | 163,635.04      | 0          | 5         
69    | 163,604.86      | 0          | 5         
70    | 163,400.75      | 0          | 5         
71    | 163,141.27      | 0          | 5         
72    | 162,693.74      | 0          | 5         
73    | 162,535.41      | 0          | 5         
74    | 162,343.37      | 0          | 5         
75    | 162,118.82      | 0          | 5         
76    | 161,999.32      | 0          | 5         
77    | 161,917.64      | 0          | 5         
78    | 161,684.89      | 0          | 5         
79    | 161,569.77      | 0          | 5         
80    | 161,234.33      | 0          | 5         
81    | 160,382.29      | 0          | 5         
82    | 160,265.05      | 0          | 5         
83    | 160,035.33      | 0          | 5         
84    | 159,830.09      | 0          | 5         
85    | 159,079.73      | 0          | 5         
86    | 158,595.28      | 0          | 5         
87    | 158,385.00      | 0          | 5         
88    | 158,179.07      | 0          | 5         
89    | 158,005.10      | 0          | 5         
90    | 157,902.69      | 0          | 5         
91    | 157,902.69      | 0          | 5         
92    | 157,856.47      | 0          | 5         
93    | 157,846.26      | 0          | 5         
94    | 157,846.26      | 0          | 5         
95    | 157,846.26      | 0          | 5         
96    | 157,796.98      | 0          | 5         
97    | 157,796.98      | 0          | 5         
98    | 157,751.15      | 0          | 5         
99    | 157,741.53      | 0          | 5         
100   | 157,741.53      | 0          | 5         
101   | 157,656.14      | 0          | 5         
102   | 157,654.72      | 0          | 5         
103   | 157,600.67      | 0          | 5         
104   | 157,538.52      | 0          | 5         
105   | 157,537.69      | 0          | 5         
106   | 157,532.86      | 0          | 5         
107   | 157,271.27      | 0          | 5         
108   | 156,815.85      | 0          | 5         
109   | 156,607.98      | 0          | 5         
110   | 156,204.82      | 0          | 5         
111   | 156,153.32      | 0          | 5         
112   | 156,039.01      | 0          | 5         
113   | 156,018.20      | 0          | 5         
114   | 156,018.20      | 0          | 5         
115   | 156,018.20      | 0          | 5         
116   | 156,018.20      | 0          | 5         
117   | 155,997.01      | 0          | 5         
118   | 155,943.02      | 0          | 5         
119   | 155,943.02      | 0          | 5         
120   | 155,943.02      | 0          | 5         
121   | 155,943.02      | 0          | 5         
122   | 155,939.55      | 0          | 5         
123   | 155,939.55      | 0          | 5         
124   | 155,908.31      | 0          | 5         
125   | 155,908.31      | 0          | 5         
126   | 155,908.31      | 0          | 5         
127   | 155,908.01      | 0          | 5         
128   | 155,908.01      | 0          | 5         
129   | 155,877.41      | 0          | 5         
130   | 155,671.81      | 0          | 5         
131   | 155,671.81      | 0          | 5         
132   | 155,671.81      | 0          | 5         
133   | 155,670.34      | 0          | 5         
134   | 155,663.75      | 0          | 5         
135   | 155,662.37      | 0          | 5         
136   | 155,662.37      | 0          | 5         
137   | 155,621.08      | 0          | 5         
138   | 155,621.08      | 0          | 5         
139   | 155,574.21      | 0          | 4         
140   | 155,574.21      | 0          | 4         
141   | 155,574.21      | 0          | 4         
142   | 155,458.65      | 0          | 5         
143   | 155,458.65      | 0          | 5         
144   | 155,458.65      | 0          | 5         
145   | 155,165.25      | 0          | 5         
146   | 154,904.80      | 0          | 5         
147   | 154,904.80      | 0          | 5         
148   | 154,876.39      | 0          | 4         
149   | 154,876.39      | 0          | 5         
150   | 154,876.39      | 0          | 5         
151   | 154,876.39      | 0          | 5         
152   | 154,876.39      | 0          | 5         
153   | 154,876.39      | 0          | 5         
154   | 154,876.39      | 0          | 5         
155   | 154,876.39      | 0          | 5         
156   | 154,876.39      | 0          | 5         
157   | 154,701.54      | 0          | 5         
158   | 154,701.54      | 0          | 5         
159   | 154,701.54      | 0          | 5         
160   | 154,701.54      | 0          | 5         
161   | 154,701.54      | 0          | 5         
162   | 154,701.54      | 0          | 5         
163   | 154,701.54      | 0          | 5         
164   | 154,311.30      | 0          | 5         
165   | 154,311.30      | 0          | 5         
166   | 154,311.30      | 0          | 5         
167   | 154,311.30      | 0          | 4         
168   | 154,311.30      | 0          | 4         
169   | 154,311.30      | 0          | 5         
170   | 154,311.30      | 0          | 5         
171   | 154,311.30      | 0          | 4         
172   | 154,311.30      | 0          | 4         
173   | 154,311.30      | 0          | 4         
174   | 154,311.30      | 0          | 4         
